20010101
1.74
1.86
1.29
2.28
2.95
5
2.56
2.86
3.7
1.52
1.9
2.49
2.3
1.97
1.37
0.84
1.43
0.81
1.22
1.41
1.01
1.87
1.84
2.52
1.53
1.53
3.02
1.07
2.77
6.14
6.84
6.18
2.05
1.87
2.38
3.4
2.81
5.07
5.85
3.29
4.5
2.31
1.82
2.76
3.8
1.2
0.85
2.49
3.37
4.09
2.81
2.34
3.18
2.26
1.83
1.52
2.63
1.9
3.03
1.26
1.98
3.33
4.13
3.16
2.14
2.19
4.47
3.69
2.2
2.09
2.93
3.14
1.66
2.16
2.6
4.94
2.38
2.8
2.26
1.81
1.39
2.18
1.95
3.27
3.33
3.58
1.58
2.66
2.9
2.72
1.69
1.78
1.86
2.82
3.41
1.59
2.9
2.18
5.26
1.98
1.87
4.46
4.6
4.28
2.62
1.75
3.1
2.39
2.55
1.63
2.81
3.25
2.75
2.4
2.63
2.5
1.83
1.56
2.09
1.83
2.31
1.83
1.65
1.74
1.43
4
4.96
3.61
2.28
1.77
2.94
4.71
1.98
2.9
3.4
3.02
4.51
3.19
1.76
1.02
1.08
1.88
1.78
1.5
1.74
3.07
1.28
1.48
1.93
2.07
1.93
3.55
2.45
2.82
4.16
2.08
1.96
1.5
2.92
1.97
2.58
2.69
1.61
1.7
1.63
1.66
2.53
2.07
3.5
7.37
7.09
3.07
1.56
1.89
1.66
1.97
1.59
1.49
1.88
2.05
2.01
1.83
3.71
2.96
0.91
0.91
1.88
3.75
1.64
1.29
1.74
2.2
1.84
1.58
1.81
2.26
2.49
1.65
1.59
2.44
2.22
1.79
3.31
2.77
1.88
2.04
2.07
1.76
1.38
1.71
1.98
1.31
2.05
1.9
2.49
2.53
3.47
1.14
1.31
2.75
1.43
3.77
2.29
2.71
1.18
1
1.51
1.73
1.54
1.29
1.41
1.84
2.28
2.26
2.37
1.74
0.97
1.05
1.78
2.96
2.36
1.57
1.27
1.1
1.68
1.47
1.87
4.22
4.22
1.95
1.39
2.84
1.45
1.14
1.57
2.75
3.64
1.99
1.57
2.44
1.74
2.06
2.69
1.32
1.2
1.22
2.45
1.76
1.83
0.97
1.18
1.24
0.81
1.19
2.44
2.22
1.76
1.13
0.83
2.34
3.05
1.36
0.91
0.87
0.76
0.6
0.73
0.89
0.71
0.58
0.99
0.5
1.46
3.02
1.26
0.97
0.92
0.82
1.14
1.01
0.8
0.45
0.99
2.43
2.46
3.32
0.96
1.48
0.87
0.87
1.37
2.55
2.89
3.4
1.41
0.96
3.42
6.12
1.89
1.8
1.35
1.15
1.73
2.67
1.09
2.28
3.27
2.79
2.97
1
1.36
0.98
1.35
2.24
1.22
0.71
0.69
1.2
1.25
1.79
3.76
2.8
1.85
0.86
0.95
1.6
4.55
2.02
1.38
3.91
2.58
1.64
0.89
1.73
2.03
1.35
1.73
1.52
1.84
1.58
2.73
2.12
4.15
2.79
1.71
1.63
2.77
5.46
1.13
1
1.04
1.23
1
1
0.7
1.09
1.05
0.83
1.22
1
0.69
0.84
0.49
1.4
1.34
1.58
2.13
3.42
4.62
1.67
1.71
3.52
1.55
1.91
1.4
2.93
1.27
1.77
2.56
1.58
1.38
3.61
1.47
1.18
1.86
1.99
2.41
2.02
2.44
3.08
2.2
1.31
1.17
1
2.07
3.75
4.32
3.8
2.27
2.48
2.8
4.33
4.15
2.22
1.84
1.67
1.71
1.57
2.68
3.37
4.56
2.52
2.16
2.16
1.53
2.46
1.8
3.34
2.7
1.88
2.13
1.81
1.76
2.24
2.24
2.53
5.23
6.65
7.87
5.67
4.78
3.2
1.35
1.3
1.53
1.32
2.04
2.8
2.61
3.95
3.79
2.04
1.45
2.24
2.67
1.12
1.75
1.95
1.93
1.83
1.87
2.89
2.79
1.86
2.78
4.14
3.61
2.91
3.07
2.37
2.18
1.68
3.32
3.26
2.1
3.95
4.05
2.38
2.71
2
1.34
1.73
2.93
1.65
3.05
3.13
1.86
1.42
2.11
2.02
1.24
2.79
1.97
2.59
2.97
1.41
2.79
4.89
2.43
1.87
2.04
1.58
2.12
3.43
3.56
1.66
2.37
3.23
2.08
1.26
3.07
3.07
5.51
1.98
1.4
3.37
3.72
1.44
2.46
1.59
1.53
2.07
1.45
1.4
1.86
1.95
1.47
1.83
2.38
3.2
2.63
1.83
2.9
1.78
1.76
1.89
2.61
3.93
2.22
2.07
1.4
2.14
2.28
1.39
1.74
1.83
3.58
2.68
1.78
2.98
1.54
1.89
1.77
1.33
1.41
1.28
2.14
1.64
1.73
1.73
2.27
2.7
2.87
1.81
1.78
1.48
1.43
1.18
1.67
1.15
1.41
1.35
1.4
1.63
1.45
1.39
2.36
2.46
3.52
2.41
1.23
2.63
3.1
2.78
1.52
1.16
1.31
1.56
1.35
0.96
1.08
1.01
1.3
1.37
1.2
1.66
1.31
1.13
1.92
3.66
1.13
1.1
1.16
1.97
1.48
0.93
1.4
1.43
2.42
3.44
1.41
1.43
2.13
2.04
1.1
1.15
0.96
1.13
1.58
1.33
2.11
3.74
2.16
1.35
1.46
3.55
3.7
1.92
1.04
0.72
0.99
0.84
1.27
1.13
2.17
1.55
0.63
0.9
1.77
2.34
1.1
1.45
0.92
2.8
4.65
1.96
1.09
1.58
3.01
3.1
3.34
1.37
2.61
2.37
2.59
2.85
1.22
1.81
1.26
0.91
1.22
1.95
1.21
4.05
2.71
0.97
0.87
2.32
1.83
2.98
2.08
2.97
4.4
5.48
5.14
3.51
1.28
4
1.61
3.22
2.09
1.42
2.91
2.03
1.63
0.7
1.28
1.82
1.27
0.79
1.93
1.82
3.12
3.56
3.63
3.24
2.49
2.4
1.41
1.34
2.09
1.36
1.12
1.72
0.93
1.08
2.54
2.09
1.71
1.06
1.08
2.03
2.12
1.5
2.24
2.18
2.08
1.36
2.33
2.96
2.26
2.83
1.51
1.57
4.52
1.96
4.49
1.45
1.79
1.85
3.34
1.31
1.67
1.37
1.12
0.96
1.41
1.1
0.94
1.15
2.09
0.99
1
2.42
2.9
1.41
1.59
1.62
2.41
1.47
3.43
4.56
1.4
3.12
3.57
6.22
4.97
2.31
1.24
1.94
0.82
3.2
2.58
1.61
1.44
3.47
2.99
2.17
3.18
3.03
2.12
1.02
1.34
1.43
0.76
1.64
2.4
3.25
1.13
1.21
1.28
2.15
1.7
1.13
2.43
1.04
0.98
1.59
1.61
2.12
2.93
5.18
5.12
4.46
4.68
2.08
4.53
2.36
3.47
4.43
1.81
1.16
1.18
1.41
1.51
1.78
1.3
1.25
1.14
3.02
2.31
3.99
3.64
4.06
3.71
5.7
5.88
4.61
2.25
3.37
1.53
1.24
3.66
1.86
1.71
2.09
2.43
4.06
2.5
2.7
2.25
1.91
2.03
3.39
1.7
4.33
2.43
3.18
3.21
3.9
2.53
2.54
2.81
1.85
2.31
2.39
1.64
1.35
2.45
1.73
1.9
1.91
2.75
3.79
2.78
1.41
2.15
1.51
3.05
2.92
3.72
5.14
2.88
1.73
1.3
2.37
2.97
3.29
2.93
1.36
1.61
1.9
1.2
1.11
1.43
2.18
1.58
1.93
1.67
2.31
1.35
1.78
1.39
2.39
1.88
1.79
1.88
1.49
1.42
2.88
2.07
1.95
1.45
1.9
2.41
1.97
1.79
1.63
1.18
1.55
2.7
3.53
1.72
1.55
1.37
1.62
1.47
2.09
2.15
1.8
1.56
2.11
1.53
2.04
1.78
1.47
2.02
2.26
3.07
3.15
1.39
2.08
1.78
2.1
1.4
1.52
1.08
2.36
3.24
3.17
2.92
2.4
2.74
1.92
1.05
1.13
1.75
1.64
1.97
1.14
2.14
1.45
2.72
1.26
1.78
1.8
2.14
1.69
1.57
1.92
1.53
1.08
1.39
1.31
1.6
1.93
2.08
1.21
1.97
2.21
3.76
1.92
1.97
1.35
1.97
2.49
1.18
1.33
1.51
2.14
1.61
1.9
2.89
1.61
3.07
4.21
3.56
1.86
0.98
0.98
0.91
1.34
1.62
1.56
2.51
3.85
3.67
2.07
1.19
1.66
3
2.09
1.43
2.17
1.53
1.28
1.39
3.42
2.15
2.34
2.33
2.75
1.49
1.31
1.81
1.06
1.94
1.33
2.2
1.61
1.29
1.58
2.54
2.01
1.22
2.12
2.11
1.46
1.45
1.28
1.55
2.71
1.21
3.82
3.85
2.5
1.75
0.95
1.81
1.81
2.51
1.49
1.12
1.73
1.43
1.28
1.16
1.12
0.92
1.29
2.68
1.18
1.5
1.13
0.93
2.6
5.25
3.93
2.52
1.48
2.58
2.06
2
1.48
2.9
2.26
1.78
2.01
1.43
3.28
3.77
1.36
1.02
0.89
1.55
1.1
1.84
1.8
2.21
3.35
2.15
0.92
1.14
1.15
3.99
1.79
6.36
3.94
1.22
1.43
1.78
3.06
1.88
0.8
2.59
3.01
3.86
4.02
1.27
2.88
1.79
1.52
1.51
2.22
1.11
2.15
2.33
2.98
2.2
1.56
3.59
3.32
1.36
2.1
2.38
3.86
4.31
2.45
1.88
0.76
2.2
2.04
1.77
1.01
2
2.88
1.82
1.59
1.18
1.36
1.74
1.51
2.89
2.68
3.89
2.48
3.13
5.02
1.59
1.25
2.31
2.36
1.39
1.36
3.11
2.09
2.15
2.46
2.98
3.97
3.01
1.39
2.17
2.73
3.73
3.93
1.5
1.89
3.1
2.94
2.31
1.66
4.6
4.32
1.44
1.86
1.57
2.99
2.28
0.94
1.18
1.04
1.92
2.05
2.46
4.87
2.01
3.01
2.93
2.46
3.62
2.68
1.18
1.12
1.3
1.89
1.6
2.1
1.64
1.86
1.86
2.55
1.57
1.96
1.4
0.72
2.23
3.52
3.69
3.35
1.88
3.28
1.58
1.96
2.89
3.13
1.3
1.17
1.74
3.69
4.54
2.59
1.63
2.03
3.44
1.91
1.56
1.58
2.54
2
2.82
2.66
1.87
1.35
2.27
1.18
1.24
1.28
3.8
4.63
1.44
3.78
2.03
1.27
1.15
1.66
1.97
3.04
1.83
1.76
1.43
2.67
2.67
2.85
2.86
2.15
1.06
1.5
1.6
1.94
1.98
0.98
2.68
2.04
1.07
1.86
1.37
1.58
1.78
2.4
2.62
1.43
2.3
1.72
1.92
1.82
2.46
1.27
1.86
2.11
1.55
2.43
1.37
1.59
1.26
1.61
1.6
2.69
1.27
1.45
1.69
1.8
2.26
1.64
2.62
2.51
2.3
1.27
1.15
2.07
1.24
0.79
1.36
1.62
1.53
1.79
2.01
1.24
1.34
1.36
1.74
3.03
1.79
3.32
2.86
3.12
2.07
2.08
1.17
1.17
1.16
1
1.03
1.24
0.99
1.09
1.34
1
1.66
1.93
1.55
1.95
1.72
1.87
2.54
4.2
2.3
2.45
2
2.57
1.48
2.58
1.44
2
2.07
1.35
1.9
1.52
2.4
0.77
0.68
1.04
1.52
1.73
1.28
0.81
2.38
3.2
1.65
2.29
2.22
1.77
2.12
2.25
2.5
1.85
1.28
1.19
1.7
1.42
2.01
2.08
1.96
2.53
2.7
2
1.14
1.81
1.55
0.74
1
0.67
1.67
1.42
1.51
0.56
1.19
1.74
1.85
1.89
1.6
1.57
0.93
1.99
1.66
1.62
1.52
1.31
1.2
0.87
1.01
0.83
1.27
1.11
1.46
1.4
3.14
3.68
2.52
1.66
0.97
0.51
0.94
1.37
0.78
1.85
1.12
4.57
2.53
2.13
1.42
1.19
3.42
7.16
4.56
1.62
1.76
1.57
3.77
2.27
1.91
1.35
2.81
2.99
1.81
1.03
0.91
2.06
1.67
1.51
1.11
2.28
1.4
0.89
1.06
1.24
1.2
1.46
0.76
1.11
1.94
0.93
0.58
0.81
1.57
1.63
1.05
1.23
2.2
3.4
0.93
0.82
1.69
1.54
4.13
2.22
1.38
0.88
3.22
2.57
1.23
0.83
1.55
1.6
1.68
1.1
1.79
2.14
1.46
0.97
1.53
0.88
0.91
0.76
1.31
2.82
1.25
2
2.23
1.09
2.78
3.15
2.32
1.3
1.19
4.93
7.72
4.67
1.66
4.19
3.58
1.87
3.02
1.99
1.11
2.22
1.43
0.82
0.84
0.98
0.93
1.61
1.08
2.41
2.41
1.85
5.64
3.5
5.98
3.37
0.99
1.27
2.25
1.88
1.92
2.56
2.14
1.49
5.67
3.82
1.47
1.5
1.84
1.81
2.08
2.53
1.34
1.38
1.62
3.9
2.35
3.23
1.9
2.29
1.37
1.49
1.76
2.02
3.44
1.83
1.12
1.89
1.55
1.58
1.82
1.84
2.28
3.49
1.26
1.43
2.47
2.56
1.28
1.63
2.28
2.51
2.09
4.64
6.08
2.82
5.44
3.65
2.08
1.88
2.18
2.29
3.2
1.62
2.16
2.29
1.99
5.44
2.23
2.49
3.54
4.64
2.9
2.33
2.16
2.4
1.13
1.86
1.38
2.19
1.85
1.76
3.36
2.09
2.46
1.85
1.71
2.48
1.28
2.01
3.07
1.41
1.78
2.65
3.26
5.17
2.37
1.66
2.43
2.22
3.38
3.78
1.43
1.59
1.45
1.38
2.47
3.79
2.03
1.47
2.46
2.31
1.91
1.42
2.91
5.5
6.39
4.2
1.82
1.96
3.14
3.15
1.65
2.22
2
2.07
3.6
2.05
1.86
1.56
2.48
1.81
2.15
1.74
1.17
1.75
1.57
1.6
1.76
3.12
2.69
1.81
1.9
1.59
1.2
2.47
1.52
1.04
2.1
3.31
2.49
1.86
1.09
1.88
1.53
2.25
1.8
1.57
1.61
1.43
1.34
1.31
2.18
1.47
1.06
1.76
1.9
1.36
3.14
1.55
1.3
1.89
3.65
4.42
1.31
1.65
1.89
2.16
1.84
1.34
1.28
1.63
1.47
1.98
1.74
3.31
1.72
1.01
1.04
1.76
1.53
0.83
0.96
1.45
1.9
1.15
1
0.79
0.83
0.75
0.76
1
1.26
1.03
0.84
1.26
2.23
2.35
2.38
1.8
1.47
1.94
1.39
1.66
0.92
2.35
3.58
3.32
2.09
3.05
2.27
1.19
0.71
0.53
0.76
0.92
1.13
0.91
1.07
2.87
1.59
0.99
1.49
1.75
2.17
1.47
1.61
1.56
0.97
0.86
0.64
0.71
0.59
0.78
0.69
2.6
2.7
1.36
1.16
1.47
2.5
1.89
2.04
1.32
2.11
1.15
0.76
1.13
1.54
1.55
1.46
1.19
0.75
1.41
1.78
0.99
1.63
0.74
0.87
1.21
0.87
1.86
1.85
1.3
1.83
2.54
1.4
1.48
1.04
2.35
1.21
1.87
3.09
4.03
2.73
2.16
0.9
1.64
1.04
1.34
1.98
1.45
1.56
2.67
2.39
2.01
2.8
0.85
1.18
2.21
3.41
1.53
0.72
0.69
1.04
1.7
3.09
2.02
2.11
1.79
1.23
2.5
1.12
0.94
0.84
1.19
0.64
1.92
1.72
1.95
2.56
2.31
1.5
2.38
1.02
3.13
2.13
0.61
0.87
1.09
0.74
0.67
0.67
0.82
1.03
0.85
1.25
1.72
1.22
1.76
2.35
0.89
1.06
4.35
4.38
1.09
2.13
1.09
0.81
0.96
1
0.79
1.19
0.97
0.79
0.87
1.28
3.02
2.6
2.3
1.6
1.34
0.99
3.68
2.21
1.12
0.96
2.35
2.9
1.66
2.57
2.9
3.67
1.8
3.15
2.38
3.98
3.08
2.74
2.62
1.25
2.14
1.48
3.77
3.79
3.28
2.25
3.13
2.49
4.01
1.48
1.36
5.27
8.27
4.73
2.41
0.97
2.19
1.37
1.9
1.21
2.66
3.25
5.92
2.75
1.41
1.48
2.78
3.42
2.85
2.75
2.04
1.8
2.36
2.06
1.96
3.01
4.6
2.16
2.41
3.53
3.7
5.67
5.65
2.9
2.08
2.42
2.18
1.27
2.05
3.7
1.92
1.68
1.55
2.2
1.51
1.85
1.57
2.02
2.33
3.65
3.57
1.5
1.67
1.47
2.22
1.46
2.73
2.11
1.68
1.42
3.51
2.74
1.87
2.29
1.75
1.71
1.88
2.17
2.54
1.69
1.98
1.83
3.55
3.33
2.17
1.69
1.33
1.9
1.89
1.93
1.58
2.12
1.93
5.66
4.5
3.88
1.69
1.54
3.36
2.73
2.04
2.22
1.93
1.4
1.8
1.88
1.14
1.4
1.38
1.4
1.59
1.71
1.45
2.32
2.57
1.28
2.26
2.37
2.02
1.48
2.44
1.87
4.24
3.11
1.45
1.27
1.65
1.82
1.35
2.1
1.26
1.93
1.23
1.68
1.44
2.39
4.19
3.34
2.56
1.19
1.23
1.57
1.18
1.23
1.58
1.47
1.35
1.16
1.29
1.37
2.24
1.3
1.2
1.58
1.2
1.72
1.69
1.53
1.42
1.86
2.02
2
1.57
1.42
1.69
1.34
1.71
1.76
2.31
3
3.88
1.44
2.09
1.34
1.42
1.6
1.91
1.28
1.26
1.36
1.5
1.98
1.75
2.7
1.35
1.49
1.38
1.3
1.4
1.14
1.94
3.14
1.28
1.24
1.23
1.5
1.27
2.12
1.83
1.74
1.5
1.21
1.31
2.09
0.87
1.22
1.07
1.32
1.68
2.06
2.13
1.19
1.11
0.96
1.03
1.21
5.13
1.85
1.21
1.23
1.3
2.24
1.14
1.03
0.98
0.75
0.96
0.93
1.31
2.4
1.38
1.83
2.61
3.53
1.97
1.04
4.21
3.23
1.17
1.47
1.01
0.9
1.64
3.16
1.98
1.4
3.56
2.08
1.39
2.65
1.45
1.14
0.85
1.58
3.01
2
1.67
1.99
1.64
1.15
3.57
2.34
2.79
1.15
0.97
2.3
2.88
2.24
2.35
4.67
1.01
0.69
1.02
1.13
1.54
1.28
2.17
0.86
1.06
1.48
4.3
2.25
4.21
3.17
1.27
1
1.39
1.6
2
1.17
1.01
0.92
3.37
4.52
2.15
2.62
0.94
1.07
1.14
3.29
2.07
1.12
1.18
0.85
1.66
1.17
2.71
1.65
2.1
2.1
1.49
1.39
1.98
1.73
1.23
2.41
2.63
3.24
2.02
1.39
1.77
1.21
1.47
4.75
3.02
1.37
1.55
1.62
1.71
2.62
1.08
1.07
1.48
2.04
2.79
1.82
1.88
3.91
1.93
4.45
3.52
2.17
1.91
1.43
4.55
1.77
1.5
1.41
2.71
2.54
2.34
1.77
4.19
2.13
2.58
1.59
1.77
1.28
1.08
1.33
3.22
2.47
1.65
1.71
2.16
3.61
1.85
2
2.84
1.93
2.74
2.9
2.16
3.55
4.36
4.19
1.02
1.01
3.13
2.66
1.16
1.84
4.11
3.14
2.08
1.23
1.73
4.58
3.05
2.8
2.92
2.18
2.83
1.54
1.65
1.81
1.71
1.4
2.04
4.2
2.25
1.82
1.94
2.28
1.75
2.02
1.96
1.18
1.39
1.45
2.1
2.06
1.93
3.16
1.69
1.75
2.39
1.61
2.03
1.98
2.7
1.5
1.42
1.54
3.04
2.75
2.75
1.96
2.21
2.37
1.26
1.54
1.49
1.83
1.29
1.5
3.06
1.55
2.1
4.12
2.47
1.55
2.14
5.08
2.28
1.59
1.37
2.36
3.29
2.36
1.56
2.45
3.8
2.16
2.87
1.47
1.08
1.89
1.81
1.79
1.54
2.28
1.87
1.24
1.61
1.12
1.46
1.25
1.73
1.11
1.94
4.23
2
1.79
2.64
1.28
1.71
2.83
3.19
1.84
1.8
2.78
2.97
1.76
1.49
1.66
1.65
2.31
3.1
2.01
2.24
2.33
1.94
1.49
1.37
2.5
1.87
1.41
1.37
1.29
1.26
1.84
2.83
1.61
1.33
1.67
1.5
1.81
3.48
2.52
2.65
1.57
1.36
1.85
1.76
1.15
1.91
1.27
1.43
1.83
2.24
3.5
2.89
1.05
1.45
1.7
1.54
2.2
1.57
1.1
1.19
1.27
1.53
2.9
3.48
1.9
1.05
1.73
2.33
2.01
2.12
1.06
1.6
1.43
1.36
2.17
1.18
2.32
1.13
1.73
1.18
2.07
2.94
5.03
2.48
2.46
2.7
1.78
2.08
2.47
1.9
1.43
1.65
1.26
1.73
2.03
2.87
2.37
1.12
1.01
1.38
1.1
1.42
1.36
2.37
1.98
3.11
3.14
1.18
0.95
1.06
0.96
0.79
0.89
2.16
1.83
0.92
1.18
0.92
1.95
0.7
2.78
1.55
1.85
0.69
0.91
1.47
2.97
2.71
3.09
5.71
4.4
1.86
1.17
1.25
1.41
1.5
1.43
0.99
3.22
3.02
1.12
0.92
2.49
2.85
1.17
2.1
1.19
2.23
2.32
2.58
2.24
2.01
1.82
5.74
3.63
3.52
3.11
1.22
2.58
2.96
3.6
4.45
2.06
1.15
1.97
1.58
1.18
1.55
1.1
1.48
1.9
3.55
1.35
1.27
1.15
2.1
1.87
1.61
0.79
1.64
4.71
6.16
5.49
3.73
2.7
2.02
0.62
1.21
1.16
1.15
1.22
0.31
0.52
0.73
0.35
0.45
1.47
1.49
0.63
0.66
1.4
0.78
1.94
2.63
1.87
1.32
1.31
1.27
1.1
1.17
1.99
3.2
2.08
1.93
3.61
4.18
1.35
1.01
1.47
1.36
1.11
2.78
3.19
1.99
1.49
1.35
3.8
3.46
1.05
1.9
1.46
4.65
3.83
1.57
3.05
1.9
1.73
4.1
3.78
1.6
1.92
0.86
1.12
1.13
2.48
3.83
5.47
2.1
1.46
1.49
1.91
1.51
1.97
1.65
2.25
1.58
2.1
2.21
2.19
1.79
5.67
3.41
1.97
2.88
4.7
2.56
1.29
1.49
1.79
4.44
2.34
2.72
2.93
2.14
2.12
3.71
2.69
2.14
1.57
1.53
4.99
2.15
1.52
2.52
2.28
2.56
1.29
2.33
1.31
2.43
2.01
2.93
2.03
3.62
5.31
2.78
2.57
3.36
1.65
3.61
5.23
5.56
2.91
1.65
2.25
3.38
2.64
2.35
2.83
4.06
1.79
2.7
2.69
4.01
2.3
1.6
3.82
2.11
2.23
3
3.3
2.4
1.68
2.96
2.69
2.7
2.77
1.88
2.11
1.67
1.85
1.67
1.13
1.19
1.52
2.33
2.25
4.16
2.53
2.88
3.17
1.89
1.78
1.34
1.44
1.63
1.61
1.64
2.54
2.14
1.62
2.26
1.59
1.77
1.69
1.19
2.14
2.16
2.45
1.69
1.25
1.56
1.71
2.28
2.6
2.29
1.64
2.99
1.38
1.78
1.39
1.18
1.3
2.28
2.14
1.92
2.1
2.25
1.94
1.63
1.74
1.79
1.34
1.39
2.62
1.82
1.47
2.44
3.02
1.63
1.65
1.22
2.5
2.19
2.1
2.98
2.61
1.4
2.29
1.01
2.02
1.93
1.32
2.2
5.5
4.42
2.1
2.77
1.99
1.17
1.02
1.06
0.99
1.35
1.51
1.15
2.27
1.32
1.05
1.49
1.65
1.94
1.39
1.94
3.89
2.79
1.53
2.38
2.22
0.94
1.15
1.79
2.54
1.15
1.4
2.63
1.25
1.19
0.79
0.91
1.02
1.74
2
1.4
1.35
1.1
1.9
3.54
4.17
4.74
2.39
2.06
1.14
1.57
1.16
1.72
3.17
1.5
3.29
4.98
4.1
1.71
2.74
5.62
3.17
1.52
1.22
1.63
2.57
4.24
2.12
0.87
1.67
1.99
2.52
1.86
2.08
1.71
1.34
1.16
0.86
0.9
0.79
1.02
0.83
0.53
0.76
0.7
0.7
2.34
1.76
1.45
0.5
0.79
0.89
1.04
2.56
0.77
1.11
0.84
1.4
2.04
3.39
4.65
2.84
1.89
1.13
2.09
1.19
1.81
0.92
0.83
1.12
1.39
1.26
1.72
0.75
2.07
1.46
0.75
0.65
2.52
1.02
0.89
1.97
1.65
1.89
2.21
3.28
1.4
1.29
2.11
1.78
2.06
2.96
3.23
1.26
1.63
1.38
3.76
1.2
1.45
1.18
1.54
2.7
1.43
3.48
2.11
1.62
1.3
0.84
1.05
3.62
1.71
1.76
2.16
1.38
1.62
1.51
2.5
2.49
2.1
1.57
0.76
1.61
2.85
1.15
1.09
1.18
1.19
0.88
0.6
1.05
1.61
1.41
0.99
1.58
1.82
1.22
1.01
0.85
1.17
1.26
1.92
2.82
3.75
1.97
1.23
2.24
0.68
1.7
0.67
2.92
3.49
4.81
3.71
1.97
1.26
1.16
0.8
0.62
1.99
3.33
2.5
3.11
3.63
3.35
2.6
3.86
4.62
5.95
5
1.74
3.11
6.74
4.83
1.57
1.71
1.67
1.62
2.34
2.11
1.47
1.7
1.6
1.74
0.84
0.44
2.93
2.73
1.97
3.89
2.75
2.25
2.27
3.53
2.43
2.87
1.45
1.45
3.2
1.47
5.51
2.13
4.77
5.19
2.31
2.53
2.61
3.25
1.68
3.64
5.51
2.49
2.88
2.13
1.37
2.55
1.55
1.22
1.51
1.43
1.68
2.19
1.41
2.15
2.43
2.27
2.13
1.72
1.59
3.55
3.41
2.18
1.7
1.39
2.66
2.4
2.37
1.69
2.04
3.44
3.33
2.39
1.97
3.3
3.78
3.59
1.84
2.54
3.22
1.8
1.66
1.97
1.79
1.42
2.01
2.7
1.27
1.88
1.39
2.44
1.28
1.83
2.89
2
2.07
1.8
1.45
1.27
1.27
2
2.39
2.47
2.55
1.64
1.75
1.78
2.5
2.56
1.58
1.54
3.51
2.03
1.53
3.54
2.12
2
2.25
1.84
1.71
1.92
2.2
1.36
2.24
2.98
3.7
3.91
4.5
2.78
1.5
1.84
1.88
1.63
1.98
1.85
2.33
1.97
1.55
1.5
1.71
1.25
1.56
1.47
1.41
1.46
1.12
1.35
1.18
1.33
1.89
1.6
1.98
1.51
2.17
1.39
1.66
2.03
2.88
3.51
1.86
2.19
1.03
2.18
1.94
1.39
1.5
2.36
1.31
2.65
2.27
2.88
3.41
3.26
1.91
1.27
1.53
1.98
1.32
1.05
1.45
1.33
1.62
1.74
1.18
1.48
1
1.14
1.57
2.53
3.31
1.14
1.51
1.1
1.37
1.06
2.78
1.45
0.94
1.62
1.44
2.91
2.47
1.51
2.39
1.43
1.73
1.84
2.01
2.81
3.72
2
1.62
0.92
1.04
1.55
1.37
1.09
1
0.9
0.82
1.06
0.97
2.81
1.18
0.91
0.94
1.28
1.26
1.13
1.13
1.07
1.75
1.6
2.07
1.29
1.6
1.83
0.99
1.24
2.64
5.43
3.41
2.34
1.46
1.28
1.56
2.59
1.58
2.99
3.36
2.4
2.77
1
0.76
1.15
0.9
0.78
2.21
0.69
0.8
1.45
1.9
2.51
1.75
2.27
2
1.72
1.4
3.04
1.55
1.04
1.24
3.02
1.2
0.97
1.74
1.27
1.23
1.28
0.99
1.55
1.78
1.26
1.77
2.05
2.23
1.59
4.17
3.87
2.31
1.09
1.21
0.99
1.1
1.46
1.01
1.79
3.8
1.95
1.81
3.76
2.43
1.96
2.68
2.37
0.97
1.16
2.1
1.17
2.65
3.7
3.92
2.88
4.1
1.38
1.36
1.42
1.17
1.78
1.04
1.6
3.39
2.05
1.66
1.4
1.01
0.79
1.8
1.24
0.72
1.47
1.16
1.15
1.19
0.88
1.2
1.34
0.98
0.93
1.18
2.32
1.97
1.32
1.17
1.81
1.61
1.32
1.86
2.35
2.3
2.97
1.39
1.53
2.92
1.83
3.05
3.22
4.39
1.75
2.14
3
3.89
3.26
3.42
2.14
2.02
1.4
1.7
1.93
1.69
2.37
2.04
4.7
3.12
1.25
1.52
3.31
2.35
6.26
1.9
2.33
1.76
2.39
5.17
2.31
3.45
3
3.54
3.1
1.67
1.24
1.91
2.32
3.35
2.74
1.85
1.52
3.09
4.27
3.38
1.02
1.11
1.33
2.99
5.13
1.8
1.96
2.79
4.7
2.41
2.59
2.16
2.79
4.43
5.34
5.19
1.66
1.27
2.2
3.46
3.24
2.99
0.97
1.52
1.66
1.71
3.04
1.55
1.66
1.63
2.36
2.35
1.55
1.68
1.54
1.81
2.24
2.5
2.15
1.99
2.25
3.12
2.36
1.36
2.26
3.42
2.05
1.65
1.44
3.35
2.45
2.05
1.05
1.94
5.46
3.81
2.89
3.15
1.94
2.6
3.43
4
2.99
1.98
2.2
2.43
2.33
1.08
2.2
1.83
2.33
3.57
1.71
1.9
2.28
1.77
2.07
1.76
1.77
3.37
4.24
4.46
3.23
2.49
2.39
1.7
2.92
1.5
2.09
1.85
3.64
5.99
6.37
5.11
2.83
1.57
2.01
3.56
2.39
2.34
2.43
1.58
1.15
1.32
1.13
1.65
2.13
3.06
1.44
1.18
1.12
1.24
1.36
1.55
1.44
1.3
1.65
1.39
3.9
2.86
0.98
1.39
1.52
1.69
2.19
2.44
2.15
1.94
1.57
1.77
1.6
1.82
1.13
1.54
2
2.15
1.38
1.89
1.17
1.14
1.07
0.91
1.47
1.25
1.65
1.27
2.03
1.59
1.67
1.42
1.01
1.13
0.99
1.31
2.24
1.52
1.44
1.88
2.59
1.75
1.26
1.47
2.33
4.18
1.09
0.97
1.26
1.91
1.34
1.49
1.81
1.43
2.9
2.73
1.09
1.55
2.4
2.01
1.47
1.13
1.03
1.88
1.09
1.08
0.82
1.35
1.81
1.61
1.68
1.08
1.09
1.31
1.04
0.81
1.19
1.98
2.82
2.23
1.48
0.82
1
0.67
0.81
0.76
0.75
0.75
0.8
1.17
0.82
1.87
2.58
2.07
1.26
1.32
1.47
1.79
3.45
3.66
4.04
1.81
1.24
1.9
3.7
3.31
2.16
1.01
1
1.49
1.52
0.87
2.66
2.4
3.2
3.1
2.02
3.05
2.56
4.46
3.7
1.94
1.69
2
1.25
0.99
1.36
1.77
1.24
1.79
1.27
1.72
1.84
1.83
1.3
1.25
1.9
1.76
1.62
1.2
2.65
4.41
3.52
3.85
3.21
2.08
1.85
1.89
4.38
1.91
1.27
1.91
2.4
2.09
2.56
2.59
2.19
2.68
2.24
1.56
3.15
3
1
1.72
1.01
1
0.77
1.18
1
0.92
1.47
1.82
2.93
4.2
3.54
3.37
1.51
1.07
1.1
1.37
1.01
1.31
1.16
0.96
0.91
1.43
4.02
4.36
4.18
1.95
1.6
1.9
1.02
1.79
2.07
0.9
1.01
0.94
1.44
1.09
1.42
1.87
1.5
1.23
1.42
1.39
1.14
1.59
1.95
2.92
1.45
1.39
2.01
1.53
1.54
2.31
2.62
2.54
3.39
2.3
3.75
2.95
4.49
2.12
1.55
1.09
1.03
2.04
0.86
1.11
1.44
4.06
3.73
1.93
1.98
1.6
1.43
4.19
5.17
3.97
2.76
1.62
3.93
2.52
4.92
5.49
2.84
1.29
3.18
1.73
1.58
2.49
1.43
0.93
1.39
1.58
1.32
1.22
1.48
1.76
2.94
3.45
1.22
2.09
3.01
5.03
3.82
2.75
3.49
4.24
3.69
3.43
1.96
1.44
1.29
1.42
1.53
2.1
1.75
2.5
2.57
2.48
2.72
1.98
1.32
1.5
1.17
1.85
1.59
3.48
4.04
2.37
1.51
2.11
2.81
2.56
1.25
1.9
1.46
2.13
2.55
2.87
4.51
1.97
1.12
1.42
1.19
1.69
1.21
2.38
1.2
3.47
2.11
2.54
2.71
1.3
1.38
1.79
2.13
4.62
2.91
1.45
1.54
2.54
1.91
2.57
1.69
2.9
2.72
2.62
1.63
1.6
1.21
1.77
1.94
3.78
2.31
1.87
1.92
2.4
2.43
1.58
2.72
1.36
1.86
3.59
3.29
3.27
2.71
1.73
1.52
1.09
1.88
1.06
1.81
2.71
2.04
1.73
2.19
1.29
2.22
3
2.83
1.24
2.99
2.77
1.43
1.87
2.08
1.62
1.29
2.14
1.44
0.77
0.99
1.42
2.57
1.35
1.2
1.35
1.56
1.21
2.12
1.14
1.79
3.38
2.07
1.74
2.41
1.56
1.17
1.15
1.5
1.78
1.71
0.97
1.85
1.62
1.32
1
1.38
1.77
1.41
1.33
1.71
3.16
2.11
0.91
2.5
1.26
1.67
1.17
1.26
1.96
2.91
1.57
1.34
1.19
1.31
1.39
1.43
1.44
1.38
2.2
1.3
0.97
1.14
2.16
4.26
3.15
2.03
0.86
1.15
0.8
1.32
0.64
0.94
2.16
1.68
1.66
0.88
1.57
0.92
0.95
1.24
1.82
2.41
1.62
3.15
1.19
1.17
1.4
2.19
2.72
1.72
1.1
1.17
1.53
3.62
2.23
1.9
0.86
0.42
0.83
2.09
1.4
0.62
1.01
0.38
0.64
0.73
1.46
1.68
2.37
4.19
4.41
1.56
1.04
1.04
0.97
1.53
1.91
0.67
0.97
1.13
0.83
0.69
1.12
0.73
0.85
1.03
1.61
0.76
0.49
0.71
1.4
1.35
1.64
0.73
1.53
0.78
1.21
1.2
0.79
1.87
3.27
1.97
1.96
2.93
2.4
1.8
1.08
1.82
2.06
2.71
2.1
3.91
2.18
1.31
2.84
1.91
1.02
1.4
1.17
1.28
1.81
1.09
1.27
1.37
1.25
1.6
1.49
1.14
3.4
1.73
1.99
3.58
3.9
2.04
1.42
1.94
2.78
0.93
2.1
2.67
2.92
2.59
1.76
1.52
1.43
2.36
1.77
2.44
2.31
1.55
1.64
4.59
3.11
1.02
1.36
1.57
1.1
1.36
2.62
3.07
4.04
6.49
4.49
4.67
5.52
1.97
1.13
3.33
3.29
2.3
1.26
1.16
3.73
4.81
1.59
1.67
2.68
3.23
1.23
1.06
1.9
1.74
2.2
3.43
3.77
1.35
5.43
1.69
2.3
2.95
1.47
1.45
2.49
2.2
1.67
2.89
1.57
3.26
3.76
3.67
2.42
2.1
1.69
3.88
6.14
3.08
1.48
1.09
1.08
1.46
1.89
2.66
4.18
2.17
2.93
2.94
1.59
3.58
4.38
2.72
3.8
4.23
2.17
2.26
2.28
5.58
2.62
3.61
4.88
1.73
1.36
3.23
2.59
3.25
5.48
1.17
3.12
3.27
1.69
2.84
2.39
3.84
2.69
4.16
1.48
2.36
2.67
2.29
1.36
1.7
1.91
2.02
4.05
3.85
1.75
1.42
1.99
1.37
1.7
3.8
4
3.76
1.52
4.51
5.3
1.62
1.64
2.33
1.2
1.65
2.68
3.81
3.4
1.64
1.79
1.63
1.51
1.52
1.33
1.73
1.72
4.13
2.7
3.09
1.96
2.38
2.8
2.28
1.77
1.26
2.28
2.08
1.38
1.53
2.54
1.27
1.56
1.08
2.05
1.96
2.67
2.51
1.65
1.72
1.33
1.28
1.65
1.6
1.86
1.72
2.35
1.97
1.64
1.57
1.51
1.65
2.07
2.29
1.65
2.05
1.59
1.64
2.21
1.71
1.77
1.57
1.51
2.84
2.2
2.46
3.61
3.4
1.85
1.04
1.25
1.28
1.87
1.61
2.21
1.21
1.2
1.17
1.97
1.21
1.55
3.1
2.15
1.86
1.48
1.88
2.02
1.62
1.43
1.47
1.24
1.45
1.74
1.32
0.99
1.68
1.65
1.66
1.51
1.73
1.71
3.15
2.26
1.68
1.29
1.48
2.91
2.86
1.72
2.83
2.82
1.66
4.12
1.38
1.28
1.18
1.31
1.47
2.4
4.37
3.99
1.61
1.62
1.15
1.35
2.96
3
1.69
2
1.95
4.27
2.88
5.1
2.99
1.49
1.5
2.44
1.06
1.74
1.05
1.86
1.77
1.59
2.09
1.5
1.37
1.06
1.22
0.97
0.79
2
2.95
1.96
1.76
2.61
1.19
1.05
0.69
0.79
0.89
0.53
0.6
0.74
2.66
4.06
2.29
1.99
2.19
1.65
1.75
3.93
4.26
3.03
1.12
1.63
1.83
1
2.62
2.05
1.47
2.14
0.99
1.14
1.18
1.94
1.16
1.24
1.03
0.69
0.79
0.69
1.58
1.28
2.31
4.98
2.81
3.23
2.18
1.17
1.84
2.47
2.08
0.94
1.12
2.05
5.12
2.65
1.07
1.91
1.58
1.74
3.08
2.98
1.03
1.37
1.61
2.57
1.96
1.32
1.4
2.25
1.73
4.27
1.99
3.02
3.29
1.66
1.49
1.72
2.01
1.08
1.61
1.38
3.74
2.1
2.23
1.05
1.34
1.17
1.92
1.72
1.52
1.47
0.91
2.65
2.82
3.72
1.2
1.18
2.2
1.25
0.75
3.54
5.37
1.7
1.57
0.88
1.49
1.64
2.06
2.18
4.16
5.18
2.5
2.26
2.1
2.79
2.83
3.8
3.09
3.05
2.3
5.51
2.99
0.81
1.28
1.8
1.03
2.16
1.94
2.84
3.1
2.05
1.99
1.49
2.73
3.67
1.53
1.33
2.66
1.31
1.77
3.24
4.35
4.57
3.11
1.48
1.14
1.48
1.27
2.11
7.99
8.16
2.68
4.36
3.26
2.36
2.27
5.04
4.16
2.36
2.47
3.06
3.6
1.89
2.44
1.46
1.28
3.5
1.48
3.07
4.66
1.57
1.58
2.84
4.02
2.39
2.56
1.88
3.62
5.34
1.35
1.63
1.83
2.27
1.46
1.66
2.61
3.65
1.98
2.23
1.88
1.98
1.43
3.58
4.99
4.37
3.94
2.84
1.95
1.99
1.84
1.49
2.42
1.57
1.99
1.56
1.85
2.09
2.58
3.24
3.19
1.51
3.11
2.65
2.12
4.96
3.1
2.85
3.12
1.7
4.77
2.17
1.59
2.03
1.58
3.17
2.73
2.13
1.66
1.63
1.49
1.46
1.59
2.26
1.74
2.31
1.47
3.13
3.53
2.52
3.92
1.86
2.32
1
1.13
1.59
1.57
1.37
2.36
2.91
1.81
1.42
2.57
1.84
2.47
2.49
1.79
1.93
2.75
1.25
1.87
2.05
2.12
3.69
4.18
2.94
2.4
1.32
1.19
1.91
1.19
1.2
1.38
1.5
2.07
1.29
1.06
1.05
2.3
1.83
1.22
1.38
1.47
1.46
1.26
1.72
2.22
3.3
2.46
1.65
1.52
1.84
1.29
2.05
1.35
1.76
2.32
1.9
3.42
3.07
1.41
1.57
2.31
1.21
1.5
1.07
1.33
1.5
1.8
4.67
3.89
1.76
1.08
1.28
0.9
1.33
1.21
2.19
2.63
1.47
0.99
1.39
1.81
2.91
0.95
0.97
1.51
1.72
2.23
1.5
1.58
2.02
1.29
1.59
1.55
1.72
1.16
2.34
1.83
1.99
1.68
2
1.57
1.33
1.15
1.3
1.62
1.32
0.64
1.65
2.63
1.59
1.98
1.12
1.68
1.36
0.46
1.06
0.77
0.67
2.18
2.06
1.14
1.73
0.96
1.23
2.37
1.4
1.22
1.9
2.83
1.82
1.62
4.62
1.61
1.67
0.96
1.66
3.35
1.7
2.08
0.96
1.13
3.34
3.02
2.48
1.9
1.42
1.53
2.15
2.85
1.7
7.4
2.01
2.29
1.95
2.13
0.74
1.26
2.56
1.55
1.4
1.53
1.97
3.5
3.54
7.89
6.33
4.94
1.6
1.52
1.08
1.25
2.17
1.37
1.27
1.99
2.23
2.2
1.2
1.63
1.95
1.56
0.74
0.65
0.86
2.16
1.37
1.78
1.2
1.82
1.5
1.28
1.27
1.19
4.93
6.24
2.95
2.21
2.98
1.91
1.72
0.89
1.75
3.98
2.2
2.02
2.55
1.65
1.37
0.89
1.54
1.35
1
1.14
0.95
1.88
1.29
3.04
4.16
2.66
1.71
1.65
2.29
1.42
1.46
2.59
4.49
1.13
1.63
0.79
1.31
1.47
2.04
2.04
1.53
0.99
1.75
2.37
1.14
4.57
2.93
2.63
2.62
1.52
3.08
2.88
1.46
4.87
3.37
1.58
2.46
3.01
1.26
1.24
3.5
3.44
1.54
2.28
2.74
2.2
2.75
2.2
2.88
1.67
2.08
4.13
6.01
3.34
2.56
2.62
1.65
2.13
2.2
1.49
1.19
2.7
4.02
2.06
1.75
2.93
2.52
3.91
5.53
4.04
2.29
1.32
1.5
2.37
3.06
1.42
2.02
1.14
1.68
1.93
2.84
1.71
2.18
1.34
1.32
2.85
3.83
2.19
2.04
1.18
1.4
3.01
3.89
6.11
5.18
2.46
3.2
1.46
1.71
1.39
1.91
3.09
2.08
1.33
1.95
2.38
2.74
2.05
2.08
1.39
5.35
8.08
2.7
2.51
3.03
1.54
1.46
2.14
2.6
2.11
2.1
6.92
10.52
6.99
1.65
2.12
3.17
2.93
2.68
2.99
2.87
2.28
2.13
1.46
2.96
2.4
1.74
4.69
2.99
2.52
2.02
1.46
1.66
1.81
1.26
1.09
0.91
1.11
1.1
1.29
2.7
1.73
2.25
2.93
2.04
1.3
1.82
1.79
2.05
1.61
1.46
1.96
1.6
1.42
1.73
1.33
2.74
3.62
2.81
1.75
2.39
1.57
2.57
2.07
1.15
1.68
2.56
1.7
1.59
2.15
1.68
1.48
1.16
2.25
2.23
2.43
2.04
1.17
2.46
2.6
1.51
3
1.45
1.05
1.44
1.17
0.96
1.85
1.46
1.84
1.91
1.23
1.81
1.65
2.43
3.39
1.73
1.07
2.13
1.22
1.95
1.9
1.83
1.68
1.04
1.11
1.09
2.4
1.04
1.75
1.95
0.98
1.23
1.35
1.41
2.21
2.02
1.04
1.67
1.15
1.21
3.42
3.35
3.68
2.2
1.13
1.1
0.55
1.08
1.13
1.17
2.33
1.73
2.2
1.36
1.1
0.99
0.96
1.57
1.91
1.01
1.47
1.97
1.84
2.13
1.23
0.81
1.33
0.92
1.76
0.83
0.99
1.35
1.45
0.88
0.68
0.87
2.14
3.04
4.24
1.94
1.96
0.93
2.96
2.58
1.19
1.18
1.7
0.96
1.62
1.24
1.36
2.47
3.97
4.59
1.01
0.84
0.79
0.74
0.71
0.59
0.66
1.18
1.5
2.6
5
3.78
2.05
1.28
2.2
1.65
3.06
2.56
1.72
2.08
1.07
2.87
2.73
2.12
3.16
1.26
1.73
1.11
1.47
1.41
1.39
0.9
1.64
2.36
1.45
1.31
1.22
2.09
1.6
1.29
0.93
0.67
2.01
2.23
1.7
5
2.13
1.18
2.68
2.65
1.4
0.99
0.72
1.19
1.42
1.71
1.61
1.98
1.79
1.84
1.23
1.3
2.03
2.25
4.57
3.62
3.29
1.05
1.76
1.64
1.73
3
2.48
2.21
1.6
1.17
2.26
2.56
2.08
2.69
2.59
1.91
2.29
5.17
3.33
1.68
1.08
1.3
0.89
0.78
4.68
4.77
5.11
2.79
1.14
1.51
2.18
2.13
1.87
1.46
1.21
1.07
2.8
3.73
6.04
3.27
4.47
2.52
2.06
1.84
1.59
1.9
2.15
1.99
1.43
1.67
1.04
1.06
1.83
5.83
2.7
2.27
3.01
6.36
4.29
1.69
1.73
1.96
3.3
2.6
2.49
5.34
4.74
2.34
1.37
1.59
1.47
4.24
6.9
4.35
1.79
1.48
1.6
1.64
1.61
1.49
1.38
2.74
3.49
1.94
2.73
2.19
1.52
4.36
5.55
2.62
2.88
4.32
5.17
4.5
2.83
1.42
4.3
4.93
6.07
3.87
2.3
2.56
1.89
2.33
2.44
2.07
2.56
2.69
3.14
4.12
1.62
3.62
4
2.64
2.66
2.01
3.21
2.49
4.42
3.29
3.88
1.88
4.1
2.42
1.38
1.61
3.42
2.73
1.7
1.83
1.67
3.24
2.79
2.58
2.52
1.89
1.28
1.15
1.64
1.65
2.27
2.54
3.24
5.45
3.22
2.93
2.33
3.56
4.85
2.02
2
1.96
1.4
1.59
1.14
1.15
2.74
1.31
1.37
1.29
1.18
3.31
2.34
1.47
2.83
4.28
2.06
2.79
2.97
4.13
1.82
1.58
1.47
1.56
2.78
1.9
1.48
1.51
2.65
1.38
2.86
1.6
1.11
1.33
1.19
1.66
0.99
1.25
1.16
2.21
2.4
1.74
1.03
1.38
1.2
1.15
0.76
1.28
1.01
0.93
1.47
1.68
1.17
1.07
1.29
2.2
1.39
1.98
1.53
0.94
0.99
1.48
1.11
1.4
1.5
1.52
1.3
1.27
1.31
1.02
1.09
1.35
1.24
1.07
1.15
1.1
1.26
1.46
1.63
1.39
1.78
1.29
1.99
3.06
1.44
1.69
1.73
3.13
1.99
1.31
2.22
1.71
1.08
1.86
2.85
2.98
2.35
1.34
1.5
1.65
1.65
1.28
1.45
1.65
2.1
0.95
1.81
2.45
2.83
1.9
4.72
4.13
2.12
2.53
3.32
2.07
1.65
2.12
3.82
4.29
4.47
3.92
3.61
3.02
2.1
1.1
1
2.52
3.41
0.71
1.08
0.72
0.75
0.37
2.03
4.26
1.33
0.92
1.94
1.19
0.93
0.94
0.89
2.53
2.32
0.77
1.7
1.23
1.3
0.43
0.85
1.08
1.79
1.24
0.89
0.83
1.02
1.27
1.51
0.97
0.66
0.82
0.82
0.88
0.85
1.18
0.9
1.11
0.84
0.95
1.44
1.1
0.89
1.51
1.17
3.13
2.28
1.23
1.17
1
1.13
2.64
3.56
1.33
1.91
1.94
2.04
0.98
0.56
1.19
1.77
1.41
0.97
1.07
1.21
2.34
1.31
1.11
1.41
0.79
1.02
1.01
2.43
1.42
0.88
2.09
1.14
1.18
0.98
1.03
0.83
0.78
0.58
0.81
0.97
1.41
1.2
0.56
1.73
2.01
2.09
1.01
1.26
1.07
0.93
0.88
0.9
2.86
2.1
1.54
1.99
1.25
3.01
3.27
2.47
1.37
0.61
1.77
0.88
1.07
1.03
0.87
1.16
0.91
1.72
1
2.66
2.24
1.49
1.29
1.85
2.13
2.36
2.72
5.51
4.39
5.12
2.9
1.73
1.64
1.98
2.32
2.13
3.54
1.85
1.39
2.06
2.43
2.56
3.43
2.68
2.61
2.54
2.05
2.11
1.21
2.02
1.39
2.42
4.36
5.29
4.86
3.11
2.74
1.09
1.65
3.69
4.82
3.82
4.81
4
2.29
1.87
0.99
0.91
2.09
1.42
1.4
1.25
2.81
4.59
1.49
1.59
1.62
2.63
2.15
3.14
4.71
5.08
2.35
2.8
4.57
4.41
2.87
2.02
3.88
3.13
2.75
1.74
1.65
2.55
1.85
3.25
5.7
5.36
3.42
4.12
2.64
1.99
1.78
1.77
5.54
3.82
3.37
2.94
1.13
1.22
1.67
2.02
3.15
4.07
5.16
3.62
1.41
1.25
1.56
1.77
1.9
0.87
1.27
3.27
1.69
2.6
1.18
1.17
1.14
2.24
2.11
1.03
2.35
3.05
1.61
2.15
1.12
1.86
1.92
3
3.77
2.56
2.24
0.93
0.77
0.91
1.25
1.94
1.45
1.3
1.24
1.41
1.61
1.34
1.42
1.23
1.49
2.39
3.91
1.68
1.93
2.14
0.88
0.86
0.94
1.14
1.99
2.19
2.52
2.24
1.45
1.73
1.05
1.91
2.65
1.17
1.54
1.6
1.38
1.73
1.39
1.41
2.21
1.59
2.47
2.62
3.66
5.32
2.25
1.2
1.06
1.26
1.16
1.37
0.98
1.83
1.15
1.22
1.13
1.64
1.05
1.27
2.05
1.77
1.25
1.52
2.02
2.35
3.75
2.96
1.06
1.58
2.43
2.11
1.09
1.08
1.45
1.39
1.19
1.57
0.94
0.72
1.22
1.85
2.93
3.18
1.75
0.92
0.86
1.12
1.37
1.68
1.98
1.21
0.79
1.05
0.84
1.65
1.7
3.23
2.06
1.05
1.08
1.01
0.77
0.81
0.72
0.8
1.56
3.18
1.85
0.86
4
4.26
1.23
1.68
0.79
0.74
0.8
0.98
0.76
1.28
1.6
1.32
1.9
0.67
1.29
3.21
3.38
1.15
1.09
0.87
0.89
1.1
2.11
1.69
1.23
1.89
1.04
1.09
1.59
1.23
0.72
1.04
0.92
1.31
2.07
3.12
2.78
2.06
1.04
0.9
0.78
1.02
1
1.33
1.64
1.42
1.92
2.83
3.7
1.15
1.48
1.31
1.6
1.84
5.81
3.04
1.48
1.51
1.65
1.35
4.35
3.22
2.57
2.56
2.73
2.01
1.63
1.29
0.66
1.6
4.4
3.03
1.43
1.07
2.81
1.1
0.62
1.02
0.92
1.44
1.62
0.87
1.21
0.94
2.55
1.65
0.94
1.53
0.79
1.59
1.29
1.33
1.85
1.5
0.94
0.57
0.61
1.02
0.98
2.92
3.59
3.42
0.84
0.75
1.06
0.86
1.47
1.73
4.83
7.17
4.02
1.17
2.64
1.42
2.07
2.72
2.43
1.25
0.95
2.06
4.78
3.24
1.38
0.89
1.15
1.17
0.86
1.84
1.66
0.78
1.91
1.03
0.57
1.21
0.65
0.99
1.03
3.9
2.03
1.71
3.95
4.02
2.84
1.43
1.22
1.72
1.54
1.32
1.52
0.97
1.38
1.1
1.89
1.27
1.41
1.74
2.61
4.77
3.36
1.61
2.08
3.89
6.4
2.19
2.2
2.98
4.9
3.86
2.08
3.24
4.09
1.24
5.08
4.6
2.78
1.56
1.74
1.23
1.37
2.33
1.48
1.88
1.55
1.58
2.02
1.97
3.03
2.03
3.39
1.06
1.53
1.67
1.64
2.25
2.85
1.64
2.94
3.89
2.17
4.26
1.56
2.9
1.09
1.81
3.1
2.33
1.95
1.39
1.61
2.88
1.67
3.63
8.37
8.01
2.84
2.99
2.8
2.68
6.08
4.43
2.98
2.57
1.4
1.52
2.22
1.72
1.47
2
1.86
2.19
1.97
2.71
3.62
2.04
4.03
3.3
1.62
1.64
2.22
2.73
1.59
2.36
2.9
4.4
5.31
2.06
1.69
1.8
3.55
2.51
2.37
1.41
1.85
1.54
1.6
1.77
1.5
1.31
2.84
1.45
2.82
1.74
1.73
1.56
1.42
2.16
2.02
1.63
1.82
1.19
1.69
3.25
4.45
1.44
2.11
1.74
1.38
2.13
1.62
1.82
1.68
2.29
2.75
4.54
3.56
1.78
1.95
2.66
1.24
2.02
1.41
1.48
1.61
1.52
2.27
1.55
1.59
2.07
1.03
2.49
2.53
1.1
1.41
2
1.15
1.4
1.46
1.74
1.8
1.43
1.74
0.81
1.16
1.48
2.05
1.03
1.79
2.04
1.73
2.12
1.8
3.74
2.39
1.92
1.28
2.01
2.02
2.25
2.5
1.27
1.23
1.22
1.2
1.69
3.22
2.8
2.15
1.07
1.23
1.36
1.12
1.08
1.58
1.46
1.15
1.93
1.59
2.01
2.45
3.69
1.4
1.28
1.24
1.47
1.54
3.23
1.94
1.41
1.64
3
4.73
1.27
1.31
1.62
0.8
3.58
4.18
3.4
1.55
1.06
0.59
0.77
1.26
0.63
1.04
1.11
1.19
0.91
1.03
1.39
1.86
2.22
1.69
1.8
0.82
1.01
1.32
1.1
1.3
0.97
0.95
0.78
0.95
0.76
1.51
0.66
0.62
0.55
1.54
4.88
5.36
1.29
0.97
1.56
1.09
3.53
1.67
0.94
1
1.5
1.17
2.53
3.12
2.7
2.45
0.85
0.67
1.16
1.04
1.49
5.6
4.37
1.02
0.75
1.56
1.26
1.1
1.5
0.96
2.07
2.32
0.93
3.28
3.24
1.6
2.25
1.58
1.42
0.77
2.47
2.88
1.5
0.93
0.87
0.64
2.79
1.47
4.04
5.58
4.41
1.86
2.66
2.1
1.41
1.05
1.76
1.16
0.71
1.3
1.04
1.64
1.14
1.19
3.13
3.57
2.7
1.16
2.13
2.56
2.26
1.17
2.51
1.85
2.42
3.76
1.59
0.93
1.45
0.96
1.1
2.27
2.29
1.91
1.52
3
1.27
2.99
1.44
2.34
3.48
1.93
0.86
1.94
2.02
1.5
1.36
1.46
1.46
1.65
1.61
4.83
1.95
1.52
1.2
1
1.65
2.34
2.57
1.1
1.96
1.55
1.46
4.05
3.89
2.07
1.85
1.72
3.03
1.6
2.95
4.07
4.14
3.11
4.33
4.51
5.56
5.63
2.42
2.36
1.41
1.22
2.02
2.08
1.23
1.36
2.25
2.64
3.35
3.15
4.91
1.41
1.59
2.76
1.65
3
2.77
2.47
2.12
3.47
1.59
2.53
2.49
1.56
1.2
1.75
1.68
2.38
1.71
3.62
3.08
2.58
5.7
7
2.82
3.57
1.85
3.07
2.8
3.9
3.12
1.81
4.17
1.29
1.57
1.92
3.47
3.27
2.48
2.19
2.07
1.34
1.78
1.44
2.31
3.1
1.72
2.08
2.35
3.89
3.07
1.96
2.14
3.85
3.5
3.49
2.04
1.74
1.33
1.26
1.34
1.28
1.59
1.62
2.53
1.63
1.47
1.32
2.19
1.75
1.39
1.45
1.24
1.22
1.77
0.91
1.1
1.2
1.83
1.36
1.34
1.52
1.61
1.47
1.34
1.31
1.6
1.24
1.6
1.61
0.91
1.35
2.1
2.03
4.15
3.78
2.69
1.91
3.92
3.4
1.6
2.43
2.38
1.59
0.99
1.67
2.17
3.63
3.07
2.96
3.21
1.34
1.31
0.92
1.37
2.08
1.51
2.95
1.96
2.14
1.51
1.25
1.17
0.99
1.38
1.48
1.07
2.12
2.64
1.77
0.99
1.74
1.07
2.62
2.46
2.36
2.19
1.21
1.11
1.53
1.87
1.97
1.58
1.44
1.27
1
1.05
1.04
1.64
1.78
1.57
2.29
1.69
1.33
2.19
1.99
2.4
1.44
0.89
0.81
1.09
0.96
1.72
1.22
1.26
1.54
1.92
3.32
1.83
0.99
1.27
1.13
1.27
2.49
1.98
1.26
1.44
1.69
1.1
1.1
1.36
0.86
0.82
1.16
1.1
0.79
1.9
1.01
1.18
1.46
1.67
0.73
0.8
1.64
2.17
2.33
3.59
2.91
1.6
1.17
1.38
3.93
1.5
1.36
1.22
1.35
0.95
1.51
1.74
0.83
1.11
0.65
0.96
0.9
0.7
0.98
1.21
0.88
0.71
0.73
0.75
1.45
1.45
3.44
1.74
1.54
2.53
2.07
2.19
2.5
1.79
3.33
4.79
2.21
1.89
1.01
1.21
0.91
1.07
1.28
1.62
1.07
1.03
2.54
2.56
2.34
1.3
1.15
0.98
1.47
1.82
1.17
1.63
1.61
0.71
0.52
2.12
2.13
1.42
3.33
4.65
3.6
1.24
1.74
1.36
1.78
0.9
1.85
2.23
1.46
1.98
1.71
2.15
1.97
1.46
1.09
1.1
2.19
3.3
1.74
0.64
1.08
2.09
1.6
2.17
2.49
1.12
3.41
1.61
0.81
1.23
0.88
1.44
1.14
3.2
1.34
3.74
4.99
3.52
1.82
4.26
1.85
1.51
1.05
3.24
3.32
1.45
2.16
3.26
2.16
1.78
3.63
1.45
0.97
0.69
0.83
1.17
1.24
2.71
3.07
1.58
1.93
1.27
0.78
1.02
1.18
3.48
3.59
2.54
2.27
0.79
1.8
1.78
1.01
2.03
4.2
3.16
4.91
1.48
2.04
1.98
1.35
1.25
1.34
1.19
1.32
1.29
4.89
3.97
1.25
1.63
3.57
3.66
2.25
1.75
1.59
1.78
4.58
2.25
3.23
6.13
2.23
2.25
4
2.41
2.34
2.6
1.99
1.97
2.55
4.34
2.32
2
2.68
1.23
0.97
1.1
1.49
2.36
3.5
2.54
2.02
1.79
1.34
1.62
3.09
2.03
2.94
3.57
2.37
1.08
1.86
2.85
2.69
3.15
4.52
4.73
3.37
2.37
2.38
1.47
2.77
1.82
1.5
1.34
1.33
2.25
2.38
3.53
5.1
3.77
2.34
2.93
3.37
2.55
3.34
2.55
2.08
1.32
6.53
5.9
2.13
3.55
2.42
1.53
2.3
5.47
7.33
6.06
3.4
1.04
1.5
1.21
1.24
3.61
3.11
1.8
1.79
1.99
1.25
1.3
1.31
1.68
3.57
3.61
2.49
2.94
1.76
1.48
1.36
1.42
2.04
2.53
2.97
1.35
1.76
1.98
2.3
2.26
1.24
1.63
3.36
2.4
1.05
1.5
1.02
1.39
1.49
1.62
2.46
1.05
1.44
1.78
2.83
1.48
2.42
2.11
1.6
1.59
1.23
1.35
1.7
1.84
1.22
1
2.11
1.18
1.23
1.34
2.38
2.07
1.3
1.22
1.3
1.34
1.91
1.57
0.94
1.59
1.16
1.17
1.55
1.94
1.7
1.44
1.04
1.54
1.27
1.16
1.54
1.32
1.49
1.31
2.2
1.36
1.42
1.95
1.97
1.39
3.63
2.27
1.11
0.95
1.71
2.01
1.5
1.14
3.73
1.81
1.59
1.55
1.42
1.32
0.92
0.84
0.74
1.64
0.96
1.14
3.31
2.96
0.98
1.18
2.61
1.72
1.68
1.51
1.5
0.79
1.62
0.81
1.78
1.46
1.3
1.32
2.36
1.82
1.35
1.44
2.6
1.81
1.51
1.1
1.04
1.75
1.04
2.36
2.07
2.37
1.83
2.24
1.37
1.49
2.34
1.34
2.27
2.8
1.2
1.65
1.74
0.93
1.14
3.08
1.51
1.35
1.07
2.58
5.08
2.93
0.73
1
1.82
1.17
1.34
0.66
1.58
1.28
1.22
0.4
1.77
2.62
3.91
2.4
2.46
0.94
1.35
1.01
2.11
1.24
1.55
1.9
2.33
0.89
2.06
2.09
1.57
2.8
1.11
1.53
2.2
1.65
2.65
1.09
0.88
0.69
2.67
0.75
1.11
2.01
2.13
1.53
1.37
1.76
2.14
1.14
0.96
1.69
1.36
3.42
1.05
0.65
2.15
1.93
2.04
3.67
4.59
3.92
1.99
4.37
3.39
2.44
2.52
1.6
1.45
1.6
1.46
5.58
4.6
1.42
1.7
1.38
1.11
1.02
1.16
3.99
1.19
0.92
1.29
1.28
0.92
1.75
1.25
1.3
1.08
1.27
0.85
1.51
0.79
2.13
1.99
1.42
1.08
1.47
1.43
0.71
0.74
1.03
2.88
1.73
2.35
2.48
2.99
2.58
2.16
4.58
8.14
2.72
2.67
2.21
2.67
6.03
3.43
2
2.92
2.31
1.59
3.12
3.01
1.56
1.68
1.66
3.6
2.58
2.44
3.16
3.22
1.9
2.8
4.21
4.75
3.65
3.38
2.86
2.8
3.1
2.18
2.24
2.7
1.22
1.87
2.02
2.13
1.87
1.87
2.03
2.16
1.23
1.29
1.67
1.49
4.01
5.13
5.5
4.76
2.53
2.18
1.72
1.32
3.08
4.58
2.11
1.89
1.98
1.79
2.83
2.1
2.61
1.95
1.45
1.46
2.53
1.51
2.18
2.75
4.57
1.74
2.27
1.61
1.77
2.37
1.87
2.2
1.72
1.36
2.12
2.76
1.47
2.08
3.05
2.16
2.19
2.16
1.76
2.75
1.49
2.01
3.32
2.13
1.68
1.15
3.09
4.92
3.33
2.49
3.48
2.8
1.12
1.07
1.16
1.16
3.54
2.94
1.21
2.18
2.86
1.95
4.45
3.56
3.42
3.58
2.65
2.21
3.1
3.04
1.71
4.83
1.74
1.73
2.64
2.74
1.5
1.36
1.31
1.24
1.11
2.17
1.6
2.5
1.57
1.26
1.46
2.3
2.71
4.8
4.69
2.22
1.45
2.31
1.35
1.19
2.07
1.44
1.4
1.52
1.6
1.72
1.18
1.99
1.98
1.62
1.46
1.61
3.43
2.87
1.41
1.14
1.52
1.01
1.75
1.48
1.51
1.07
1.74
1.39
1.04
1.18
2.03
1.12
1.2
1.88
1.69
0.96
0.86
1.1
1.18
1.2
2.22
3.58
2.17
1.87
1.42
0.99
0.9
1.24
0.89
1.94
0.98
1.39
1.15
1.67
1.19
1.17
0.88
1.72
1.89
1.64
1.19
1.38
1.98
1.3
1.52
1.91
2.23
2.1
2.57
0.99
0.94
1.08
1.74
2.74
3.12
1.18
1.23
1.55
1.28
0.73
1.24
0.95
0.89
0.86
3.5
2.38
1
0.93
0.97
1.18
2.09
1.37
2.66
1.41
1.6
1.81
0.8
1.67
1.14
1.81
2.49
3.69
2.04
2.25
1.3
1.12
1.13
1.05
2.23
2.74
3.1
1.97
1.93
1.28
0.6
0.67
0.94
1.89
3.26
1.11
0.81
0.77
1.41
3.35
1.58
0.7
0.64
0.68
0.97
1.33
0.89
0.65
2.86
3.22
0.92
1.24
0.88
0.58
0.62
0.66
0.86
0.99
1.4
1.89
1.64
0.86
1.35
1.68
3.19
2.03
1.55
0.84
1.09
2.19
0.95
0.86
1.01
1.2
0.9
1.31
1.51
0.89
1.44
1.13
2.06
2.22
1.97
2.08
1.5
1.88
1.71
1.02
1.7
2.57
0.73
0.58
0.97
1.85
1.14
0.72
1.35
2.14
2.05
2.11
3.38
1.04
3.12
3.63
1.29
1.33
