20010101
1.36
1.56
1.25
1.96
2.53
4.22
2.27
2.41
2.93
1.42
1.6
2.07
1.93
1.66
1.09
0.67
1.17
0.62
0.92
1.18
0.92
1.5
1.55
1.9
1.37
1.31
2.63
0.83
2.32
5.23
5.82
5.39
1.64
1.75
2.36
2.97
2.53
4.48
4.93
2.72
3.93
2.01
1.48
2.35
3.31
0.98
0.74
2.18
2.79
3.46
2.44
1.91
2.79
1.96
1.63
1.33
2.35
1.75
2.64
1.07
1.67
3.02
3.68
2.81
1.8
1.83
3.75
3.23
2
1.88
2.59
2.75
1.43
1.92
2.38
4.3
2.26
2.63
2.02
1.61
1.29
1.95
1.77
3
3.01
3.03
1.4
2.22
2.66
2.35
1.47
1.48
1.54
2.47
2.89
1.33
2.42
1.87
4.57
1.69
1.57
4.04
4.14
3.74
2.27
1.67
2.69
2.03
2.19
1.42
2.43
2.83
2.31
2.04
2.37
2.21
1.52
1.33
1.76
1.55
1.81
1.46
1.36
1.38
1.19
3.28
4.13
2.93
1.81
1.47
2.43
3.98
1.61
2.35
2.84
2.56
3.85
2.64
1.43
0.88
0.87
1.5
1.54
1.23
1.43
2.55
1.03
1.22
1.6
1.61
1.64
2.9
2.01
2.4
3.62
1.72
1.7
1.23
2.5
1.67
2.09
2.31
1.32
1.42
1.37
1.32
2.1
1.8
2.87
6.24
5.99
2.66
1.33
1.71
1.32
1.54
1.27
1.26
1.48
1.58
1.63
1.4
3.12
2.36
0.75
0.87
1.74
3.17
1.45
1.11
1.48
1.83
1.53
1.34
1.48
1.81
2.02
1.3
1.35
2.12
1.88
1.44
2.57
2.15
1.43
1.69
1.61
1.37
1.09
1.35
1.61
1.06
1.56
1.51
1.99
2
2.88
0.93
1.11
2.21
1.17
3.19
1.67
2.17
0.96
0.83
1.28
1.4
1.24
1.07
1.11
1.48
1.81
1.84
1.94
1.35
0.78
0.81
1.49
2.5
1.92
1.25
1.04
0.93
1.38
1.23
1.58
3.57
3.21
1.61
1.25
2.47
1.17
0.92
1.34
2.39
3.22
1.66
1.38
2.15
1.52
1.75
2.38
1.15
0.96
1.03
2.12
1.51
1.45
0.81
1.02
1.06
0.79
0.94
2.03
1.97
1.47
0.9
0.66
1.84
2.54
1.17
0.7
0.74
0.65
0.52
0.64
0.71
0.63
0.45
0.74
0.41
1.12
2.45
1.01
0.79
0.8
0.65
0.92
0.8
0.61
0.38
0.78
1.95
1.68
2.56
0.73
1.05
0.59
0.62
1.07
2.05
2.26
2.78
1.06
0.78
2.66
4.83
1.38
1.15
0.92
0.89
1.4
2.03
0.81
1.81
2.52
1.79
2.22
0.74
1.05
0.78
1.03
1.8
1.01
0.65
0.6
0.95
1
1.45
3.25
2.42
1.53
0.68
0.76
1.36
4
1.71
1.07
3.47
2.2
1.27
0.61
1.35
1.65
1.15
1.44
1.04
1.41
1.55
2.27
1.73
3.51
2.37
1.43
1.26
2.17
4.65
0.9
0.82
0.85
0.88
0.82
0.84
0.56
1.01
0.89
0.76
1.12
0.93
0.57
0.77
0.37
1.13
1.02
1.25
1.8
3.04
3.84
1.33
1.38
3.28
1.24
1.43
1.17
2.73
1.05
1.34
1.95
1.29
1.06
3.16
1.29
1
1.41
1.73
1.96
1.75
2
2.69
1.92
1.17
0.97
0.85
1.83
3.02
3.75
3.39
2
2.17
2.51
3.73
3.62
1.91
1.4
1.38
1.45
1.3
2.21
2.72
3.93
1.97
1.67
1.67
1.25
1.92
1.39
2.88
2.37
1.54
1.74
1.45
1.56
1.96
1.95
2.25
4.58
5.85
6.78
4.97
4.26
2.71
1.07
1.09
1.25
1.15
1.65
2.56
2.38
3.45
3.36
1.79
1.26
2
2.4
0.94
1.6
1.6
1.78
1.64
1.54
2.53
2.24
1.6
2.42
3.67
3.21
2.41
2.67
2.04
1.84
1.53
2.79
2.81
1.77
3.19
3.26
1.8
2.12
1.56
1.05
1.38
2.37
1.24
2.55
2.58
1.54
1.2
1.7
1.56
0.97
2.3
1.56
2.03
2.37
1.11
2.25
3.96
1.88
1.45
1.64
1.25
1.61
2.54
2.85
1.24
1.92
2.6
1.65
0.99
2.45
2.41
4.72
1.69
1.09
2.85
3.01
1.12
1.99
1.29
1.27
1.74
1.19
1.11
1.45
1.56
1.21
1.47
1.9
2.59
2.09
1.44
2.32
1.51
1.39
1.5
2.21
3.28
1.81
1.8
1.2
1.83
1.87
1.12
1.43
1.49
3.03
2.19
1.36
2.53
1.23
1.63
1.52
1.08
1.03
1.02
1.81
1.33
1.42
1.51
1.88
2.3
2.38
1.4
1.41
1.19
1.23
0.98
1.25
0.82
1.09
1.05
1.16
1.22
1.05
1.13
1.83
2.1
2.97
1.96
0.94
1.94
2.44
2.18
1.16
0.88
0.96
1.29
0.94
0.72
0.87
0.8
0.97
0.99
0.92
1.24
0.91
0.83
1.48
2.96
0.84
0.89
0.91
1.57
1.15
0.69
1.09
1.09
1.94
2.98
1
1.11
1.73
1.66
0.9
0.94
0.76
0.92
1.18
1.11
1.74
3.16
1.77
1.03
1.18
2.93
3.2
1.49
0.73
0.56
0.71
0.59
0.95
0.8
1.68
1.23
0.5
0.72
1.37
1.76
0.77
1.11
0.69
2.47
3.89
1.64
0.82
1.29
2.43
2.56
2.93
1.18
2.15
2.09
2.16
2.38
0.96
1.54
1.1
0.69
0.93
1.47
1
3.2
2.26
0.79
0.61
1.77
1.26
2.46
1.51
2.46
3.45
4.47
4.3
2.74
0.98
3.13
1.27
2.52
1.55
1.04
2.3
1.35
1.12
0.55
0.88
1.3
0.99
0.65
1.72
1.58
2.76
2.98
3.08
2.84
2.18
2.31
1.14
1.13
1.64
1.23
0.98
1.39
0.75
0.91
2.11
1.77
1.32
0.85
0.94
1.78
1.89
1.33
1.79
1.82
1.84
1.14
2.1
2.67
1.92
2.44
1.22
1.35
3.83
1.69
3.68
1.1
1.47
1.22
2.8
0.97
1.25
1.03
0.83
0.76
0.98
0.84
0.77
0.99
1.86
0.79
0.82
2.08
2.49
1.17
1.25
1.32
2.01
1.25
2.92
3.93
1.15
2.56
3
4.99
4.18
1.75
1.04
1.51
0.67
2.79
2.45
1.57
1.34
3.12
2.65
1.93
2.76
2.62
1.85
0.84
1.13
1.06
0.5
1.14
1.83
2.81
0.91
0.93
1.06
1.72
1.35
0.99
2.1
0.89
0.76
1.27
1.3
1.74
2.43
4.47
4.42
3.88
4.14
1.63
3.91
1.89
2.87
3.85
1.49
0.95
0.87
1.13
1.23
1.4
1.06
1
0.91
2.5
1.91
3.38
3.17
3.59
3.12
5.07
5.15
4.05
2.11
2.9
1.35
1.13
3.19
1.55
1.45
1.85
2.05
3.49
2.13
2.24
1.88
1.58
1.74
2.91
1.38
3.79
2.02
2.74
2.86
3.05
2.04
2.09
2.37
1.43
1.77
1.8
1.28
1.07
2.04
1.43
1.53
1.49
2.22
3.18
2.22
1.11
1.69
1.17
2.53
2.46
3.07
4.26
2.39
1.32
1.04
1.86
2.32
2.67
2.37
1.06
1.21
1.49
0.95
0.88
1.12
1.76
1.2
1.5
1.26
1.87
1
1.38
1.08
1.92
1.54
1.47
1.51
1.2
1.12
2.37
1.68
1.54
1.12
1.53
2.04
1.54
1.42
1.29
0.94
1.24
2.2
3
1.42
1.3
1.13
1.24
1.24
1.66
1.63
1.49
1.26
1.69
1.22
1.58
1.44
1.23
1.66
1.85
2.54
2.67
1.15
1.74
1.51
1.88
1.15
1.25
0.86
2
2.85
2.68
2.38
1.95
2.14
1.51
0.78
0.87
1.38
1.2
1.53
0.82
1.68
1.11
2.14
0.94
1.37
1.51
1.8
1.31
1.19
1.51
1.21
0.83
1.09
0.98
1.23
1.49
1.64
0.93
1.52
1.83
3.12
1.65
1.62
1.06
1.57
2.05
0.92
1.07
1.3
1.72
1.25
1.5
2.32
1.35
2.5
3.61
3
1.49
0.76
0.77
0.68
1.02
1.27
1.23
2
3.3
3.16
1.67
0.85
1.26
2.49
1.73
1.16
1.78
1.28
1.07
1.1
2.75
1.72
1.96
1.96
2.29
1.22
1.04
1.46
0.85
1.56
0.92
1.75
1.26
0.94
1.2
2.06
1.73
0.98
1.69
1.64
1.06
1.12
0.98
1.17
2.13
0.96
3.17
2.97
1.93
1.31
0.69
1.28
1.29
1.96
1.22
0.76
1.43
1.21
0.92
0.79
0.82
0.6
0.93
2.1
0.75
1.04
0.8
0.57
2.11
4.35
3.25
1.87
1.02
1.97
1.59
1.59
1.05
2.23
1.68
1.33
1.69
1.17
2.85
3.26
1.07
0.85
0.68
1.19
0.87
1.4
1.5
1.71
2.79
1.75
0.67
0.88
0.79
3.42
1.43
5.51
3.45
0.98
1.03
1.46
2.57
1.45
0.61
2.04
2.45
3.27
3.43
0.98
2.5
1.38
1.23
1.22
1.81
0.94
1.8
1.79
2.51
1.81
1.26
3
2.84
1.06
1.67
1.96
3.28
3.79
1.92
1.37
0.59
1.68
1.73
1.44
0.69
1.59
2.5
1.43
1.25
0.88
0.96
1.34
1.11
2.51
2.32
3.27
2.11
2.67
4.6
1.17
0.87
1.77
2.04
1.03
1.12
2.63
1.81
1.66
1.81
2.57
3.4
2.64
1.12
1.62
2.39
2.71
3.3
1.24
1.43
2.62
2.5
1.84
1.44
4.05
3.42
1.17
1.62
1.15
2.53
2.08
0.84
0.92
0.82
1.6
1.68
2.07
4.3
1.63
2.47
2.32
2
3.04
2.17
0.9
0.89
1.03
1.48
1.48
1.74
1.39
1.57
1.62
2.04
1.33
1.61
1.15
0.6
1.91
3.03
3.07
2.87
1.46
2.61
1.27
1.61
2.4
2.7
1.1
0.93
1.4
3.11
3.99
2.12
1.31
1.63
2.88
1.45
1.19
1.31
2.04
1.56
2.2
2.06
1.54
1.04
1.76
0.95
0.95
0.96
3.06
3.9
1.11
3.17
1.6
0.95
0.89
1.25
1.72
2.5
1.41
1.37
1.15
2.13
2.19
2.34
2.32
1.72
0.77
1.18
1.28
1.52
1.72
0.75
2.11
1.59
0.78
1.48
1.06
1.26
1.51
1.95
2.15
1.07
1.85
1.36
1.64
1.45
2.09
1
1.51
1.79
1.25
2.09
1.07
1.36
1.1
1.29
1.31
2.24
1.1
1.19
1.38
1.48
1.79
1.32
2.18
1.96
1.88
1.07
0.92
1.65
0.93
0.56
1.17
1.24
1.24
1.53
1.69
1.01
1.11
1.08
1.39
2.48
1.39
2.61
2.43
2.5
1.67
1.65
0.84
0.91
0.94
0.72
0.71
1.02
0.73
0.87
1.07
0.72
1.31
1.56
1.38
1.51
1.28
1.44
1.93
3.48
1.95
2.09
1.62
2.02
1.12
1.99
1.12
1.58
1.8
1.06
1.45
1.19
1.93
0.53
0.49
0.77
1.18
1.31
1.01
0.62
1.92
2.68
1.26
1.79
1.87
1.36
1.76
1.8
2.04
1.54
0.99
0.87
1.4
1.25
1.69
1.86
1.67
2.06
2.22
1.58
0.92
1.47
1.31
0.61
0.79
0.55
1.24
1.02
1.09
0.38
0.89
1.34
1.49
1.45
1.39
1.23
0.67
1.58
1.35
1.34
1.31
1.08
0.86
0.69
0.88
0.58
0.99
0.86
1.33
1.14
2.59
3
2.07
1.34
0.68
0.38
0.68
0.97
0.64
1.36
0.75
3.7
1.88
1.7
1.16
0.8
2.63
5.87
3.62
1.19
1.36
1.22
3.28
1.75
1.34
0.93
2.05
2.35
1.41
0.7
0.65
1.61
1.54
1.37
0.82
2.18
1.25
0.69
0.84
1
0.96
1.29
0.69
0.91
1.61
0.79
0.49
0.67
1.36
1.39
0.84
0.91
1.8
2.94
0.72
0.65
1.37
1.12
3.44
1.84
1.13
0.8
2.57
2.16
0.87
0.58
1.19
1.19
1.34
0.82
1.38
1.72
1.13
0.71
1.06
0.64
0.59
0.52
0.94
2.43
0.94
1.55
1.7
0.87
2.21
2.56
1.89
1.02
1.06
4.42
6.65
3.85
1.32
3.62
3.01
1.47
2.44
1.58
0.91
1.78
1.07
0.56
0.64
0.7
0.69
1.17
0.78
2.16
2.15
1.6
4.95
2.93
5.12
2.78
0.84
1.06
2.01
1.42
1.74
2.17
1.72
1.22
4.93
3.29
1.14
1.13
1.43
1.51
1.58
1.81
1.03
1.12
1.29
3.38
1.99
2.82
1.57
1.93
1.13
1.19
1.41
1.54
2.85
1.61
0.91
1.52
1.23
1.32
1.54
1.6
2.09
3.05
0.95
1.18
2.16
2.25
0.99
1.35
1.86
2.03
1.69
3.99
5.23
2.44
4.79
3.17
1.63
1.55
1.76
1.96
2.85
1.38
1.93
1.96
1.78
4.79
1.88
2.16
3.09
3.91
2.6
2.02
1.77
1.98
0.88
1.45
1.06
1.8
1.48
1.35
2.73
1.68
2.14
1.45
1.28
1.98
0.97
1.6
2.34
1.09
1.37
2.12
2.59
4.21
1.84
1.3
1.86
1.68
2.76
3.1
1.08
1.22
1.12
1.04
1.94
3.18
1.58
1.15
1.92
1.93
1.48
1.14
2.28
4.55
5.41
3.52
1.53
1.74
2.65
2.66
1.31
1.84
1.59
1.62
3.04
1.66
1.47
1.29
1.93
1.44
1.73
1.41
0.92
1.42
1.36
1.35
1.5
2.5
2.25
1.47
1.53
1.3
0.98
2.04
1.21
0.89
1.75
2.96
2.08
1.52
0.88
1.52
1.32
1.99
1.59
1.3
1.36
1.21
1.09
1.04
1.85
1.21
0.84
1.38
1.5
1.1
2.61
1.05
0.99
1.52
2.81
3.62
0.95
1.35
1.56
1.7
1.56
1.1
1
1.26
1.12
1.56
1.32
2.59
1.17
0.69
0.77
1.44
1.24
0.59
0.69
1.11
1.43
0.94
0.7
0.58
0.58
0.53
0.56
0.75
1
0.73
0.57
0.96
1.78
1.98
1.86
1.42
1.29
1.71
1.08
1.27
0.7
2
2.99
2.75
1.64
2.58
1.83
0.87
0.5
0.38
0.56
0.63
0.89
0.66
0.83
2.33
1.24
0.75
1.19
1.38
1.81
1.12
1.23
1.26
0.73
0.66
0.52
0.53
0.42
0.56
0.54
2.07
2.11
0.93
0.85
1.11
2.17
1.71
1.77
1.04
1.81
0.9
0.6
0.88
1.23
1.21
1.11
0.81
0.52
0.95
1.25
0.68
1.26
0.48
0.55
0.76
0.67
1.46
1.42
0.95
1.38
2.21
1.04
1.07
0.65
1.75
0.94
1.36
2.38
3.46
2.07
1.74
0.66
1.23
0.72
0.95
1.5
1.16
1.3
2.19
2.01
1.62
2.36
0.62
0.9
1.76
2.96
1.31
0.55
0.49
0.77
1.38
2.56
1.62
1.68
1.46
0.95
2.02
0.82
0.71
0.6
0.91
0.5
1.75
1.31
1.72
2.04
2.08
1.06
1.78
0.64
2.65
1.67
0.38
0.69
1.07
0.58
0.41
0.49
0.55
0.92
0.66
0.94
1.3
0.77
1.47
1.97
0.65
0.81
3.68
3.84
0.89
1.52
0.86
0.52
0.69
0.74
0.66
1.06
0.8
0.68
0.77
1.1
2.66
2.17
1.93
1.3
1.1
0.76
3.03
1.71
0.9
0.79
2.02
2.6
1.34
2.02
2.5
3.02
1.5
2.7
2.08
3.46
2.57
2.21
2.24
1.08
1.83
1.34
3.26
3.3
2.8
1.86
2.61
2.06
3.6
1.21
1.06
4.51
7.29
4
2.1
0.81
1.81
1.02
1.52
0.99
2.33
2.84
5.19
2.26
1.1
1.21
2.39
2.87
2.39
2.39
1.71
1.43
2
1.89
1.61
2.33
4.08
1.79
1.98
3.05
3.14
4.9
4.9
2.36
1.75
2.08
1.95
0.99
1.78
3.26
1.57
1.36
1.25
1.89
1.17
1.49
1.29
1.67
1.99
3.08
3.15
1.15
1.24
1.21
1.81
1.14
2.28
1.66
1.3
1.13
2.85
2.24
1.41
1.92
1.28
1.23
1.47
1.66
2.06
1.39
1.48
1.51
2.82
2.68
1.78
1.32
1.03
1.52
1.59
1.55
1.25
1.66
1.61
4.8
3.79
3.19
1.3
1.26
2.71
2.13
1.56
1.78
1.52
1.05
1.38
1.46
0.85
1.12
1.03
1.14
1.33
1.37
1.12
1.9
2.14
1.01
1.84
1.96
1.61
1.2
2.05
1.53
3.51
2.68
1.2
1.09
1.39
1.47
1.08
1.79
1.06
1.69
1.02
1.35
1.19
1.99
3.64
2.83
2.14
0.94
1
1.28
0.97
0.99
1.3
1.23
1.09
0.94
1.07
1.13
1.94
1.03
1.04
1.27
0.96
1.36
1.27
1.17
1.11
1.39
1.56
1.44
1.22
1.04
1.35
1.04
1.37
1.41
1.71
2.35
3.2
1.17
1.66
1.1
1.21
1.23
1.6
1.02
0.97
1.13
1.23
1.71
1.39
2.22
1.06
1.22
1.1
1.01
1.12
0.93
1.56
2.64
1.05
0.96
1.02
1.19
0.97
1.66
1.5
1.4
1.17
1.01
1.11
1.68
0.69
1.06
0.86
1
1.29
1.64
1.6
0.92
0.88
0.77
0.81
0.98
4.27
1.6
1.01
0.92
0.96
1.79
0.85
0.76
0.73
0.54
0.74
0.77
0.95
1.88
0.99
1.35
2.03
2.81
1.67
0.88
3.61
2.68
0.88
1.09
0.77
0.71
1.3
2.54
1.52
1.04
2.58
1.58
1.04
1.87
1
0.92
0.65
1.06
2.31
1.45
1.21
1.5
1.15
0.88
2.9
2.18
2.31
0.76
0.69
1.78
2.21
1.61
1.78
3.88
0.79
0.57
0.78
0.86
1.2
0.89
1.81
0.64
0.87
1.09
3.69
1.9
3.46
2.64
1.06
0.78
1.1
1.31
1.62
0.97
0.83
0.82
2.94
4.06
1.83
2.19
0.63
0.86
0.96
2.83
1.83
0.83
0.94
0.68
1.21
0.82
2.36
1.32
1.55
1.68
1.19
1.1
1.73
1.47
0.94
2.1
2.24
2.76
1.74
1.06
1.42
0.97
1.19
4.06
2.6
1.02
1.32
1.41
1.45
2.35
0.72
0.73
1.07
1.77
2.18
1.44
1.5
3.39
1.53
3.87
3.1
1.83
1.63
1.22
3.83
1.38
1.17
1.18
2.31
2.03
1.96
1.53
3.55
1.9
2.1
1.34
1.49
1.16
0.97
1.13
2.66
2.01
1.4
1.33
1.94
3.16
1.62
1.66
2.36
1.6
2.16
2.28
1.81
3.04
3.75
3.71
0.74
0.78
2.65
2.23
0.92
1.43
3.51
2.55
1.6
0.92
1.44
3.75
2.55
2.4
2.53
1.9
2.34
1.24
1.43
1.62
1.59
1.23
1.71
3.62
1.87
1.54
1.6
1.9
1.43
1.69
1.55
0.98
1.14
1.21
1.69
1.77
1.55
2.68
1.34
1.41
1.93
1.29
1.63
1.6
2.3
1.25
1.2
1.22
2.58
2.36
2.18
1.58
1.75
1.95
0.99
1.24
1.18
1.49
1.01
1.14
2.5
1.23
1.67
3.45
1.91
1.25
1.7
4.22
1.73
1.23
1.05
1.84
2.6
1.87
1.2
2
3.04
1.72
2.32
1.24
0.84
1.57
1.38
1.4
1.24
1.9
1.63
1
1.24
0.87
1.11
0.98
1.44
0.86
1.64
3.52
1.62
1.48
2.31
1
1.39
2.34
2.65
1.44
1.46
2.34
2.52
1.56
1.21
1.35
1.31
1.88
2.62
1.65
1.91
1.98
1.57
1.32
1.13
2.08
1.63
1.17
1.06
1.04
1.03
1.47
2.34
1.35
1.11
1.23
1.24
1.44
2.87
2.08
2.2
1.3
1.13
1.53
1.49
0.9
1.57
1.06
1.06
1.47
1.77
2.81
2.31
0.8
1.1
1.3
1.14
1.7
1.17
0.87
0.89
1.01
1.22
2.29
2.84
1.42
0.79
1.33
1.84
1.6
1.68
0.81
1.21
1.04
1.05
1.72
1.01
1.88
0.86
1.4
0.95
1.7
2.48
4.19
2.07
1.97
2.05
1.46
1.77
2.14
1.5
1.12
1.34
1.05
1.42
1.76
2.51
1.96
0.89
0.79
1.09
0.89
1.11
1.06
2.01
1.64
2.68
2.64
1
0.76
0.77
0.74
0.64
0.66
1.68
1.46
0.75
0.89
0.69
1.5
0.55
2.26
1.2
1.46
0.51
0.74
1.1
2.34
2.13
2.58
4.67
3.37
1.47
0.97
0.96
1.11
1.12
1.12
0.78
2.66
2.4
0.74
0.67
1.92
2.29
0.79
1.68
0.85
1.72
1.84
1.99
1.67
1.44
1.36
4.53
2.8
2.9
2.39
0.85
1.86
2.44
3
3.32
1.65
0.86
1.5
1.19
0.86
0.98
0.76
1.15
1.55
3
1.08
0.94
0.83
1.87
1.56
1.3
0.71
1.23
4.05
5.28
4.78
3.26
2.29
1.84
0.5
0.93
1.03
1.04
1.18
0.34
0.59
0.75
0.36
0.45
1.39
1.56
0.69
0.69
1.48
0.63
1.52
2.02
1.38
0.94
0.98
0.96
0.74
0.83
1.44
2.57
1.76
1.54
3.1
3.35
1.11
0.79
1.13
0.99
0.88
2.27
2.71
1.5
1.06
1.03
3.07
2.88
0.85
1.51
1.09
4.09
3.17
1.22
2.35
1.51
1.37
3.44
3.13
1.33
1.56
0.72
0.89
0.91
2.05
3.29
4.78
1.76
1.23
1.2
1.69
1.3
1.56
1.38
1.82
1.26
1.86
1.88
1.78
1.59
4.78
2.87
1.65
2.5
4.15
2.26
1.13
1.25
1.47
3.75
1.94
2.34
2.39
1.86
1.72
3.32
2.29
1.74
1.31
1.29
4.15
1.75
1.28
2.09
1.86
2.13
1.07
1.95
1.07
2.03
1.66
2.43
1.63
3.06
4.65
2.33
2.13
2.94
1.31
3.04
4.54
4.64
2.54
1.42
1.91
2.76
2.06
1.93
2.44
3.37
1.51
2.28
2.26
3.35
1.92
1.37
3.24
1.74
1.84
2.59
2.92
2.03
1.31
2.4
2.13
2.18
2.29
1.42
1.65
1.31
1.51
1.37
0.89
0.95
1.22
1.99
2.09
3.4
1.89
2.35
2.56
1.54
1.32
1.01
1.23
1.36
1.27
1.42
2.13
1.81
1.33
1.83
1.25
1.49
1.37
0.98
1.77
1.78
2.03
1.35
1
1.24
1.4
1.78
2.14
1.83
1.35
2.37
1.11
1.35
1.11
0.92
1.07
1.88
1.71
1.61
1.78
1.87
1.67
1.3
1.43
1.49
1.08
1.2
2.21
1.52
1.24
2.09
2.59
1.39
1.38
1.03
2.03
1.79
1.75
2.55
2.08
1.18
1.9
0.89
1.71
1.55
1.13
1.71
4.47
3.5
1.6
2.18
1.57
0.97
0.88
0.86
0.83
1.04
1.19
0.89
1.88
1.04
0.82
1.14
1.38
1.58
1.08
1.51
3.21
2.37
1.13
1.96
1.75
0.75
0.87
1.37
1.99
0.88
1.1
2.16
1.06
0.94
0.58
0.66
0.79
1.23
1.48
1.07
1.08
0.88
1.58
3.07
3.48
3.92
1.92
1.74
0.91
1.27
1
1.42
2.61
1.35
2.8
3.99
3.32
1.37
2.23
4.71
2.57
1.18
0.92
1.24
2.2
3.79
1.6
0.64
1.3
1.77
2.24
1.56
1.65
1.26
1.07
0.9
0.7
0.75
0.6
0.78
0.62
0.37
0.57
0.49
0.53
1.93
1.38
1.08
0.36
0.55
0.64
0.8
1.97
0.56
0.86
0.6
1.09
1.64
2.75
3.73
2.23
1.46
0.92
1.52
0.84
1.31
0.72
0.59
0.9
1.05
0.88
1.22
0.61
1.65
1.19
0.53
0.5
1.86
0.73
0.6
1.62
1.35
1.43
1.62
2.55
1.07
0.92
1.43
1.34
1.64
2.18
2.67
1
1.26
1.22
3.26
1.02
1.03
0.96
1.24
2.22
1.25
3.04
1.76
1.26
1.19
0.68
0.9
2.94
1.47
1.41
1.71
1.11
1.17
1.2
2.1
2.04
1.9
1.46
0.62
1.35
2.35
0.97
0.84
0.91
0.83
0.66
0.47
0.91
1.32
0.99
0.83
1.36
1.45
0.98
0.88
0.63
0.91
0.97
1.57
2.4
3.06
1.6
0.94
1.82
0.54
1.31
0.55
2.56
3.01
3.89
3.06
1.65
1.1
0.94
0.73
0.52
1.86
2.8
1.92
2.55
2.96
2.95
2.24
3.27
3.72
5.04
4.17
1.55
2.71
5.63
4.16
1.35
1.43
1.37
1.46
2.03
1.7
1.17
1.36
1.36
1.51
0.71
0.35
2.41
2.4
1.72
2.85
2.14
1.97
1.92
3.08
2.02
2.34
1.22
1.1
2.66
1.13
4.76
1.75
4.12
4.58
1.94
2.06
2.28
2.86
1.34
3.28
4.47
2.05
2.26
1.79
1.12
2.27
1.34
1.08
1.18
1.14
1.35
1.79
1.16
1.73
1.96
1.88
1.86
1.39
1.3
2.93
2.81
1.92
1.33
1.08
2.27
1.94
1.89
1.39
1.63
2.9
2.8
1.95
1.67
2.81
3.07
2.83
1.45
2.14
2.63
1.47
1.26
1.63
1.4
1.21
1.75
2.22
1.04
1.59
1.13
2.04
0.95
1.41
2.35
1.55
1.62
1.43
1.22
1.02
0.98
1.67
1.95
2.03
2.06
1.35
1.53
1.51
2.05
2.16
1.27
1.25
2.89
1.82
1.18
2.82
1.76
1.69
1.8
1.53
1.41
1.61
1.88
1.1
1.78
2.37
3.11
3.26
3.57
2.17
1.25
1.48
1.5
1.3
1.61
1.57
1.86
1.53
1.28
1.2
1.4
0.96
1.35
1.24
1.14
1.19
0.97
1.13
0.97
1.12
1.6
1.33
1.61
1.21
1.74
1.16
1.44
1.69
2.47
3.01
1.52
1.86
0.86
1.81
1.51
1.07
1.17
1.91
1.01
2.06
1.85
2.08
2.53
2.52
1.39
0.94
1.17
1.6
1.09
0.84
1.22
1.07
1.25
1.33
0.88
1.02
0.78
0.88
1.2
1.96
2.54
0.86
1.11
0.85
1.01
0.79
2.2
1.15
0.73
1.3
1.19
2.46
2.11
1.3
2
1.11
1.35
1.43
1.61
2.26
3.02
1.53
1.31
0.76
0.82
1.26
1.05
0.87
0.83
0.73
0.63
0.8
0.7
2.21
0.92
0.66
0.7
0.98
1.02
0.92
0.87
0.78
1.37
1.25
1.69
1.02
1.24
1.38
0.78
0.98
2.04
4.38
2.77
1.9
1.16
1.04
1.18
2.05
1.26
2.6
2.71
1.97
2.13
0.81
0.58
0.87
0.67
0.58
1.79
0.52
0.56
0.94
1.58
1.9
1.3
1.78
1.5
1.27
0.99
2.25
0.98
0.74
0.89
2.58
0.86
0.73
1.34
0.96
0.74
0.81
0.73
1.18
1.41
0.87
1.29
1.83
1.91
1.18
3.17
2.91
1.94
0.89
0.92
0.8
0.88
1.06
0.75
1.45
3
1.6
1.54
3.33
2.14
1.71
2.32
2.01
0.75
0.87
1.87
0.83
2.29
2.82
3.48
2.38
3.53
1.17
1.19
1.13
0.97
1.68
0.84
1.35
2.72
1.58
1.27
1.24
0.83
0.66
1.59
0.99
0.6
1.33
0.93
0.93
0.9
0.72
0.94
1
0.78
0.79
0.89
1.88
1.63
1.18
1.01
1.45
1.31
0.97
1.42
2.03
1.81
2.5
1.2
1.17
2.72
1.51
2.39
2.95
3.74
1.48
1.69
2.66
3.18
2.69
2.55
1.71
1.65
1.13
1.38
1.53
1.38
1.82
1.71
4
2.73
1.02
1.18
2.74
1.96
5.28
1.54
2.01
1.43
2.04
4.4
1.99
3
2.66
3.12
2.75
1.45
1.01
1.56
1.85
2.71
2.31
1.63
1.2
2.81
3.8
2.96
0.76
0.92
1
2.45
4.38
1.57
1.65
2.43
3.8
2.2
2.15
1.86
2.37
3.8
4.53
4.39
1.38
1.01
1.78
3.04
2.79
2.62
0.83
1.29
1.45
1.4
2.54
1.29
1.36
1.4
2.04
2.01
1.31
1.38
1.23
1.5
1.88
2.04
1.77
1.61
1.88
2.62
1.93
1.09
1.82
2.81
1.78
1.39
1.21
2.97
2.07
1.66
0.86
1.71
4.57
2.96
2.03
2.31
1.53
1.98
2.67
3.25
2.38
1.62
1.85
2.17
2.03
0.85
1.78
1.48
1.84
2.8
1.36
1.56
1.74
1.41
1.69
1.34
1.43
2.87
3.57
3.76
2.78
2
2.04
1.35
2.43
1.27
1.81
1.55
2.94
5
5.39
4.36
2.35
1.24
1.58
2.89
1.89
1.91
1.97
1.3
0.94
1.06
0.87
1.3
1.72
2.57
1.14
0.97
0.91
1.02
1.1
1.25
1.18
1.02
1.34
1.11
3.24
2.29
0.76
1.16
1.23
1.34
1.88
1.94
1.67
1.56
1.24
1.49
1.27
1.41
0.89
1.22
1.56
1.66
1.07
1.52
0.98
0.89
0.89
0.7
1.19
0.99
1.29
0.98
1.57
1.14
1.33
1.11
0.77
0.86
0.77
1
1.79
1.22
1.07
1.51
2.17
1.27
0.98
1.24
1.77
3.74
0.88
0.77
1.06
1.49
1.04
1.19
1.47
1.17
2.38
2.24
0.84
1.2
1.95
1.71
1.2
0.97
0.85
1.56
0.84
0.85
0.65
1.02
1.36
1.34
1.33
0.84
0.91
0.97
0.82
0.66
0.9
1.57
2.06
1.73
1.21
0.68
0.78
0.57
0.67
0.64
0.6
0.59
0.61
0.87
0.65
1.44
1.98
1.64
1.01
1.07
1.1
1.57
2.95
2.88
3.28
1.42
0.93
1.47
3.09
2.63
1.47
0.75
0.69
1.07
1.09
0.62
2.07
1.75
2.37
2.33
1.58
2.49
2.12
3.83
3
1.44
1.24
1.58
1
0.66
0.98
1.28
0.92
1.34
0.86
1.23
1.47
1.31
1.03
1.05
1.66
1.55
1.34
0.94
2.27
3.61
2.99
3.13
2.69
1.69
1.48
1.47
3.69
1.51
1.03
1.63
1.99
1.83
2.05
2.2
1.89
2.06
1.6
1.2
2.54
2.44
0.82
1.35
0.83
0.9
0.69
1.08
0.83
0.76
1.14
1.33
2.49
3.85
3.12
3.15
1.36
0.82
0.9
1.13
0.73
1.02
0.85
0.81
0.79
1.14
3.5
3.84
3.65
1.52
1.26
1.55
0.81
1.61
1.79
0.84
0.8
0.77
1.2
0.92
1.12
1.55
1.18
0.97
1.05
1.08
0.87
1.25
1.68
2.42
1.19
1.18
1.64
1.29
1.36
2.01
1.92
2.1
2.95
1.98
3.29
2.5
3.84
1.78
1.23
0.92
0.87
1.82
0.73
0.9
1.12
3.35
3.23
1.51
1.52
1.24
1.16
3.4
4.28
3.26
2.43
1.37
3.38
2.1
4.2
4.86
2.38
1.03
2.64
1.37
1.33
2.05
1.25
0.78
1.12
1.26
1.06
1.03
1.24
1.45
2.48
3.03
1
1.75
2.5
4.24
3.28
2.36
2.99
3.84
3.17
2.91
1.64
1.18
1.05
1.1
1.22
1.76
1.42
2.05
2.3
2.13
2.32
1.63
1.05
1.21
0.99
1.43
1.22
2.89
3.38
1.91
1.21
1.66
2.23
2.03
0.98
1.53
1.16
1.77
2.11
2.27
3.77
1.65
0.89
1.12
0.93
1.3
0.97
1.93
0.96
2.82
1.7
2.07
2.16
0.98
1.07
1.39
1.71
3.87
2.33
1.11
1.24
2.08
1.55
2.24
1.32
2.41
2.23
2.07
1.29
1.26
0.95
1.48
1.55
3.26
1.93
1.51
1.59
2
2.01
1.23
2.19
1.1
1.51
3.04
2.83
2.69
2.11
1.47
1.23
0.87
1.65
0.91
1.5
2.36
1.68
1.38
1.78
1.02
1.78
2.48
2.39
0.99
2.51
2.35
1.09
1.55
1.81
1.4
1.07
1.75
1.07
0.56
0.83
1.21
2.14
1.1
1.03
0.98
1.2
0.96
1.9
0.89
1.37
2.89
1.71
1.47
1.83
1.17
0.85
0.91
1.16
1.35
1.27
0.69
1.37
1.24
1.04
0.76
1.01
1.24
1.01
1
1.3
2.48
1.76
0.67
1.88
0.97
1.4
0.9
0.96
1.5
2.39
1.19
1.01
0.92
1.08
1.1
1.11
1.19
1.02
1.81
1.04
0.75
0.91
1.77
3.65
2.56
1.61
0.59
0.86
0.6
1.01
0.47
0.67
1.69
1.24
1.23
0.65
1.15
0.7
0.7
0.97
1.46
2.01
1.27
2.5
0.87
0.91
1.08
1.74
2.15
1.3
0.86
0.86
1.15
2.95
1.8
1.4
0.65
0.29
0.61
1.54
1.14
0.44
0.71
0.27
0.44
0.52
1.02
1.22
1.7
3.43
3.56
1.17
0.74
0.6
0.69
1.15
1.57
0.44
0.67
0.76
0.65
0.53
0.8
0.55
0.64
0.81
1.31
0.65
0.5
0.65
1.24
0.97
1.07
0.37
0.91
0.48
0.85
0.99
0.71
1.6
2.72
1.56
1.67
2.47
2.29
1.55
0.87
1.37
1.76
2.44
1.92
3.32
1.81
0.99
2.44
1.6
0.74
1.1
0.98
0.99
1.29
0.87
0.98
1.03
0.98
1.2
1.15
0.8
3.08
1.47
1.9
2.96
3.13
1.56
1.07
1.53
2.29
0.69
1.67
2.13
2.5
2.13
1.31
1.08
1
2.05
1.44
2.11
1.87
1.19
1.26
3.93
2.48
0.74
1.1
1.45
0.86
1.06
2.16
2.61
3.5
5.56
3.8
3.92
4.63
1.66
0.88
2.74
2.65
1.84
0.96
1
3.1
4.08
1.27
1.35
2.26
2.74
0.95
0.81
1.54
1.41
1.64
2.69
3.15
1.05
4.7
1.34
1.76
2.39
1.16
1.25
2.07
1.81
1.39
2.4
1.3
2.55
3.18
3.09
1.66
1.71
1.31
3.29
5.1
2.56
1.16
0.85
0.81
1.17
1.4
2.11
3.55
1.67
2.51
2.25
1.25
2.81
3.85
2.31
3.39
3.55
1.91
1.92
1.96
4.84
2.21
3.05
4.27
1.5
1.15
2.72
2.15
2.75
4.76
1.03
2.73
2.89
1.42
2.52
2.07
3.33
2.36
3.76
1.26
1.98
2.16
1.85
1.07
1.36
1.5
1.66
3.46
3.21
1.37
1.08
1.59
1.09
1.34
3
3.27
3.15
1.2
3.64
4.36
1.29
1.29
1.85
0.9
1.28
2.18
3.01
2.74
1.25
1.38
1.3
1.14
1.2
1.05
1.32
1.47
3.53
2.17
2.53
1.62
2.03
2.37
1.83
1.47
1.08
1.93
1.73
1.17
1.28
2.03
1
1.25
0.85
1.68
1.54
2.13
2.03
1.29
1.46
1.08
1.02
1.36
1.28
1.5
1.43
1.87
1.61
1.27
1.28
1.21
1.32
1.66
1.77
1.41
1.71
1.27
1.42
1.82
1.52
1.5
1.24
1.27
2.41
1.79
2.09
2.96
2.87
1.42
0.81
1.07
1.06
1.53
1.29
1.77
0.96
0.88
0.91
1.44
0.93
1.07
2.46
1.62
1.44
1.12
1.48
1.58
1.25
1.04
1.1
0.98
1.1
1.24
1
0.74
1.21
1.18
1.23
1.16
1.37
1.29
2.51
1.69
1.33
0.99
1.13
2.21
2.3
1.31
2.23
2.23
1.25
3.48
1.08
0.99
0.92
0.99
1.12
1.9
3.57
3.33
1.23
1.3
0.88
1.05
2.5
2.47
1.38
1.71
1.55
3.65
2.57
4.36
2.49
1.25
1.16
1.95
0.79
1.34
0.84
1.48
1.3
1.27
1.65
1.11
1.04
0.76
1.01
0.75
0.64
1.66
2.36
1.47
1.46
2.21
0.96
0.81
0.57
0.64
0.69
0.41
0.46
0.59
2.01
3.16
1.73
1.63
1.76
1.33
1.24
3.19
3.33
2.33
0.77
1.18
1.37
0.7
1.74
1.4
1.05
1.54
0.76
0.81
0.8
1.4
0.81
0.94
0.86
0.44
0.61
0.5
1.16
0.98
1.86
3.89
2.12
2.51
1.59
0.92
1.54
1.9
1.86
0.72
0.91
1.74
4.58
2.12
0.8
1.5
1.13
1.39
2.5
2.4
0.83
1.12
1.4
2.09
1.6
1.08
1.2
1.75
1.34
3.86
1.73
2.6
2.78
1.23
1.15
1.28
1.47
0.93
1.28
1.08
3.01
1.73
1.91
0.86
1.04
0.94
1.49
1.46
1.28
1.16
0.71
2.1
2.11
2.92
0.94
0.88
1.63
0.92
0.61
2.96
4.59
1.36
1.28
0.74
1.09
1.23
1.63
1.67
3.52
4.38
2.2
2.01
1.87
2.2
2.41
3.27
2.62
2.62
2.06
4.58
2.4
0.68
0.98
1.44
0.89
1.86
1.52
2.38
2.55
1.68
1.48
1.34
1.99
2.91
1.25
1.07
2.31
1.03
1.36
2.56
3.5
3.82
2.94
1.15
0.94
1.18
1.05
1.7
6.59
6.98
2.33
3.64
2.65
2.03
1.88
4.15
3.35
1.96
2.18
2.59
3
1.46
1.88
1.2
1.06
2.63
1.2
2.65
3.79
1.29
1.35
2.36
3.58
1.96
2.28
1.68
3.14
4.53
1.15
1.37
1.52
1.81
1.14
1.36
2.16
3.07
1.67
1.83
1.57
1.62
1.12
3.03
4.23
3.68
3.17
2.27
1.53
1.63
1.46
1.18
1.97
1.23
1.58
1.26
1.49
1.66
2.1
2.52
2.47
1.19
2.47
2.04
1.69
4.18
2.39
2.49
2.74
1.33
3.98
1.72
1.33
1.71
1.41
2.79
2.15
1.65
1.41
1.34
1.22
1.12
1.24
1.82
1.32
1.86
1.18
2.56
3.01
2.13
3.31
1.45
1.84
0.83
0.91
1.26
1.26
1.13
1.92
2.53
1.41
1.18
2.04
1.49
2.02
2.03
1.39
1.56
2.19
1
1.55
1.68
1.72
3.15
3.59
2.54
1.9
1.02
0.87
1.47
0.94
0.99
1.03
1.13
1.68
1.03
0.87
0.8
1.83
1.42
0.97
1.14
1.19
1.16
1.08
1.4
1.79
2.88
1.89
1.37
1.13
1.45
0.92
1.56
1.06
1.36
1.74
1.32
2.67
2.24
1.06
1.16
1.79
0.94
1.06
0.8
1
1.1
1.35
3.84
3.12
1.24
0.74
1.09
0.65
0.97
0.91
1.72
1.99
1.08
0.76
1.1
1.47
2.38
0.79
0.84
1.23
1.36
1.76
1.12
1.25
1.67
1.03
1.31
1.32
1.51
0.94
1.9
1.52
1.6
1.39
1.59
1.19
1.02
0.92
1.02
1.27
1.13
0.5
1.46
2.12
1.14
1.53
0.9
1.24
0.97
0.29
0.8
0.59
0.49
1.72
1.62
0.9
1.36
0.76
1.01
1.76
1.03
0.93
1.53
2.45
1.6
1.47
3.72
1.31
1.36
0.78
1.35
2.86
1.35
1.68
0.7
0.74
2.64
2.41
1.8
1.41
0.94
1.11
1.75
2.26
1.25
5.79
1.55
1.66
1.52
1.56
0.53
0.86
1.79
1.18
1.02
1.07
1.51
2.71
2.61
6.21
4.95
3.9
1.16
1.14
0.79
0.92
1.74
1
0.95
1.59
1.72
1.8
0.9
1.23
1.56
1.24
0.6
0.53
0.71
1.79
1.07
1.44
1.05
1.68
1.36
0.91
0.96
0.92
4.09
5.28
2.37
1.78
2.44
1.59
1.38
0.68
1.35
3.52
1.95
1.65
1.98
1.27
1.16
0.67
1.06
1.15
0.85
0.87
0.72
1.54
1.01
2.67
3.38
2.43
1.2
1.41
1.73
1.21
1.33
2.27
3.69
0.91
1.23
0.62
1.08
1.27
1.69
1.77
1.35
0.83
1.38
1.78
0.88
3.84
2.47
2.13
2.08
1.24
2.61
2.46
1.2
4.26
3.04
1.44
2.06
2.42
1.08
0.95
2.83
2.74
1.18
1.77
2.39
2.12
2.59
1.72
2.49
1.36
1.81
3.34
5.19
2.7
1.99
2.02
1.33
1.65
1.6
1.13
0.94
2.15
3.34
1.73
1.4
2.42
2.12
3.31
4.71
3.48
1.84
1.06
1.22
1.98
2.47
1.08
1.66
0.89
1.27
1.57
2.48
1.44
1.81
1.13
1.04
2.37
3.31
1.83
1.69
0.99
1.09
2.53
3.2
5.42
4.51
2.02
2.65
1.19
1.41
1.14
1.52
2.5
1.67
1.07
1.6
1.89
2.29
1.65
1.58
1.04
4.46
6.95
2.24
2.01
2.56
1.19
1.14
1.74
2.13
1.68
1.72
5.81
9.01
5.75
1.24
1.78
2.6
2.33
2.11
2.32
2.26
1.81
1.62
1.11
2.53
1.98
1.4
3.96
2.51
1.97
1.63
1.19
1.34
1.38
1
0.91
0.74
0.86
0.86
1
2.21
1.39
1.81
2.43
1.61
1
1.41
1.45
1.63
1.28
1.19
1.58
1.38
1.11
1.43
1.09
2.2
3.01
2.37
1.42
1.91
1.28
2.14
1.7
0.91
1.37
2.11
1.46
1.24
1.71
1.37
1.24
0.98
1.81
1.74
2.02
1.68
0.89
2
2.32
1.13
2.51
1.12
0.87
1.18
0.94
0.78
1.62
1.16
1.45
1.44
0.97
1.4
1.2
1.94
2.72
1.23
0.74
1.7
0.91
1.48
1.55
1.47
1.29
0.84
0.88
0.84
1.87
0.84
1.38
1.54
0.75
0.94
0.92
0.99
1.85
1.53
0.75
1.24
0.84
0.92
2.86
2.53
2.94
1.53
0.88
0.84
0.4
0.84
0.86
0.9
1.83
1.47
1.82
1.11
0.82
0.83
0.76
1.23
1.68
0.87
1.27
1.5
1.36
1.79
0.97
0.57
1.03
0.66
1.4
0.63
0.78
0.98
1.09
0.68
0.5
0.65
1.68
2.57
3.69
1.71
1.6
0.67
2.64
2.15
1.07
0.95
1.42
0.72
1.21
0.94
1.1
2.15
3.22
3.91
0.8
0.68
0.64
0.53
0.53
0.45
0.52
0.81
1
1.95
3.84
2.96
1.53
0.83
1.62
1.16
2.28
1.92
1.39
1.63
0.72
1.99
1.92
1.61
2.44
0.87
1.12
0.73
1.06
0.96
0.97
0.69
1.24
1.69
1.04
1.04
0.93
1.86
1.43
1.09
0.83
0.55
1.65
1.73
1.27
4.33
1.72
0.9
2.13
2.5
1.47
0.94
0.55
0.83
1.12
1.34
1.3
1.59
1.26
1.47
0.93
0.91
1.63
1.8
3.95
2.87
2.84
0.78
1.42
1.31
1.38
2.5
2.12
1.71
1.17
0.76
1.68
1.97
1.76
2.17
2.3
1.72
2.01
4.61
2.67
1.39
0.88
0.97
0.76
0.6
3.98
3.91
4.08
2.34
0.81
1.04
1.84
1.69
1.58
1.16
1.02
0.81
2.29
3.16
5.14
2.65
3.81
2.12
1.49
1.42
1.25
1.47
1.71
1.52
1.16
1.38
0.87
0.81
1.39
4.84
2.19
1.88
2.49
5.29
3.5
1.32
1.38
1.62
2.93
2.07
1.99
4.8
4.19
1.86
1.05
1.25
1.15
3.4
5.9
3.64
1.34
1.2
1.19
1.35
1.32
1.19
1.08
2.39
2.88
1.56
2.16
1.66
1.23
3.63
4.7
2.26
2.55
3.69
4.43
3.85
2.34
1.21
3.81
4.32
5.32
3.3
1.91
2.1
1.67
1.92
2.02
1.71
2.08
2.26
2.79
3.47
1.28
2.95
3.34
2.26
2.22
1.74
2.8
2.25
3.74
2.83
3.25
1.63
3.35
2
1.17
1.32
2.89
2.12
1.34
1.44
1.3
2.63
2.25
2.05
1.93
1.43
1.06
0.89
1.24
1.27
1.79
2.03
2.48
4.48
2.62
2.39
1.82
2.92
4.04
1.61
1.57
1.57
1.09
1.24
0.88
0.9
2.12
1.05
1.13
1.07
0.95
2.7
1.88
1.15
2.37
3.68
1.74
2.38
2.39
3.55
1.47
1.18
1.19
1.22
2.34
1.6
1.12
1.17
2.16
1.09
2.34
1.28
0.87
1.14
1.04
1.34
0.76
1.03
0.87
1.88
1.94
1.45
0.82
1.12
0.97
0.89
0.6
1.05
0.82
0.78
1.21
1.38
0.94
0.85
0.99
1.78
1.06
1.68
1.17
0.73
0.77
1.19
0.91
1.11
1.17
1.17
0.94
0.94
0.99
0.8
0.82
1.06
0.88
0.86
0.9
0.81
0.98
1.06
1.28
1.14
1.31
1.02
1.55
2.37
1.09
1.31
1.33
2.34
1.61
1.03
1.76
1.39
0.79
1.38
2.34
2.63
1.91
1
1.24
1.41
1.38
1.01
1.1
1.32
1.65
0.78
1.45
1.94
2.28
1.62
3.89
3.51
1.6
2.06
2.7
1.69
1.26
1.69
2.98
3.17
3.69
3.37
3.13
2.46
1.67
0.88
0.74
1.99
2.91
0.56
0.8
0.54
0.52
0.26
1.68
3.43
0.95
0.67
1.51
0.94
0.7
0.7
0.65
1.94
1.83
0.56
1.35
0.93
0.98
0.3
0.62
0.78
1.38
0.95
0.66
0.64
0.73
0.85
0.99
0.64
0.45
0.56
0.55
0.62
0.58
0.82
0.65
0.77
0.57
0.65
1.17
0.76
0.65
1.14
0.83
2.6
1.75
0.93
0.82
0.67
0.86
2.02
2.79
1.04
1.41
1.4
1.51
0.77
0.46
0.93
1.36
1.18
0.83
0.8
0.97
1.87
1.01
0.88
1.15
0.65
0.79
0.79
1.99
1.2
0.64
1.59
0.94
0.86
0.71
0.78
0.61
0.56
0.46
0.61
0.83
1.21
0.86
0.41
1.38
1.71
1.53
0.77
1.07
0.93
0.59
0.79
0.76
2.65
1.8
1.11
1.58
1.01
2.63
2.79
2.09
1.1
0.44
1.36
0.68
0.71
0.79
0.64
0.9
0.69
1.33
0.72
2.37
1.96
1.16
1.22
1.52
1.68
1.91
2.37
4.62
3.7
4.55
2.47
1.39
1.23
1.66
1.94
1.69
2.96
1.5
1.13
1.55
2.11
2.26
3.06
2.39
2.25
2.11
1.73
1.61
1
1.82
1.18
1.98
3.73
4.43
4.21
2.68
2.19
0.91
1.37
3.14
3.92
3.2
4.01
3.31
1.73
1.55
0.81
0.72
1.64
1.18
1.14
1.03
2.28
4
1.24
1.22
1.33
2.25
1.79
2.67
3.95
4.15
1.96
2.24
3.82
3.69
2.37
1.62
3.13
2.47
2.21
1.38
1.47
2.23
1.49
2.8
4.83
4.3
2.87
3.57
2.3
1.7
1.46
1.65
4.89
3.31
2.89
2.69
0.98
1.03
1.4
1.61
2.62
3.28
4.16
2.92
1.1
1.01
1.28
1.42
1.45
0.7
0.99
2.91
1.35
2.1
0.98
0.95
0.91
1.91
1.7
0.9
1.86
2.46
1.38
1.7
0.93
1.54
1.55
2.46
3.07
2.27
2.02
0.83
0.66
0.81
1.06
1.54
1.18
1.08
1.03
1.18
1.39
1.13
1.22
1.02
1.33
1.94
3.23
1.36
1.62
1.74
0.74
0.72
0.8
0.91
1.65
1.78
1.96
1.82
1.2
1.43
0.82
1.61
2.21
0.94
1.3
1.33
1.12
1.48
1.1
1.2
1.88
1.29
2
2.23
3.09
4.41
1.77
0.91
0.78
1
0.96
1.07
0.81
1.47
0.96
1
0.98
1.34
0.89
1.1
1.71
1.43
0.98
1.17
1.59
1.83
3.05
2.43
0.82
1.22
1.9
1.59
0.91
0.81
1.13
1.12
1.03
1.2
0.84
0.62
0.95
1.44
2.32
2.59
1.22
0.71
0.69
0.85
1.03
1.39
1.57
0.91
0.62
0.79
0.7
1.4
1.29
2.64
1.63
0.82
0.86
0.8
0.66
0.62
0.64
0.67
1.3
2.77
1.58
0.71
3.42
3.62
0.94
1.34
0.66
0.58
0.65
0.8
0.62
0.98
1.27
1.07
1.62
0.55
1.01
2.56
2.73
0.98
0.84
0.71
0.71
0.83
1.73
1.19
0.93
1.33
0.79
0.85
1.27
0.98
0.55
0.86
0.76
1.02
1.6
2.6
2.34
1.59
0.74
0.68
0.56
0.62
0.7
0.94
1.23
1.12
1.43
2.22
3.03
0.87
1.12
0.97
1.22
1.38
4.55
2.09
1.01
1.03
1.24
1.11
3.51
2.54
1.92
1.61
1.79
1.29
1.12
1.05
0.53
1.18
3.4
2.34
1.05
0.86
2.28
0.91
0.51
0.69
0.71
1.2
1.32
0.72
0.86
0.73
2.1
1.3
0.71
1.16
0.58
1.24
1.1
1.05
1.55
1.39
0.91
0.62
0.64
0.96
0.75
2.3
3
3
0.71
0.57
0.72
0.75
1.05
1.35
4.07
6.28
3.37
0.85
2.09
1.18
1.73
2.36
1.99
1
0.66
1.69
4.04
2.68
1.11
0.63
0.82
0.81
0.61
1.54
1.4
0.59
1.47
0.74
0.47
1.04
0.55
0.86
1.19
3.42
1.78
1.45
3.46
3.43
2.4
1.27
1.03
1.32
1.25
1.11
1.18
0.76
1.15
0.96
1.61
0.96
1.13
1.47
2.24
4.06
2.89
1.22
1.61
3.29
5.32
2
1.96
2.54
4.08
3.37
1.76
2.75
3.56
1.02
4.37
3.88
2.26
1.19
1.4
0.93
1.08
1.95
1.25
1.5
1.3
1.25
1.66
1.6
2.44
1.63
2.79
0.85
1.19
1.26
1.31
1.84
2.28
1.35
2.46
3.17
1.79
3.67
1.32
2.45
0.89
1.5
2.54
1.97
1.69
1.17
1.32
2.42
1.36
3.1
7.28
7
2.33
2.43
2.36
2.3
5.2
3.69
2.48
2.13
1.19
1.25
1.76
1.33
1.16
1.64
1.36
1.77
1.52
2.06
3.01
1.6
3.23
2.66
1.23
1.32
1.8
2.17
1.29
1.87
2.31
3.58
4.47
1.57
1.42
1.45
3.01
2.08
1.9
1.15
1.47
1.23
1.28
1.44
1.27
1.07
2.4
1.13
2.31
1.44
1.42
1.25
1.13
1.8
1.67
1.3
1.53
0.95
1.35
2.71
3.88
1.12
1.72
1.39
1.1
1.78
1.32
1.51
1.36
1.81
2.19
3.71
2.97
1.55
1.68
2.24
0.98
1.76
1.13
1.17
1.33
1.22
1.87
1.29
1.35
1.59
0.84
2.14
2.1
0.85
1.11
1.64
0.93
1.08
1.14
1.45
1.51
1.27
1.51
0.66
0.94
1.17
1.63
0.77
1.35
1.57
1.35
1.65
1.37
3.01
1.85
1.43
0.94
1.59
1.51
1.65
1.89
0.93
0.92
0.86
0.9
1.27
2.55
2.32
1.67
0.8
0.92
1.04
0.86
0.81
1.24
1.07
0.8
1.42
1.13
1.55
2.04
3.05
1.13
0.95
0.9
1.15
1.23
2.69
1.57
1.13
1.34
2.62
4.07
0.99
1.08
1.29
0.65
3.07
3.42
2.78
1.23
0.74
0.41
0.59
1
0.51
0.82
0.83
0.91
0.69
0.72
1.19
1.48
1.84
1.34
1.32
0.56
0.66
1.04
0.84
0.99
0.74
0.74
0.58
0.67
0.53
1.15
0.5
0.49
0.45
1.2
3.9
4.45
0.95
0.75
1.18
0.78
2.83
1.32
0.77
0.73
1.05
0.86
1.91
2.45
2.03
1.9
0.63
0.52
0.83
0.74
1.13
4.36
3.36
0.66
0.56
1.16
0.81
0.73
1.05
0.64
1.49
1.89
0.62
2.5
2.52
1.09
1.69
1.13
1.05
0.62
1.94
2.45
1.15
0.68
0.68
0.4
2.4
1.07
3.3
4.78
3.91
1.57
2.36
1.78
1.19
0.78
1.33
0.9
0.55
1.07
0.78
1.18
0.93
0.98
3.04
3.09
2.3
0.7
1.79
2.26
2.08
0.92
2.03
1.45
2.14
3.26
1.48
0.8
1.24
0.75
0.88
1.85
1.94
1.59
1.2
2.61
0.98
2.47
1.22
2.01
2.95
1.52
0.68
1.54
1.6
1.4
1.13
1.12
1
1.26
1.44
4.25
1.69
1.29
0.98
0.79
1.41
1.97
1.8
0.85
1.7
1.21
1.12
3.45
3.25
1.65
1.51
1.38
2.62
1.38
2.55
3.47
3.42
2.47
3.63
3.91
4.8
4.75
1.96
1.81
1.14
1.02
1.59
1.77
1.05
1.08
1.96
2.37
3.01
2.57
4.04
1.21
1.36
2.38
1.25
2.43
2.33
2.09
1.65
2.92
1.33
2.06
2.19
1.32
1.02
1.5
1.38
2.08
1.41
3.07
2.6
2.19
5.02
5.84
2.49
3.01
1.54
2.52
2.25
3.31
2.6
1.48
3.53
1.04
1.25
1.64
2.95
2.77
1.93
1.74
1.68
1.03
1.46
1.17
1.97
2.62
1.39
1.63
1.84
3.23
2.59
1.55
1.76
3.14
2.89
2.74
1.6
1.32
1.05
1.01
1.12
1.01
1.28
1.34
2.12
1.31
1.22
1.03
1.73
1.38
1.16
1.19
0.99
0.98
1.47
0.73
0.88
0.97
1.45
1.1
1.09
1.26
1.31
1.18
1.08
1.13
1.29
1.06
1.37
1.36
0.73
1.08
1.74
1.68
3.46
3.2
2.17
1.46
3.27
2.91
1.29
2.03
1.95
1.31
0.8
1.4
1.78
3.14
2.55
2.1
2.61
1.02
1.11
0.77
1.12
1.76
1.27
2.37
1.61
1.7
1.2
1.05
0.97
0.79
1.17
1.19
0.92
1.79
2.32
1.35
0.76
1.41
0.85
2.21
2.02
1.94
1.81
0.95
0.88
1.18
1.46
1.59
1.18
1.18
0.99
0.78
0.83
0.78
1.33
1.41
1.15
1.82
1.3
1.03
1.78
1.55
1.83
1.07
0.67
0.62
0.79
0.72
1.27
0.92
0.96
1.2
1.55
2.56
1.37
0.74
0.97
0.82
0.96
2.05
1.66
1.04
1.23
1.37
0.87
0.9
1.13
0.71
0.63
0.88
0.87
0.64
1.53
0.83
0.95
1.15
1.34
0.61
0.64
1.31
1.8
2.03
3.07
2.47
1.19
0.88
1.04
3.34
1.17
1.05
0.92
1.02
0.72
1.12
1.28
0.64
0.79
0.54
0.74
0.71
0.51
0.76
0.96
0.65
0.5
0.54
0.63
1.1
1.03
2.8
1.39
1.14
2.02
1.71
1.82
2.07
1.49
2.67
4.06
1.67
1.33
0.69
0.9
0.67
0.73
0.8
1.04
0.71
0.7
1.94
2.04
2.04
1.06
0.8
0.67
0.99
1.31
0.78
1.28
1.26
0.57
0.34
1.58
1.52
1.08
2.39
3.66
2.74
0.88
1.14
1.05
1.39
0.68
1.53
1.88
1.05
1.64
1.47
1.82
1.68
1.11
0.89
0.93
1.94
2.82
1.45
0.55
0.98
1.58
1.23
1.86
2.11
0.88
2.83
1.26
0.64
0.98
0.65
1.01
0.9
2.67
1.05
3.09
4.26
2.97
1.44
3.59
1.55
1.19
0.82
2.75
2.67
1.09
1.86
2.69
1.62
1.48
3.16
1.13
0.79
0.5
0.65
1.06
1
2.2
2.48
1.24
1.51
0.96
0.59
0.77
0.98
2.8
2.99
2.15
1.88
0.63
1.47
1.39
0.81
1.55
3.56
2.69
3.8
1.24
1.57
1.56
1.05
0.94
1.02
0.93
1.04
1.1
4.18
3.45
1.04
1.34
3.03
3.16
1.73
1.4
1.31
1.44
3.89
1.84
2.71
4.98
1.97
1.84
3.3
2.12
1.84
2.32
1.66
1.62
2.11
3.63
2.02
1.6
2.17
0.99
0.78
0.9
1.22
1.91
2.9
2.09
1.62
1.46
1.09
1.26
2.47
1.67
2.34
3.03
2.02
0.9
1.51
2.38
2.2
2.58
3.86
4.03
2.9
1.99
2
1.21
2.23
1.54
1.16
1.06
1.07
1.95
1.99
2.89
4.26
3.06
1.97
2.41
2.84
2.23
2.73
2.11
1.87
1.08
5.36
4.9
1.63
2.87
1.99
1.21
1.82
4.64
6.22
5.13
2.67
0.84
1.2
1.03
1
3.05
2.66
1.48
1.42
1.55
0.95
1.04
1.06
1.41
2.93
2.93
2.01
2.44
1.4
1.16
1.06
1.16
1.82
2.18
2.44
1.07
1.41
1.66
1.87
1.87
1.01
1.31
2.83
1.87
0.83
1.22
0.83
1.14
1.23
1.31
2.01
0.88
1.12
1.38
2.31
1.15
1.97
1.78
1.33
1.31
0.93
1.1
1.38
1.59
0.98
0.81
1.65
0.97
1.02
1.05
1.96
1.69
1.04
1
1.11
1.09
1.61
1.24
0.73
1.24
0.94
0.99
1.18
1.61
1.4
1.21
0.82
1.25
0.92
0.97
1.17
0.96
1.11
0.9
1.8
1.14
1.12
1.53
1.5
1.05
2.96
1.73
0.88
0.75
1.35
1.55
1.1
0.82
3.01
1.43
1.22
1.28
1.03
1.04
0.69
0.68
0.57
1.2
0.67
0.94
2.8
2.38
0.75
0.89
2.05
1.36
1.45
1.27
1.21
0.64
1.31
0.64
1.41
1.2
1.08
1.08
1.96
1.43
1.09
1.13
2.22
1.58
1.21
0.83
0.88
1.5
0.87
2.07
1.77
1.92
1.49
1.72
1.09
1.17
1.83
1.12
1.85
2.43
0.91
1.21
1.42
0.76
0.81
2.46
1.2
1.07
0.9
2.18
4.24
2.49
0.54
0.7
1.35
0.87
1.01
0.51
1.23
1
0.94
0.34
1.24
2.15
3.04
1.94
2.03
0.73
1
0.64
1.57
0.89
1.14
1.45
1.74
0.63
1.5
1.52
1.15
2.01
0.84
1.12
1.7
1.06
1.94
0.8
0.68
0.49
2.09
0.61
0.75
1.47
1.73
1.19
1.08
1.43
1.74
0.97
0.8
1.33
1.2
2.83
0.75
0.6
1.79
1.52
1.8
3.17
3.76
3.27
1.54
3.65
2.86
2.06
1.78
1.07
1.14
1.2
1.11
4.74
3.87
1.09
1.26
1.01
0.74
0.87
0.9
3.25
0.93
0.68
0.98
0.89
0.69
1.28
0.9
0.93
0.76
0.89
0.75
1.24
0.66
1.75
1.61
1.13
0.89
1.07
1.17
0.66
0.65
0.84
2.5
1.39
2.05
2.03
2.62
2.17
1.76
3.88
6.94
2.21
2.23
1.77
2.26
5.13
2.78
1.57
2.46
1.97
1.29
2.66
2.81
1.21
1.41
1.36
3.13
2.2
2
2.52
2.85
1.65
2.41
3.56
4.11
3.07
2.88
2.41
2.23
2.6
1.72
1.82
2.35
0.97
1.54
1.7
1.81
1.48
1.53
1.75
1.67
1.01
1.07
1.32
1.21
3.27
4.55
4.84
4.25
2.21
1.78
1.47
1.05
2.46
3.97
1.7
1.53
1.6
1.44
2.38
1.79
2.17
1.69
1.17
1.1
2.06
1.25
1.86
2.36
3.94
1.39
1.89
1.27
1.48
2.03
1.6
1.93
1.51
1.15
1.73
2.24
1.18
1.71
2.61
1.94
1.87
1.76
1.41
2.21
1.21
1.62
2.7
1.64
1.36
0.87
2.62
4
2.7
1.93
2.84
2.33
0.88
0.86
0.91
0.94
2.82
2.44
0.94
1.79
2.28
1.58
3.67
2.92
2.78
2.88
2.15
1.88
2.52
2.49
1.38
4.02
1.5
1.37
2.17
2.29
1.21
1.04
1.12
1.03
0.9
1.76
1.32
1.98
1.23
0.96
1.23
1.88
2.25
4.11
4.08
1.74
1.21
1.9
1.15
0.94
1.66
1.12
1.18
1.23
1.36
1.41
0.94
1.64
1.63
1.36
1.17
1.26
2.87
2.38
1.11
0.89
1.27
0.81
1.29
1.15
1.22
0.87
1.43
1.17
0.84
0.99
1.76
0.91
0.94
1.51
1.39
0.78
0.69
0.77
0.88
0.9
1.73
2.78
1.54
1.34
1.02
0.73
0.62
0.99
0.65
1.57
0.79
1.12
0.91
1.4
0.91
0.92
0.69
1.35
1.38
1.26
0.94
0.99
1.58
0.99
1.09
1.54
1.77
1.66
2.08
0.81
0.75
0.82
1.45
2.19
2.6
0.91
0.98
1.2
0.97
0.58
0.95
0.72
0.69
0.64
2.89
1.99
0.76
0.71
0.76
0.9
1.81
1.09
2.21
1.13
1.3
1.5
0.68
1.34
0.86
1.41
1.9
2.94
1.58
1.88
1.07
0.73
0.81
0.76
1.69
1.96
2.36
1.51
1.56
0.93
0.43
0.55
0.74
1.39
2.74
0.96
0.79
0.62
1.06
2.74
1.21
0.55
0.49
0.5
0.77
0.93
0.6
0.43
2.16
2.46
0.59
0.84
0.59
0.47
0.48
0.43
0.59
0.69
1.04
1.4
1.3
0.63
0.88
1.24
2.54
1.57
1.03
0.59
0.81
1.63
0.73
0.69
0.82
0.82
0.68
1.01
1.41
0.8
1.05
0.91
1.6
1.72
1.66
1.87
1.09
1.43
1.37
0.87
1.43
2.07
0.66
0.53
0.8
1.46
0.83
0.6
1.07
1.81
1.82
1.7
2.87
0.79
2.57
2.95
1.03
0.98
