19710101
0
4.33
2.63
0
0.31
0
0
0
0
0
0
0
0
0
0.03
10.19
0.24
0
0
1.17
3.41
0.58
0
0.26
0
0
2.78
0
0
0
1.99
0
0
0
0
0
0
0
0
0
0
0
0
0
17.4
1.09
1.67
0.93
0
0
0
0
0
0.12
0
0
1.55
0
0.01
0
0
0.76
0
1.14
6.94
1.06
0
2.97
0
0
0
0
0
0
1.26
4.14
0
0
0
1.46
19.69
0
0
0.98
6.84
0.09
0
2.39
0.8
0.26
3.48
2.89
0.57
6.14
0.08
0.36
0
0
0
0
0
0
0.03
0
0
0
2.55
0
0
0
0
0
0
0.06
0
1.76
0
6.39
0
15.72
0.06
1.02
4.85
0.01
0.76
2.53
0.12
0
0
0
0.01
0
0
0
0
0
0
0
0
0
0
0
0.36
0
0
0
0.59
0.18
0
2.93
7.61
2.05
9.96
0.7
0.57
0
0
6.55
7.64
0
0
0
0
0
0
1.58
4.94
3.8
0.38
0.01
0.23
0.43
0
0.05
4.41
0.03
14.27
2.8
7.96
0.87
1.26
0.04
0.01
0.85
0
0
0
0
0
0
0
0
0
20.7
0
2.34
0.73
18.97
18.75
0
0
0
0
0
0
0
0
0
0.02
0.1
0
4.87
0
0
0.02
0.28
2.44
0
0
7.22
0
0
0
10.84
0
0
0
0.54
0
0
0
0
0
0
4.19
0
0
0
15.3
0
0
0
9.05
0
0
0
0
0
0
0
0
0
0
0.06
6.55
0
0
2.57
0.01
0
0.53
0
0
0
0
0
0
0.09
0
0
14.98
0.01
0
0
0
0
0.01
0
0
0
0
0
0
0
0
0
15.23
1.45
0
0
0
0
0
0.01
0
0
0
0
0
0
0
0
0
0
3.47
2.28
0
0
0
0
0
0.31
0
1.94
6.24
0
0
0.05
0
0
0
0
19.99
0
2.3
27.12
5.25
0
0
0
0
9.5
3.46
2.79
4.74
12.1
1.11
0
0
0
0
0.03
0
0.07
0
0
0
0
0
0
0
0
0
8.12
0.81
0
0
0
0
0
0
0
0.04
0.69
0.26
7.76
0
9.22
5.06
0.03
0.22
1.74
0.07
0
0
0.23
0.08
0
0
0
0.11
3.97
1.13
0
0
0
0
0
0
0.01
0
0.46
9.22
6.62
3.91
0.11
0.45
0
0
0.02
0
0
0
0
0.96
0.77
0.02
27.39
2.49
1.09
0
0
0
0
0.43
0.33
0.11
3.79
0.1
0
2.24
1.58
1.79
5.74
0.95
0.09
2.02
4.55
0.41
1.21
2.24
0
1.37
0.35
0
4.59
2.23
0
0
0
0
0
0
0
0
0
0
0
0
0
0
7.18
2.39
0
0
0
1.85
0
0
0
21.72
0
0
0.26
0.06
0
1.39
4.66
8.32
1.6
0.8
9.81
0
0.23
0
8.81
5.63
0.01
0.68
0
0
0
0
5.78
0
0
0
0.07
10.38
0.17
0.01
9.68
1.31
0.61
6.8
14.76
0.54
3.66
7.37
6.9
5.63
2.92
0
1.45
14.19
0
1.68
0
0
1.26
0.39
0
38.68
4.42
0
0.01
12.96
4.73
5.32
0
0
0
0
0
2.7
0
0
0.09
0.4
2.95
0
0
1.35
25.36
3.64
1.31
0.88
0
0
14.8
0.5
0
0
0
0.14
0.31
8.54
0.01
0
0.01
1.06
0
18.07
3.14
0
0
18.46
17.78
24.55
48.17
32.05
14.1
7.59
0
2.94
0
0.51
0.15
8.36
9.77
0.72
5.91
18.9
0
0.01
23.01
18.44
4.61
0.75
4.32
2.76
2.73
0
0
0
0
0
0
0
0
0
0
0
20.87
0
1.47
23.03
6.93
0.98
0.15
0
0
0.81
0
0
4.11
0.07
0
0
0
0
0
0
0
0
0
0
13.44
2.38
0.18
0
0.36
0
7.35
3.46
4.34
1.4
0.25
0
2.9
0
0
0
0
0
0.03
0.86
0
0
0
0
0
0
0
0.35
0.18
4.51
0.39
0
0
0
0
0
0
0
0
0
0
1.27
0.4
1.46
2.91
0
0
0
0
0.57
0
0
0
0
0
0
0
0
0
0
0
0
0
18.24
0.02
0.03
5.71
9.3
0
0
34.48
0
8.95
0
4.14
11.62
0.79
0.02
0
0
0
0
2.26
4.36
0.02
0
0.17
0
0
0
0.11
8.78
0
0.17
0
0
0
0
0
0
0
0.13
0
0
0
0
0
0
0
0
0
0
0
0
0
0
0.94
0.37
0
0
0
0.3
0.37
0.04
0
0
0
0
0
16.54
0.06
1.94
0.07
1.6
0.07
1.31
9.5
5.02
0
0
0
0
0
0.77
2.13
6.07
2.56
0
0
0
0
0
0
0.11
10.92
0.12
0
0
3.38
0
0
0.02
0
0
0
0
0
0.04
0.47
0
0
0
0
0
0
0
0.06
0.13
0
9.49
0.64
1.91
0
0
0
1.64
3.6
0.97
0.25
0
0
0
0
0
0
0
0
0
0
0
0
0
0
0
1.37
3.88
5.71
0
0
0
0.57
0.99
0.06
0.23
0
7.86
1.68
8.76
0.53
0
2.81
7.92
14.92
4.55
0.89
0
0.06
13.07
3.76
0.14
0.3
0
0
0
0
0
0
0
0
0.19
0
0.03
0.07
0
6.65
0
0
0
9.97
0
0
0
0
0
0
0
3.76
2.79
2.63
0
0
0
0
0.1
0
0
0.01
0.72
0.35
0
14.56
14.2
0
0.02
0.02
0
0
0
5.17
0
0
0
0.02
0
0.14
4.42
22.6
3.68
16.1
0.03
0
0
0
24.75
0.02
0.01
0
0
0.05
3.41
15.02
3.47
0
0
0
0
8.41
5.26
0
0
0
0
4.53
2.44
0
0.23
13.35
0
11.12
0.11
0.62
0
0
0
0.01
0
0
19.73
7.65
0.07
0
0
0
0.87
0
0
1.1
0.1
0
0
0
0
0
0
0
6.59
0.47
0
0
0.05
0
0
0
11.96
10.95
0.19
0.45
0
0
0
0
0
0
0
0
0
14.18
0
0
0
0
0
0
0.66
6.91
4.72
0
0.68
1.95
2.7
54.06
20.26
1.79
4.08
0
0
0.69
0.07
0
0
0
0
0
0
0
0
0
0
1.55
0.11
0.55
0
22.02
0.76
13.48
0
0
0.01
0
1.82
0
0
0
0
0
0
0
0
0
0
0
0
0
29.15
0
0
0.16
0
0
0
0.4
0.03
1.79
0
0
0
0
0
0
0
0
0
6.35
4.61
0
0
0
0
0
0
0
0
0
0
0
16.82
0.01
0
0
0
0
0.12
0
0
0.57
0
0
0
0
0
0
0
1.09
0.01
0
0.17
0
0
7.36
11.39
2.54
0.06
0.68
1.09
4.58
0.38
0.01
1.75
1.25
0
0
0.12
0
8.68
1.65
2.04
5.95
3.54
0
0
0
0.1
0.02
0
0
0
0
0
0
3.16
0.73
0
0.98
4.59
0
19.7
0
0
0
0
0
0
0.06
4.12
0.01
0
0
0.22
0.61
0.03
0
0
1.98
1.04
0
0.26
0.01
0
0.62
0.01
0
9.47
14.56
9.15
0.48
1.76
0.38
0.82
0.07
0
0
0
0
0
0.01
0
0
0
0
0
0
0
0.54
0
0
4.5
0
0
0
0
0
0
0
0
0
0
0
0
0
0
2.15
0.01
0
0
0
0
0
0
0
2.2
1.82
0
0
6.6
19.87
0.61
2.99
2.17
1.68
30.75
0
0.06
4.63
14.12
1.54
2.1
0
0
7.31
0.1
0
0
10.2
0.8
0
0
0
0
0.88
0
7.19
0
8.51
1.74
0
0
0.12
0.03
0
3.69
1.86
0
0
0.82
0
6.06
6.39
0
5.12
8.45
0
0.04
4.14
0
6.53
1.36
0.69
0.95
0
0.73
2.47
0.75
0.01
0.18
0
0
0
0
30.28
0
8.76
0
8.1
0
0
6.6
0
0
1.68
0.01
0
0.15
0
0
0.26
0
3.34
4.74
0
0.66
0.14
0
0
5.26
5.78
0
0
0
0
0.04
0
0
0
0
0
7.55
0.03
0
1.91
5.52
19.34
5.61
0
0
0
0
0
0
0
0
0.33
38.78
1.99
16.42
1
18.95
18.59
10.24
2.87
0
0
0.38
5.31
0
0
5.11
0
0
0
0
0
0.09
0
0
0
0.04
0
0
0
0
0
9.05
0.59
8.56
1.88
29.01
4.18
3.58
0
0
9.06
5.07
0.31
20.5
0
17.61
4.85
3.09
0
9.01
1.53
0
0
22.13
0.03
0
8.26
0.28
0
0
0.03
35.62
9.82
0
0
0.01
0
1.43
0.02
4.78
0
0.03
2.97
0
0
0
2.89
4.32
6.92
0.24
0
0
0
0
0
0
0
0
0
0
0
3.59
0
0
0.22
0.16
0
14.85
0.18
0
5.55
0
0
0.21
0.24
0
0
0
5.28
0
2.88
0.04
0.6
6
0
0
0
0
0
0.17
0
0
0
0
0
0
0
0.34
0.01
0
1.63
0
0.01
0.25
0.84
0
0
0
0
0
0.25
2.02
0
0
0
0
0
0
0
0
0
0
0
0
0
0
0
0
0
0
2.79
0.12
0
0.43
0.04
0.43
0.92
0.98
0
0
0
0
0
0
0
0
0
0.26
9.59
0.01
0
0
0
3.38
0.15
0
0
0
0
0
0
0
0
0
0
0
0
0
0
0
0
0
0.01
0
9.19
1.35
8.11
0
5.88
3.19
7.87
2.62
18.43
0.05
0.04
0.03
0
0
0
0
7.81
5.18
0.56
0.26
0
2.03
0.03
0
0.88
0
0
0
0
14.85
0
0
0
0
1.68
10.31
0
0
0
0
0.42
0
0
0.14
0
0
0
0
0
0
0
0
0
0
0
0.06
0.25
1.5
1.99
0
0
2.25
0
5.44
0
0
0
0
0
0.05
0
2.04
3.37
9.8
0.37
0
2.74
0.03
0
0.93
0.74
5.91
0.51
0.34
0
0
0
0
4.14
7.82
0.52
0
0
0.03
0
0.33
0.59
8.39
9.66
4.55
3.75
0.84
0
0
22.68
2.79
0
0
4.35
12.88
20.56
40.86
3.89
0
0
0
0
0
0
0
8.08
0.24
46.79
0.02
0.53
13.57
1.49
1.87
0.7
12.97
0
0
0
1.77
2.25
2.4
0.14
0
0
0.02
0.07
0.93
5.18
4.76
0
1.33
0.94
0
7.46
0.24
0
0
0
2.07
0.06
0
0
0.01
2.7
9.55
0
0
0
0
3.29
21.37
1.06
0.07
1.46
2.07
1.99
4.48
0.07
0.92
0.85
0.13
0
14.02
0
0.66
0
0
0
4.14
7.36
0
0
0
0
0
0
0
0
0
0
0
0
0
0
0
0
0
0
1.61
0.06
1.69
0
0
0
1.66
0
0
0
0.06
13.24
14.05
1.18
0
12.15
18.3
0.48
0.29
0.05
0
0
0
0
0
0
0
0
0
0
0.22
0.5
0.15
0.19
0
0
0
0
0
5.08
0.18
0.05
0
2.5
1.59
0
0.02
9.88
8.74
0
1.62
0
0
0
0
0
0
0
0
0
0.12
3.8
0
0
0
0
0
0
0
0
0
0
0
0
0.01
0.5
3.33
23.89
0
0
0
0
0
0
0
0.01
0.16
0.06
0
0
0.17
0.11
0
0
0.03
0.05
0
0.98
0
0
0
0
0.28
0
0
0.02
1.41
0
0.44
0.9
0
0
0
0
0.17
0
0
0.06
0
0.58
0.04
1.31
4.63
0
0.28
0
0
0
0
0
0
0
0.35
4.15
0.89
0.8
7.48
2.14
0.52
0.28
0.06
0
0
0
0
0
0
0
0
0
0
0
0
0
0
0
0
0
0
15.11
6.85
0
0
0
0
0
0.13
2.1
0
0
0.4
0.85
0
0
0
0
0
0
0
0
0
0
0
0
0
0
0
0
0
7.32
0
0
0
0
0
0
0
0.35
0.88
0
0
0
0
0.12
4.74
4.16
19.71
1.46
51.21
0.34
0.02
0
0
0
0
0
2.14
0
0
0
0
0
0
0
0.86
19.98
0
0
0
0
0
0
6.19
21.64
3.73
7.3
0
0
0.48
3.93
0.2
0
9.16
4.82
0.53
9.03
0.06
0
0
0
0
0
0
0
0.36
0
6.69
0
0
5.35
0
0
0
0
0.05
0.03
0
0
0
0
0.01
0
0.62
0
0
0
0
0
4.49
0
0
0
0.31
0.02
0.03
0
1.06
0.89
0.99
0
0
0
0
20.02
28.09
1.33
3.2
0.5
0.31
1.52
5.02
0
0
0
2.44
9.25
0
0
0.72
1.29
0
2.78
0
0
1.7
0.16
1.02
0.17
0
0
11.17
4.01
0
0
0.05
7.32
1.48
1.15
0
0
0
0
0
0.86
3.72
0.06
5.35
0
8.54
17.56
0
0
0
0
0
8.32
0.05
0
0
4.69
8.79
5.5
1.53
0.95
0
0
0
1.1
0
0
0
0
0
0
2.11
2.57
0
0.08
0.79
0.21
3.53
0
0
0
0
0
0
0
0.97
0.2
6.63
13.13
7.03
0.57
0.07
0
0
0
0
0
0
0.22
0
0.56
0
13.97
0
0.12
0.01
5.56
2.51
0.01
0.42
2.92
0
0
0
13.42
8.01
13.14
7.51
1.3
0
0.3
0
0
4.54
3.23
0.3
0
1.62
1.99
0
0
0
0
0
2.57
19.17
11.52
3.57
0.01
0.57
5.42
0
7.05
15.94
0
0.38
0.06
0
0
0
0.24
0.47
0.33
0.06
0.81
0.12
0
0
0
0
0
9.94
2.65
0
0
0.79
7.28
9.76
2.18
0
0.12
0.11
0.02
1.6
0
0
2.66
6.97
5.1
6.25
0
0.05
0
0.5
0.22
0
0.01
0.16
0
0
8.65
1.02
0.11
5.74
0
5.49
0.58
0.29
0
0
0.24
18.02
0
0
0
2.15
2.05
8.09
0.87
0
0
0
0
0
0
0
4.65
5.71
0.03
0
0.09
4.09
0
0
0
0.5
0.03
0.05
0
0
0
0
0
0
0
6.35
4.54
0.67
0
0
0
0
0
0
0.23
0
0
0
0
0
0
10.33
1
16.45
0.01
0
0
1.4
8.79
0.51
0
3.26
21.68
7.49
0
0
1.36
0.65
4.79
0
0
0
0
0
0
0
0
0
6.24
0
0
0
0
0
0
0
0
0
0.18
0
0.04
0.55
0
0
0.01
0
0
2.64
3.9
1.41
10.14
0.06
3.86
0
0
0
0
1.59
0
0
0
0
0
0
0.11
4.82
0
0
0.01
0.26
0.16
0
0
0
0
0
0
0
0
0
15.83
0
0
0
8.13
0
13.51
0.12
0
0
0
6.37
0.08
0
1.42
4.28
0
0
0
0
0.12
0
1.22
0.01
10.64
2.45
0
0
0.01
14.13
10.39
0
0
0
0.06
0
8.46
0
0
0
8.14
5.24
0
0
0
0
7.26
1.29
0.33
0
0
0
0
0
0
0.3
12.41
0
6.82
2.56
0.74
0
0
0
6.95
6.34
0.19
37.03
0.28
3.87
0
0
0
0
8.82
0.01
0.13
0
0
0
0
0
0
0
0
0
16.35
0
0
0
5.01
0
0
0
3.36
4.22
4.55
0.94
0.18
0
0
0
0
0
0
0
0
0
6.77
0
0
0
0
0
0
0
0
1.91
0.27
0
0
0
0
0
0
0
0
0
0
0
0
0
0
0
0
0
0.93
0
0
0
0.65
0
0.01
0.89
0
0
0
0
0
0
0
30.13
0.07
1.42
0
0
0
0
0
0.14
0.02
0
0
0
8.47
0.01
0
0
1.33
0
0
0
0
0
10.93
3.62
0.8
3.26
3.06
0
0
0
0
1.32
0
0
0
0
0
0
0
0
4.2
0
0
1.01
2.16
0
0.05
1.67
0
0
0
0
0.46
0.94
0.24
0
0
0
0
1.18
0.11
0
0.07
1.41
4.63
0
0
0
0
0
0
1.12
0
0
0
0
2.59
0
0
1.22
0.81
1.48
0.01
0
0
0.42
0
0
6.48
7.52
0
0
0
0
0
0.01
0
13.07
0.02
0
0
0
0
0.25
6.09
1.09
0
0
0
0
0
6.89
2.06
0
0.12
0
0
0
0
0.39
0
0.15
0
1.12
0.01
0
0.86
0
0
11.14
4.84
0
3.94
0
0
0
0
0
0
5.71
0.81
0
0
0
0
0
0
0
4.86
18.95
14.49
0.68
3.77
0.19
0
0
0.03
0
0
0
0
0
0
0.11
0.83
0.36
0
0
6.82
0.17
0
0
1.36
11.14
1.05
3.3
0.17
1.5
0
0
17.01
1.8
0.83
0.67
1.24
1.75
16.64
0.91
1.39
21.71
0.05
0.04
0.04
0
0.46
1.76
7.8
0.25
0
0
0
0
0
0
0
0
32.53
0.13
26.53
3.25
11.26
1.09
0.04
0
0.12
0.23
1.29
0
0
1.9
0
0
4.09
8.59
0
0
0
0
0
0.02
2.23
0
0
12.47
3.08
0.74
2.07
9.15
3.23
0.69
6.25
1.79
0.1
2.79
0
0
25.07
12.88
2.12
11.07
0
0
0
0
0
0
0
0
0.61
0
0
0
0.47
0.02
0.17
0
0.22
0.14
12.69
4.02
0.82
1.52
0.27
0
0
0
14.29
4.53
0
0
0
0
0
0.03
0
0.98
0.34
0
0
7.07
0
0.47
1.36
0.11
0
0
0
3.03
0.2
0
0.01
2.2
5.51
0
0
0
0
0
0.29
0
0
0
1.08
0.11
0
0
0
10.51
0.48
0
27.61
14.73
2.67
1.91
1.41
0
0
0
0
0
0
0
0
0
0
0
0
0
0
0.71
0
0
0
0.01
0
0.82
0.39
0
0
0
0
0
0
0
0.12
0
0
0
0
0
0
0
0
0
0
0
0
0
0
0
0
0
0
0
0
0
0.47
15.32
11.58
0
0
0
0
0
0
0
0
0
0
1.37
0.26
0
0.06
0.01
0.97
0.02
0
4.19
0.57
0.18
10.15
0
0
0.63
2.48
0
0.32
0
0.11
4.95
3.01
0
0.38
4.78
0
0
0
0
0
0
0
15.31
7.85
9.61
0
0
0
0
3.44
0.02
0.01
0
0
0.21
0
0.4
5.82
0
0.17
0.02
1.32
17.35
0.35
0
0
0
0.32
0
0
0
0
0
9.47
6.3
2.44
0.26
0.01
5.33
7.41
9.61
11.2
6.63
0
0
0
0
0
0
0.04
0.06
0.63
0.39
0
0
0
0
0
0
3.39
3.14
0
0
0
0.34
0.01
0
0
2.22
0.25
0
0
0
1.55
14.32
0.07
0.02
0
0.75
2.55
2.09
6.47
0.04
0.8
0.01
0
0.18
1.86
11.55
5.5
0.01
0
0
0
0
0
0
0
0
0
0.03
0
0
0
0.19
0
0
9.75
17.28
8.14
7.25
14.13
0.26
2.8
3.46
13.29
3.2
0.01
3.9
0
0
0
0
0
0.98
0
0
0
0
0
0
0
0
0
0
0
0
0
0
0
0
0
0
0
0
0
0
0
0.09
0
0.02
0.02
2.85
11.13
0.03
5.78
0.52
16.87
20.03
0.25
32.54
1.02
24.86
10.14
22.25
2.94
0
0.44
0
0.01
0.49
0
4.07
0
9.34
4.73
4.35
12.28
0.01
0
0
0.85
1.12
1.29
0
0
8.97
17.76
3.15
0
0.43
5.78
0
0.13
20.98
14.71
16.97
0
0.01
0
7.58
5.6
1.47
0.33
6.22
0
0
0
19.17
18.98
0
0
0
1.7
1.29
4.2
0.09
0.02
0
0
0
0
0
0
27.01
1.38
0
0
0
7.98
0.62
0.54
0.17
0.74
0.14
0
0
0
0
1.05
6.03
0.01
0
0
0
0
0
0
0
0
0
0
0
0
0
0
0
0
0.09
4.27
14.26
0.01
0
0
1.14
1.87
0
0
0
0
0
1.19
10.58
0
0
0
0
0
0.17
0.98
0
1.5
0
4.76
1.91
0
0
0
0
0
0
0
0
0
5.5
0.13
9.46
0
0
0
0
0
1.83
0
0
0.07
15.88
18.47
0.99
0
0
2.12
20.56
3.12
9.02
9.65
14.27
0.1
0
0
0
0
0
0.46
0.07
1.07
0.34
0
0
0
0
0
0
0.01
0
0.01
0
0
4.4
0
0
3.57
4.82
0
0
0
10.24
2.54
1.15
6.22
1.98
2.29
0.38
0
0
10.42
0.46
0
0
0
0
0
0
2.89
3.46
0.42
0
0
0
0.76
0
0
0
5.06
7.04
0.13
0
0
0.17
0
0
6.55
0
0
0
0.77
0
0
0
0
8.1
0.02
0
0
3.43
0
1.42
0
0
0
1.73
0
0
0
0
0
0.61
0.06
0
0
0
0
0
0
0
0
0
0
0.03
0
0
0
0.2
0
0
4.85
0.07
0
0
0.14
0.35
0
0.1
3.93
0
0
0
0
5.05
1.19
0
3.45
0.76
0
2.63
0
0.01
2.82
0
0
0.03
10.15
2.09
0
0
0.01
0.66
0.39
0
0.23
0.01
0
0
0
0
0
0
4.03
4.6
3.13
7.53
3.59
0
0.11
3.71
0
0.04
0
0
0
0.63
1.11
0.92
10.81
10.62
0.63
0.01
0
9.75
3.03
0
0
0
0
0
0
0
2.79
0.7
0.07
1.94
0.41
0
0
0
0
0.93
0.27
0.75
0.14
0.09
7.09
0
0
0.72
0.63
0.57
3.66
0
2.73
0.01
0.48
0
0
0
7.27
0
9.3
6.89
0
14.03
2.52
0.78
5.68
0
5.34
0.04
27.46
0.82
18.52
0.1
13.98
1.33
0.5
0
0
2.15
1.3
0
15.26
0.03
1.88
0.02
1.29
0
0
10.76
0.1
0
0
0.83
20.81
0.01
0
0
0
0
3.81
0.25
0.01
6.39
0
0
0
0
18.12
0
0
0
0.56
0.82
8.63
0
12.38
1.99
0
0
0
0
0
1.28
0.05
0.16
0.62
9.95
0.06
0
0
0
0
0
24.47
15.27
0.3
0
0
0
0
0.18
3.32
5.02
5.8
4.39
0.06
0
2.73
0
0
0
0
0
0
0
0
0
0.23
0
0
0.46
0
0
0
0.1
0
0
0
0
0.21
0
0.94
44.18
8.97
3.28
4.74
15.01
0.63
0
0.32
0
8.65
0.89
0.01
0
0
0
0
0
24.48
0
0
0
0.12
0
0
0
4.61
8.12
11.73
15.89
3.5
4.86
0.12
2.03
0
0
16.26
0.53
0
0
0
0
1.67
0
0
0
0
0
0
0
17.03
7.07
2.04
4.24
3.44
0.86
0.04
0
0
0
0.12
0
0.06
0
0
0
0
0
0
4.27
2.71
0
3.8
8.44
0.69
0.69
0
0.23
0
0
1.27
0
0
0
0
0
0
0
0
1.93
0
0
0
0
0
0
0
0.02
4.91
0.02
0.01
0
0
0
0
0
0
0.06
0
0
0
0.61
0
0
0
0
0
0
0
0
0.17
0
0
0
0
0
2.67
4.77
0
0
0
0
0
0
0.41
0.4
0.11
6.75
6.02
0.41
1.17
0
0
0
0
0.94
2.74
3.34
1.5
0
0
0
0.33
0
0.41
0.33
1.34
3.17
0.02
0.05
3.08
0.77
2.89
0
0
0
0
1.17
0.11
0.04
4.24
0
0
0
0.02
0
0
0
0
0
0.69
0
0
1.36
0.32
0
0
0
0
0
0
0
0
0
0
0.17
0
0
0
9.66
0.01
5.35
1.07
0.13
0.11
0
18.67
4.39
5.42
13.78
0
0
0
0
0
0
17.7
0.02
0
0
0.88
0
0.01
0
1
0.03
0
12.01
3.61
0.04
0
0
0.69
11.29
0.34
0
0
0
0
0
0
4.32
0.01
1.2
6.23
0
1.29
0
0.95
0
0.08
0
34.82
56.51
21.85
0
0
2.8
1.04
16.55
3.27
0
12.37
0
0
0
0
0
0
4.58
0.1
0
0
0
0
0
0
0.1
0.97
1.03
2.22
0.27
0
0
0.02
10.12
0.01
0.2
0.01
0
0.49
15.96
0
0.43
0
0
0
0
0
0
0.04
0.94
0
0
0.05
0
0.15
0.34
0.03
0
0
0
0
0
4.32
0
0
0.22
18.14
0
7.73
3.25
0.02
0
0.78
4.37
0
0
0
5.79
0
0
0
0
0
0
0
12.57
1.55
0
0
13.99
4.09
0.33
1.6
0.82
0
0.42
0
0
0
12.88
16.91
0
0
1.1
10.43
2.77
2.12
0.04
7.75
0.1
0
0
0.06
0.05
0
0
1.35
10.18
0.03
0
0
0
0.01
0
0.02
0
0
5.76
7.2
0
0
0
0.25
6.04
0
0
0
0
0
0
0
0
1.92
0
0.2
0
0.02
0
0.53
0
0.44
0.15
0
0
0
0.23
0
0
0
0
0
0.59
0.5
1.81
2.41
1.7
0.34
0.86
4.56
0
0
0
0
0.48
1.5
5.4
5.49
0.7
4.26
9.06
0.02
0
0.18
3.96
0.04
20.62
18.36
0
0
3.61
6.89
5.72
0
0
0
0
1.65
0
0.26
22.07
0.31
0
0
0
0
0
0
0.93
3.55
0.01
0
0
0
0
0
0
0
0
0
0
0
0
0
0
0
3.26
0
0
0.17
0
0
0
0
0
0
0
0
0.34
0
0
0
0
0
0
0
0
0
0.05
0
0
0.25
5.53
0.44
0.4
2.67
0.03
0
0
0.09
2.51
0
0
0
0.01
0.96
0
0
0.03
0.07
0
0
0
0
0
0
3.99
0.43
0.01
0
0
0
0
0
0
0
0
0.1
15.34
0.25
0
0
0.89
0
0
0
0.02
0.65
0
0
0.27
6.29
1.18
0.08
0
0
0
0
0.12
0
0.07
0.8
0.01
0
0
0.01
0.23
0.4
0
0
0
0
0
0
0
0
2.38
7.37
3.06
19.9
8.12
0
0
0
0
0
0
0
0.27
4.21
8.45
1.97
1.59
28.3
0
0
0
6.34
2.36
0
0
0
0
0.68
0
0
0
0.33
0
0
7
1.61
20.24
11.2
0
0
1.21
0
1.33
0.72
0
9.13
0
1.31
0
0
0
16.71
0
9.33
1.22
0
0
0
15.79
0
5.25
0.35
0
0
0
1.05
28.54
0
0
0.06
0.71
0
4.57
2.23
0
0
8.74
10.65
20.77
3.2
9
0
0
0
0
31.79
0
0
1.1
16.08
0.13
0.04
10.81
10.14
7.22
0.26
0
0
0.03
7.62
0.01
9.67
29.46
0
0.49
14.99
1.37
0
0
1.06
0
0
0
8.82
4.92
0.01
0
0
0
0
0
0
0
34.15
0.04
2.59
0
0
0
0
0
0
0
0
0
0
0
0
0
15.52
0
0
0
0
0
0
0
30.1
0.86
0
1.01
12.91
20.32
4.62
0.18
7.52
0.1
0.31
9.03
0.07
15.51
3.34
0
0
0
0.57
0.05
0
0
0.57
1.13
0.13
0.01
0
0
0
0
0
0
0
0.46
0
0
0
0
0
0.17
0
0
0
16.93
15.58
0
1.73
0
0
0.09
0.01
0
0
0
0
0
0
0
0.01
2.09
4.1
2.77
0.03
0
0
0
0
0
1.15
3.87
22.19
0.02
0.01
0
0
1.6
0
0
28.11
0.37
0
14.31
16.94
3.6
4.66
0.06
0
0.01
0
0
0.06
0
0
0
0
0
1.13
0
0
0
0
0
0
0
0
2.61
1.28
9.99
0
0
0
0
0
0
0
0
0.01
0
0.02
0
0
4.2
0
0
0
0
0
0
11.83
7.6
1.44
2.8
12.96
12.35
0
0.08
3.59
0
0
0
0
0
0
0.02
0
0
0
0
0
2.07
0
0
0.06
0
0
0
0
0
0
0
0
0
0.01
0
0
0
0
0
0
0.26
0.28
0
18.26
0.01
6.96
11.2
2.41
0
0
14.04
0.01
0
0.51
0.54
3.89
0.09
3.88
0.11
0.5
0
0
0
0
0.07
0
0
0.43
1.21
0
0
0
0
0.97
15.1
0
0
0
0
0
0
0
0
1.28
0.04
1.43
3.64
0.18
0
0.99
36.58
1.48
0
0.17
0
0
0
0
0
0
0
0
0
0
3.26
3.52
22.53
6.24
2.32
2.59
0
0.48
0
0
0
3.56
0.21
0
3.41
1.42
0.12
0
0.13
3.81
1.08
0
0
0.01
1.12
0.82
0
0
18.22
0.82
0
19.55
0
0
0
0.72
1.49
4.84
0
0
2.48
0
0
0
0
0
2.99
5.04
0
0
5.5
0.62
3.78
0.36
0
0
0
0
20.19
2.91
0.01
0
0.1
0.24
0
0
0
0.21
3.34
0
0
0.01
22.67
8.45
0.01
5.71
0
3.17
0
0
0
0
0
0.11
0
0
0
0
0
0
0
0
0
0
0.32
0.99
0
0
0
22.27
0
0
0
0
35.66
0
0.05
3.78
0.12
0
0
0
7.26
1.49
0
0
0
18.38
6.57
0
0
0
0
0.02
0
2.01
0.8
0
0
0
0
0
0
0
0
0
0
0
0
0
0.25
0
43.3
0
0
0
0
0.84
40.85
0
0
0
0.14
0
0
0
0
0
0
0
0
0
0
0
0
0
0
0
0
0
0
0
0.58
0
0
0
0
0
0
0
0
0
0
0
0
0
0
0
0.38
27.61
0
0
0
0
0
0
0
0
0
0
0
0
0.11
0
0
0
0
0.07
0.02
0.81
0.41
5.37
4.62
0.87
2.9
0.15
0.05
0
2.92
0
0
0
0
0
0
0
11.45
7.37
0.02
0
0
7.41
0
0
0
0
0
3.05
1.43
0
2.56
0.17
3.82
1.94
7.45
0.27
0.81
13.93
0.39
0
0
3.72
4.52
0
0.2
1.06
0
1.28
0
3.73
2.57
0
0.14
0
0
0
0
0.12
0.21
0.34
0.02
0
1.15
2.24
0.04
0
4.64
22.37
2.28
4.06
3.28
0
0
0
8.49
3.01
0.63
0.31
0
0
0
0
0
0
0.33
0
0
0
0
0
0
0
0
0
0
0
0
0
0.11
0.94
0
0
9.84
7.77
0
0
4.32
6.75
0.12
0
0.04
0.06
0.17
4.56
0
0
8.56
2.07
0
0
1.78
0
0
0
0
0
0.66
0.75
0
0
0
0
0
0
5.4
0
0
0
0
0
0
6.12
7.5
0.83
7.16
0.79
0.01
1.28
3.78
0
1.4
0
0
0
18.45
1.05
0.33
3.67
1.01
0.83
2.43
7.63
7.5
1.98
0.13
0
0.01
0
0
0
0
0
1.54
0.52
0
0.88
2.23
0
0
1.61
3.64
0
3.33
0
0
0.35
0.04
0.6
13.01
1.14
0.49
0.03
0
2.14
20.59
2.83
0
28.07
7.92
0.08
0.17
3.02
1.02
0
0
0
0
0
0
0
25.05
3.68
0.03
0
1.04
1.22
2.73
0.01
3.31
0
0.07
0.26
0.77
1.37
0
0
0
12.99
0
0
0
0
23.65
4.14
0
4.83
0.01
0.11
1.18
0.01
0
0
0.09
0
0
0
0
0
0
0
0
0.03
0.01
0
0
0
0
0
0
0
0
0
0
16.59
0.4
5.82
0.03
13.57
0
0
0
0
1.36
8.53
0.04
0
0
0.6
6.52
5.37
22.1
5.47
31.2
2.04
0
0
0
0
0.13
3.32
5.45
0
6.22
0
0.04
0
0
0
0
0.31
0
0
0
0
0
0
0
3.01
1.5
0
0
0
0
2.62
0.79
1.4
0
0
0
0
0
0
0
0
0
0
0
0
0
0
0
0
0.05
7
4.45
14.62
2.44
13.15
0.36
0
0
0
0
0
0.63
0
0
0
0
0
0
0
0
0
0
0.23
0.29
0
0
0
0
0
0
0.46
0.67
5.7
0.01
0.93
0
0
0
0
1.53
8.54
3.27
0
0.06
0.32
1.99
0
0
0.06
0
0
0.3
0
0
0.19
0
0
0
0
1.23
2.69
1.23
0
0
0
0
0
0
0
0
14.45
0
0
0
0
0
0.63
0.72
0
0
0
0
0
0
1.03
3.07
10.29
3.56
0
0
0
0
0
0
0
0
0
0
0
0
0
1.9
0
0
0
0
0.01
6.41
1.17
0
0
0
0
0.16
0
1.04
8.26
0
0
0.07
1.53
0.47
24.88
5.37
18.96
0
3.81
3.69
3.36
0.24
0
0
12.03
0.33
0
0
0
0
1.68
0
0
0
1.67
0.36
2.67
0
7.99
0.02
3.23
0
4.96
0.55
0
3.11
1.55
0
0
0
0
1.07
3.32
0
0.09
5.27
13.16
0
0
0
23.13
0.85
0
4.38
7.18
16.27
0.04
0
0
0
0
0
0
0
32.16
2.7
0
8.53
0.58
15.75
6.44
1.57
0
0
0
0
0
0.22
0
1.55
0.02
2.65
0.01
0
0
7.41
8.35
19.9
1.4
1.32
0.96
0.01
5.38
3.54
4
3.07
9.28
0
0
4.9
0.65
4.05
4.35
0
0.03
13.84
0.77
4.01
0
1.89
21.81
4.08
0
0
0
0
0.01
4.36
0.01
0.33
0.01
0
0
0
0
0.02
7.64
0
0
5.34
2.42
0
0
0
0
0
6.51
0
0
0
10.79
0.16
2.49
0.36
15.09
0
23.07
0.37
0.15
0
0
0
0
0
0
0
0
6.56
5.88
2.18
0
0
0
0
0
0
9.2
0
0.05
0
0
0
9.22
0
27.69
0.55
0
0.31
0
0.35
1.35
0
0
0
0
0
0
0
0
0
0
0
0
0
0
0
1.73
0
0
0
0
0
0
0
0
0
0
0
0
0
2.11
0
0
0.11
0
1.79
0.05
0
0
0
0
0
0
0.34
0
0
0
0
0
0
0.02
0
6.14
14.23
0.18
0
0
12.51
0.86
0
0
0
23.07
3.03
11.36
10.39
0.29
0
0
0
12.69
4.22
16.42
4.22
1.01
6.97
2.29
0.35
0
0
0
0
0
0
0
0
0
0
0
0
0
0
0.01
15.47
10.62
0.11
0.04
0
0
0
0.06
0
0.23
0
0
0
0
0.42
15.07
0.11
0
35.64
2.13
5.17
0
7.63
1.74
2.68
0
0
0
0
0
0
4.11
0
0
0.85
0
0
0.01
0
0
0
0
0
0
27.38
0
0.09
0
0
0
1.2
3.23
7.82
2.21
0.06
0
0
0.17
0.1
8.9
21.35
10.74
0.22
0
0
0
1.32
9.45
1.06
0
0.07
0
0
0
1.06
0.11
0
0
0
1.5
4.01
0.63
9.87
1.13
0
0
1.56
0.01
2.24
0
0
1.59
5.12
2.84
0.27
0
0
0
0
0.25
0.03
0.11
0
0.25
19.77
0
0
0
0
4.71
0
0.69
0.02
0
0
0
0
0
0
3.89
0.91
1.21
2.22
2.97
0
0
5.59
0
5.83
1.15
0.04
0
0
0
0
0
0
0
15.29
9.66
0.05
0.01
0
0
0
0
0
0
13.12
0
0
0.35
0
0
0
0
0.88
4.32
0
5.3
0.09
0.01
0
0
8.3
0
0
0
0
38.97
0.64
0
0.01
1.37
5.41
31.34
4.78
3.04
0
0
0
0
0
2.4
18.15
0
3.5
1.59
0
6.05
16.34
0.01
0
6.17
0.09
0.03
0
0
0
0.19
8.08
0
0
0.2
0
0
0
3.85
7.94
0.04
0
0
19.05
0
0
0
0
0
0
0.18
0.06
0
0
0
0
33.73
0
0
0
0
0
5.27
0
4.42
0
0
0
6.26
0
0
5.84
0
0.09
0
0.04
0
0
0
0
0
0.48
8.28
1.2
0
0
18.68
24.9
0
0
1
28.63
0.09
0
0
0
0
1.78
0.03
0
0
0
0
10.45
7.48
0
0
0
0
0
0
0
16.24
0
0
0
0
0
0
0
1.43
0
0
0
0
0
0
0
0
0
0
0
0
0
0
0
0
0
0
0
0
0
0
10.87
0.05
0
0.01
30.19
0
0.01
9.52
1.56
0
0
0
0
0
0.39
0
0
0
0
0
0
0
0
0
0
0
0
0
0
0
0
0
0
0.91
1.7
26.71
1.09
0.95
0
0
0
0
0
0
0
0
0
0
0
0
0
0.29
0
0
0
0
14.1
3.05
0.1
0
0
11.95
0
0
0.16
0
0
0
0
0
0
0
0
0
1.97
6.26
0
0
0
0
0
0
0
11.53
14.51
0.03
0.02
19.92
0.3
0
4.66
7.26
0.01
0
0
0
0.17
0.01
0
0
0
0
0
0
0
0
0
0
0
0
0
0.17
0
0
0
0
1.88
0.31
0.87
0
3.74
7.3
1.88
18.41
11.18
0
0
0
0
0
0
0.06
0.53
2.49
6.76
0
0
0
0
0.01
0
0
0.55
0
0
0
0
0
0
0
0
20.14
6.24
0
0
0
0
0
0.89
0.02
27.85
2
0.12
14.75
2.72
5.51
0
0.1
0
0
0
0.51
1.38
18
6.59
0.45
0
0
0
0
0
0
0.04
18.08
1.25
0
0
0
0
0.2
0
0
0
0
0
0.17
4.84
7.98
16.52
11.09
0
0.04
0
0.21
7.91
1.8
16.32
0.73
0.06
7.46
0.06
0.33
0.23
1.5
0
1.38
4.27
0
0
0
15.5
5.14
0
0.12
0
0
0
1.34
8.17
1.71
0
0
0
2.37
0
0
0
0
0
1.84
27.04
4.73
1.62
0.13
3.69
9.16
7.27
0.01
5.72
0.2
0
0
0
0
0
0
0
0
0.12
0
0
0
0
9.65
0
0
0
2.17
0
4.57
0.82
0
0
0
0
0
0
0
0
50.19
33.7
0.27
6.65
0
0.65
5.52
1.7
1.44
16.9
70.45
4.74
0
4.45
0.08
2.75
1.29
0.75
3.14
2.88
0
2.88
0.14
0
12.03
1.19
0
0
0
0
0
11.13
0
0.03
2.85
0.02
0
0
0
0
0
0
0
26.06
0
0.42
0
0
0
0
0
0
0
0
0
0
0
0
0
0
0
15.52
0
11.43
17.99
0
0
0
0
0
0
0
0
0
0
2.76
0.02
0
5.36
0.01
1.82
0
0
0
0.02
3.97
0
0
0
0.3
4.2
0.19
0.68
7.49
0
0
0
0.01
0
2.44
3.95
0
0
0
0
0
0
0
4.1
0.24
0.24
16.6
18.42
0.59
1.95
4.95
0
1.19
0.19
0
0
2.82
4.88
0.03
2.73
7.11
2
10.13
7.95
0
0.33
0
0
0.91
1.74
1.2
0
0
0
0
0
0
1.12
0
0.09
2.73
2.9
2.22
1.23
0
0
0
0
0
0
0
0
0
0
0
0
0
0.01
0
0
0
5.41
0
0
0
0
0
0
0
0
0.28
0
0.11
0.31
0
4.36
2.08
0
0
25.58
1.59
0
0
2.74
12.5
0.17
0
5.37
0
0
0
0
12.84
2.52
3.5
8.94
0
20.82
0
0
0
0
0
0.02
0.01
2.98
0
0
2.22
6.85
0.51
2.52
5.82
0
0
0
0
0
0
16.86
0
0
0
0
0
0
0.01
0.06
0
0
0.07
0
0.77
0
0.04
0
15.19
0
2.06
0.31
4.79
0
0.08
0
0.85
4.93
0
0
0
0
1.13
0.01
0.86
1.36
4.22
2.45
0
1.33
1.27
0
0
0
0
0
0
0.1
3.6
0
5.18
0
0
0
0
2.21
1.6
0.01
0
0
0.01
8.84
1.59
3.11
0
0
0
0.01
0
0
0.84
0.44
2.03
0
0
0
0.55
16.81
0.13
0
0
0
0
0.49
9.88
0.6
0
0.01
2.95
10.97
0
0
0
12.75
0.05
0.66
0
0
0.35
0.62
0.06
0
0
10.72
3.02
0
0
1.51
2.28
0.11
0.04
7.68
0
0
0.26
0
0
0.4
0
0.02
13.14
0.64
0
0
0
0.31
9.53
1.98
0
0
9.79
0
19.05
0.88
1.59
0.16
6.43
3
0
0.43
0
0
0
0
0
13.73
0
20.09
0
0
0
0
1.13
10.05
0
0
0
0
0
0
0
0
0
0
0.09
1.44
0
0
0
3.53
42.27
6.65
1.11
0
17.11
0
0
0
4.16
0
0
0
22.59
0
0
1.13
0
0
0
0
0
0
3.65
33.3
4.86
5.62
0.01
0.09
0
0
0
0
0
0
0
0
0
0
0
0
1.47
0
0
0
0
1.83
12.99
38.91
2.47
0
0
0
0
0.13
0
0
0
0
0
0.5
22.05
8.89
0
0
1.1
3.29
0
0
0
0.43
0
0
0
1.69
0
0
0
0
0
0
0
0
0
0
2.53
1.12
0
0.1
0
0
0
0
13.13
0
0
0
0.29
0
0
0
0
1.8
0.4
13.22
0.43
2.14
2.78
0
0.77
0
0
0
0.11
0.16
0
0.2
1.23
0
0
0
0
0.43
0
0
0
0
0
0
0
0
0
0
0
0.61
0
0
0
0
0
2.01
0.17
0
0
0
0.02
0
0
0
0
0
0
0
0
0
0
0
0
0
0
0
0
0
0
0
0
0
0.96
0.45
0
0
0
0
0
0
0
0
0.2
0.82
0
0
0
0.78
0
0
1.66
0.11
0
3.89
3.4
2.56
0
3.62
0.51
0
13.86
0
0
0
0
0
0
0
0
0
0.89
0
0
0
0
8.05
0
0.91
7.45
0
5.21
0
0
0
0
0
2.07
0
0
9.06
9.18
2.98
0
1.87
0
0.14
0
0.01
0
0
0.02
4.82
8.27
2.3
0
0.17
2.04
4.15
0.01
0.02
0.99
0.03
0
0
0.01
5.45
0.41
0
21.7
10.11
1.97
0
0
0
1.32
0.02
0
0
0
0
0
4.92
5.62
16.91
24.48
4.78
14.47
2.03
4.61
1.91
0
0
0
0
0
0
0.27
0
0.14
2.7
4.57
14.79
0.09
0.51
3.48
0
3.98
0.08
0
0
0
0
0.87
0
0.03
1.7
3.2
11.94
1.06
7.96
4.96
0.42
6.22
0.1
0.03
0
0
8.94
0
0.01
0
0
10.52
4.97
0.26
0
0
0
0.2
0.03
0.83
0.07
3.6
0.65
0
0.06
0
0.66
0
0
0
0
0.3
22.96
7.97
7.44
0
2.53
0
0
68.86
1.52
1.21
0.61
0
0
0
7.08
15.96
11.64
0
0
0
0
0
0
0
0.58
3.79
20.57
0
0
0.01
0
0
1.9
26.39
19.41
18.01
2.66
5.7
0
0
5.24
5.86
10.93
0.34
0
0
0
0
0
2.55
0.81
0
1.6
0.13
0
0
0
0
0
0
0
0
0
0
0
11.12
18.73
0
0.01
0.05
0
1.29
0
0
0.01
1.94
2.67
0.01
0
0
0
0
0.31
0.33
0
0
0
0
0
0
0
0
0
0
0
0
0
2.63
0.01
0
0
0
0
0.19
0
9.07
0
0.06
0
0
0
0
0
0
0
0
0
0
0
0
0
11.56
0
0
0
0
0
0.01
0
0
0
0
0
0
0
0
0
0
0
0
0
0
0
0
0
0
2.63
0
19.22
0
0
1.15
0.07
0.04
0
0
0
0
0
0
0
0
0
0
0
0
0
0
0
0
0
0
0
0
0
0
0.44
0
0.11
0
0
0
0
0
0.1
0
34.09
0
0.01
0.8
0
0.01
0
0.89
0
0
0
0
0
1.02
0
0
6.5
0.02
0.02
0.46
0.29
0
0
0
0
0
0
0
0
0
0
0.69
4.06
0
0
0.03
0
0
0
0
0
0
0
0.36
0
0
0
0
0
0
0
0
0
0
0
0
0
0
17.32
0.31
6.83
0
5.94
0
0
0
0
0.47
4.18
0.04
1.8
15.84
0
0
0
0
0
0
0
2.08
0
0
2.58
4.35
5.68
5.67
3.78
10.52
0.22
1.32
0.04
0
0
0
0
0
0
0
0
0
0
3.07
2.68
0.78
0.68
0
0.01
0.01
0.28
0
3.17
2.69
2.21
0
0
0
5.43
0
6.21
24.64
0
0
0.11
0
0
0.28
0
3.11
0.14
3.92
0.18
13.84
0.67
32.11
20.13
3.29
0
1.93
0.03
8.14
1.41
0.04
0
14.8
0
0
9.76
0
2.36
0
0
0
0
0.19
0
0
7.08
0.01
7.49
2.33
0.39
2.7
0
0.29
0
25.07
0
0
0
0
0
0
14.42
0
0
0
0
0
1.61
0.01
0
0
0
0
0
0
0
0
0
0
0
0
1.37
2.88
0
0
0.01
6.44
0
0
0
7.31
0
17.16
0
0
1.53
22.56
0
0
0
0
0
0
0
0
0
0
11.59
0.35
0.2
9.01
3.27
0
28.53
0
0
0.2
0.02
0.46
0
0
0.27
0
0.51
0.9
0
3.54
7.01
0.08
0.03
11.14
0
1.23
6.06
0.25
0
0
3.81
0.06
0
3.22
2.51
0
0.72
7.45
0
0
0
0
0
0
0
0
0
0
1.01
8.34
0
0
0
0
0
0
15.26
0
9.78
0.84
32.71
18.59
1.46
4.58
0.01
3.28
0
0
0
0
0
0
0
0
0
0.1
0
0
0
0
0.24
7.48
0.07
3.79
1.3
0.13
8.52
6.53
10.56
0
0
0
7.09
0
0
0
0.52
4.88
0
5.64
5.36
4.63
0.41
0
0
3.28
1.52
2.46
2.58
0
0
0
0
0
0
6.03
2.84
2.85
0
0
0
2.21
1.71
0
0
1.63
3.26
0
1.58
6.85
0
0
0
0
2.21
0
0
0
0
0
0
0
0
0
0
0
0
0
0
0
0
0
0
0
0
0
0
0.01
10.68
0.34
8.47
0
3.53
2.89
1.62
0
0
0
0
0
0
0
0
0
0
0.07
0
0
0
0
0
0
0
0
0
0
0
0
0
0
1.02
0
0
0
0
0
0
0
0
0.97
0
0
0
0.01
0
6.53
0
4.57
0
8.23
1.21
0
0
0
2.62
0
0.26
0.01
1.43
0.01
0.58
0
0.4
0.11
2.18
1.18
0.06
4.67
1.43
15.35
0.07
0
0
0
0
1.49
0.05
0
0.01
0.06
0
0
0.37
2.72
21.16
1.18
0
0.63
0
0
0.99
14.11
0.31
2.54
0
0.33
0
11.91
26.37
17.7
1.79
0
0
0.15
0
0
0.11
2.41
0.33
0
0
0
0
0.41
0.15
3.27
9.65
0
4.67
0
0
0
2.12
0
0
0
0
0
0.02
4.43
2.78
2.96
1.08
4.61
0
0
13.21
0
18.86
44.29
0.58
0
0
0
0
0
1.2
0.02
0
0
0
0
0
0
0
13.32
25.4
0
0
18.87
0
0
1.22
14.58
0
0
9.99
5.94
0
9.32
18.28
5.35
0
0.02
12.05
2
0
0
0
0
0
0
0
0.71
0
0.33
0.04
0.71
15.2
0
0
18.87
0.97
0
0
0
0
1.31
12.96
11.72
0
1.68
0
0
0
0
0
0
0
0
0
0
0.12
0
0
0
6.63
1.84
4.53
11.01
0
0
0
0
5.24
0
3.6
17.11
0
0
0
0
0.05
0
0.17
0
14.53
0
0
0
0
0.02
10.17
0.1
0
0
3.8
0
0
3.16
0
0
28.24
7.58
0.02
0
0
0.01
0.67
0.06
0
0
0
0
0
0
0
0
0.09
19.33
0.13
1.91
0
0
7.46
0
0
0
0
0.56
7.79
19.27
6.61
0
15.36
17.33
25.44
4.64
1.21
6.55
0
0
0
0
0
0
0
0
0
0
0.01
0.04
3.71
0.01
0
0
0
0
0
0
0
0
0
0.14
0
6.76
5.28
7.65
0.04
0
0
0
1.59
0.03
0
0
0
0
0
0
0
0
0
0
0
0
2.5
0.01
0
0
0
0
0
0
0
1.41
1.07
7.5
0.09
0
0
0
0
0
0
0.49
0
0
0
0
0
0
1.95
0.11
0
0
0
5.48
0
0
2.48
2.02
0
6.52
0
0
0
0
1.13
0.22
0
0
0
0
0
0
0
0
0
0
0
0
0.75
1.3
0
0
0
0
0
0
0.02
0.01
0
0
0
0
4.3
9.35
0.02
1.95
2.13
5.14
28.56
0.02
5.79
0.01
0
0
0.86
1.27
0
0
1.29
0.04
0
0
0
0
0
0
4.41
0
0.69
0.03
0
0
0
0
0
0.01
1.95
0
0
0
2.14
0.23
10.61
0.02
0
0
0
0
0
0
0
0.01
10.92
5.67
3.66
0
0
0
0
0
0
1.31
2.32
6.07
1.35
4.45
3.9
0
0
0
0
0
0.55
0
0
13.07
0
18.68
0
0.41
0.16
0.78
0.96
0.06
6.2
1.98
30.35
0.73
0
0
0
0
0
1.24
13.43
0
0
0
0
0
0
0
0.13
0
0
0
0
0.96
0.08
4.66
0
1.35
0
0
0.81
6.45
0.52
0.06
0
2.84
0
0
11.57
0
0
0
0
0
0
0
0
0
0
0
0
0
0
0
0
0
0
0
0
0
0
0
0
0.03
0
0
0
0
0
0
0
0
0
1.05
3.47
0
0
0
0
0
0
0
0
26.11
0
0
16.4
0
0
0
0
0
0
0
0
0
5.27
0
0
0
0
0
0
0
0
0
0
0
0
0
0
9.44
0
0.01
0.01
0.95
13.35
15.48
0.15
7.59
0
0
3.26
0.01
0
0
0
0
6.69
35.57
5.28
1.05
0.02
16.46
0.13
0
0.01
2.58
0.29
0
0
34.03
24.71
1.64
0
0
30.87
0.52
0.01
0
0
0
0
1.78
1.68
0.04
0
0
0
24.47
11.72
0
0
0
1.13
0.03
1.09
0.39
0
0.35
0
0.15
2.34
0
0
0
4.74
1.24
27.6
1.88
0.88
4.6
7.03
3.95
0.04
0.05
0
0
0
0.12
0.14
0
0.05
0
0
0.33
0
0
0
0
0
0
0
0
0
0
0
2.49
0
0
0
0.72
0
0
0
0
0
0
0
0
0
0
0
0
0
0
0
0
0
0.59
0
0.64
0
1.56
0
0
0
0
0
0
0
0
0
0
0
0
0
0
0
0
0.02
0
1.8
0
0.02
0
0
0
0
6.54
7.64
0
0
0
0
8.18
2.32
0
0
0.77
0.03
0
0
0
0.02
0
0
0
0
0.29
0.24
0
0
0
0
0.12
1.68
3.14
0.11
0
0
0
0
0
0
0
0
8.09
0
0
2.64
0.96
0
0
0.84
13.11
0.74
0
0
0.96
0
0
0.01
0
0.01
0
0
0
0
0
0
0.05
0
0.59
0.1
0
0.04
6.77
0.52
4.73
11.23
0.58
0.27
0.53
0
0
0
0
2.65
0.17
0
0
0
0
0
0.25
0
0
0
0
0.17
0
2.7
0
1.01
1.73
0
0.01
7.08
0
0
0
0.05
0
0
0
0
20.32
0
0.39
2.85
0.04
19.53
0
0
0.98
0
0
9.09
2.13
1.35
1.17
1.63
1.6
0
0
0
0
0.01
0
0
2.16
0
0
0
0.04
7.87
2.27
0.95
0.34
1.34
0.99
0.03
10.43
0.15
0.8
0.04
0.14
0
0
3.53
2.39
0
0.48
0
0
0.78
0
0
0
0
20.7
2.59
0
1.03
2.39
2.34
0
0
0
0
0
0
0.04
0
0
0
0
0
0
8.62
15.25
0.03
3.44
1.15
0.03
0.34
0.76
0
0.01
15.15
10.65
0.32
0
0
0
0
11.87
0
0
0
2.11
0
0.5
5.69
0.12
0
0
0
0
0
0
6.89
2.13
0
4.06
21.52
0
0.07
13
2.61
1.39
0
0
0
0.53
1.1
0
0
0
0
3.72
2.86
0
0.92
7.65
0.22
0
14.42
13.66
18.27
0.03
0
0
0
0
0
0
0
0
0.06
0.77
0.62
16.18
1.41
0
4.42
2.46
0
5.79
10.95
8.7
0.05
0.03
0
0
0
1
6.81
0
6.47
0
0
0
0
0
6.45
25.28
0
0
0
0
0
0
0
1.22
0
0
0
4.45
0
0
12.46
0
2.45
0
0
0.01
0
19.72
0
0
20.51
9.12
17.9
2.88
0
0
0
0.3
11.92
0.02
0.08
4.02
0
0
0
0
0
0
0
0
0
0.01
0
0
0
0
0
0
0
0
0
0
0
4.72
0
0
0
0
0
0
0
0
0
0
0
0
4.27
0.19
0.01
1.71
0.97
1.94
0.12
0
0
0
0
0
0
0
0
0
5.68
0
0
0
0
0.16
0.28
0
0
0
0
0.01
3.71
0.19
0.48
0
0
0
0
0
0.11
0
0
0
0.27
0.3
0.01
0
0.56
0
12.44
1.07
0
0
0
0
16.23
9.02
0.4
5.65
1.33
0
0
0
6.96
25.64
22.5
3.09
0.9
0.01
0
1.06
13.67
1.18
0
0
0
0
0.02
0.07
0
0.5
0
0
0
0
3.44
0
0
0.64
10.89
0
0
0
0
2.4
0.06
0.07
0.62
0.06
0
0
0
0.57
9.13
3.08
0
0
0
0.78
2.26
1.24
2.65
0.32
10.2
1.33
0
0
0
3.32
15.43
4.27
0
0
0
10.19
2.84
1.44
19.75
0.19
0
0
11.91
0.05
0
0
0
0
0
1.91
0
0
0
0
23.6
0.59
0
0
0
0
0
2.42
0.52
8.69
0
1.52
3.89
0
13.69
0
0
0.07
0
0
9.95
4.31
9.78
0
0
0
0
0
0
0.1
0
0
0
0
0
0
0
0
0
0
0
11.15
0
0
11.37
0.31
36.41
0
0
0
10.88
8.75
2.85
14.02
0
19.77
1.84
41.59
12.65
0
0
0
4.94
0
1.97
0
16.52
7.33
0
0.23
0
0
0.19
0.27
0
0
0
0.44
11.89
0
21.94
7.32
0.11
0
0
0
0
0
0
0
1.21
11.92
0
0
0
0
3.18
7.35
12.68
0
0
4.87
0
0
0
0
0
0
0
0
0
0
0
0
0
0.28
0
1.57
32.34
0
7.34
0
28.46
0.24
0
0
0
0
0
0
0
0
2.02
0.01
0.53
15.24
11.61
0.1
0.35
0
1.07
1.04
0
0.46
0.06
0
0
0
0
0
0.19
0.15
0.29
0
0
0.04
0
0
0
0.01
1.38
5.15
0
0
4.42
4.61
0.37
0
0
0
0
0
0
0
0.22
6.19
16.29
0.79
0.27
2.49
0.02
0
0.01
0.93
0
9.78
0
0
0
0
0.78
0.27
0.02
0
0
0
0
0
0.08
0
0
0
0
0
0.43
7.17
0
0.75
0.06
5.65
0.44
0
5.83
0.02
0.03
0
0
0
0
0
0
0
2.18
0
0
0
0
0
0
0
3.09
4.91
0
6.63
4.13
9.55
0
0
0
0
13.98
0.23
0
34.8
0.06
0
0
34.8
0.06
22.91
0
1.25
0
0
0
0
0
0
0.28
0.47
0.02
3.87
0
0
11.61
3.42
0.01
0
0.9
0
0.3
0
15.81
0
2.34
0
0
0.16
0
0
0
0.05
0
0.29
0
0
0.57
1.27
0.76
0.48
4.14
0.02
0
0
0
0
0
0
0
0
12.11
10.19
1.19
0
2.59
0
0.86
0.06
0
0
0
0
0.01
0.18
0.84
5.26
0.91
0.01
19.52
2.47
0
0
0.05
9.08
7.12
4.84
12.88
4.4
0
0
0
0
0
0
0
0.91
7.33
13.04
1.81
0
0.03
10.29
4.46
26.08
3.46
0
6.39
0
8.11
0.8
12.24
0.04
4.38
1.23
0
0.03
0
0
3.52
11.2
1.46
4.07
5.77
4.14
0.04
0
0
0
0
14.83
0
0.39
17.85
4.74
0
0
0
0
0
0
0
0.01
3.38
11.85
0.08
3.73
0
0
0
0
0
0
0
0
0
17.08
7.79
0
0
0.24
7.43
0.11
0.22
3.57
0
0.3
18.23
8.4
0
0
0
0
0
0
0
0.07
0.91
16.58
0.06
2.98
0
0
0
0.89
0
2.04
43.85
0.37
0.06
0.51
2.17
0.12
14.56
7.17
0
0
0.26
13.45
0
0
0
0
3.37
28.25
13.25
0
0
0
19.99
0
0.01
0
0
0
0
0
0.11
13.95
2.17
0.01
0.1
0
0.01
0
0
0
0
0
0
0
0
0
0
0
0
0
0
0
0
0
0.01
0
0
0
0
0
0
2.3
0
0.93
0.2
6.55
0.01
0
0
1.12
0.14
0
0
0
0
0
0
1.32
0.01
0
1.47
19.02
0
0
0
0
0
0
0
0
0
0
5.25
1.03
0.41
0.21
0
0.41
5.8
6.08
17.06
3.39
0
0
0
0.98
2.54
21.59
0.52
0
0
0.03
0.23
0
0
0.43
0
0
0
0
21.17
0
0
0
0.18
17.09
3.94
1.1
0
0
0
0.55
3.44
19.52
0.62
0
0
0
0
0
0
0
0
0
2.77
1.27
0.78
0
4.32
8.72
0.45
0.52
4.76
0
0
0
0
0
0
15.53
0.87
0
0
1.23
0.97
0
0
0
0
8.45
0
0
0.03
0
0
8.8
0
0
0
0
0
0
0
0
0
0.01
0.91
0.79
0.06
0
0
0.1
0
0
0
0
0
7.48
0.88
0
0
0.03
0.86
0
0
0
0
0.01
0
0.13
0
0
0
0
0.32
0.17
3.04
2.5
31.15
21.38
24.75
0.25
0
0
0
2.49
0
0.07
8.07
0.19
9.78
1.5
0
0
0
0
0
0
0
0
2.27
0
0.01
0.04
0
0.09
2.35
4.69
0
1.43
0.01
0
0
6.76
29.36
0.67
0
1.97
23.65
6.74
3.88
0.04
0
0
0
0
28.01
0
8.62
0.01
0
4.66
10.63
11.56
1.02
0
0
0
0
0
0
0
0
0
0
0
0
0
0
0
1.52
0
0
0
0
0
24.3
2.36
4.95
14.09
5.2
0
4.53
2.52
0.58
0
25.97
3.11
19.81
36.87
0
0
0
0.02
0.02
1.98
0
0.94
9.87
0.05
0
0
8.28
0
0
0.72
0
0
0
0
0
10.43
3.04
0
0
7.14
0
2.82
0
0
0
1.28
0.05
0
0
5.73
1.62
0
0
2.79
36.38
3.93
0.86
13.49
5.36
0.06
0
0
0
0
0
0
0
0.74
0
0
7.28
0
1.23
0
6.77
29.51
14.91
0.52
2.57
0
4.8
0
1.61
0
0
1.91
0.72
2.92
1.03
0
0
0.55
2.79
0.54
4.07
10.24
38.13
0.99
1.45
0.05
1.14
0.49
0
0
0
7.07
0
1.22
7.23
0.05
0
0
0
0
0
0
0
0
0
5.45
5.46
0.75
0
8.08
10.81
0
0
0
0
0
0.08
0.43
5.13
0
0
0.35
0
0
0
0
0
0
0.05
0
0
0
0
0
0
0
4.44
2.69
5.07
0.06
7.6
7.2
7.48
0
0
5.42
1.28
0.01
3.57
0
2.19
0
0
0
0
0
0
0
0
1.01
0.21
0.12
0.37
5.87
1.38
0
0
0
0
0.46
10.55
0.03
7.07
3.55
5.04
0.39
0
0
1.58
1.54
0
0.67
3.77
4.84
4.2
3.6
0
0.12
0
0
6.9
2.26
1.24
0
0
0
0
0
0
0
0.01
3.47
0.05
0.01
0.03
0
1.62
0
0
0
0
0
0
0
0
0
0
0
0
0
0
0
0
0
0
1.48
0
0
0
0
0.21
0
0
0
0
0
0
0
2.22
0.58
0
0
0
0
0
0
0
0
0
0
0
0
0
0
0
0
0.08
0.19
3.3
4.17
0.77
1.81
0.23
2.3
0.07
0
0
0
1.07
0
0
3.7
0
0
0
0
0.07
0.69
0
0
0
0
0.02
1.75
0
0.03
0.48
2.33
0
0
0.04
3.34
2.31
0
0
0
0
0
1.89
0
0.55
0.17
0
0
0
0
0
2.75
0.64
1.2
0.03
0.02
0
0
0
0
0
0
0.02
0
0
0.14
30.94
15.2
8.09
7.41
0.03
2.17
4.35
1.07
0
0
0
0.14
1.26
12.2
0.03
0
1.79
0
0
0
3.56
0
3.24
0.25
29.13
0.02
0.62
18.92
3.03
10.04
3.44
0
11.13
3.85
8.35
0
0.02
0
0.15
0
11.4
0.95
0
0
0.01
26.62
15.92
17.01
1.62
0
3.29
9.76
0.14
5.17
6.54
0.11
0.46
11.07
7.45
1.6
0
0.56
0.12
9.35
12.32
10.07
0
0
0.21
2.45
0
23.32
3.14
0.12
0
0
0.93
5.43
0
0.88
0.27
0.15
0
0
0
0
0.02
0.05
0
3.47
0.79
0
0.14
0
0
0
0
0
0.16
5.5
19.82
0
0
0
0
0
0
0
7.13
14.46
0
0
0
0
0
15.21
0.43
0
0
0
0
1.42
0
0
0
0
0
0
0
0
0
0
3.17
1.79
0.21
0
0
0
0
0
0
0
4.96
1.18
2.72
0
0
0
0
0
0
0
0
0.57
0
0
0
0
0.07
1.17
0
0
0
0
0
0
0
0
0
0
0.66
3.15
1.45
0.03
0.36
15.33
22.24
0.34
0
8.68
1.17
0.23
0
0
0
0
14.42
1.4
0
0.76
0.53
0.25
4.44
5.58
7.5
1.59
16.87
0
0
0
0
0
5.9
0
0.39
6.14
0
0
1.02
4.18
0
0.23
0
10.02
0.65
0.33
0
0
0.02
7.01
0
0
0
0
0
0.17
0.02
0.42
0
0.22
0
0
0
0
0
0
0
0
0
0
0.01
0
0
1.32
0
0.74
2.14
0.01
0
0
0
0
0
0
0
0
0
0
0
0
0
0
0
0
0
0
0
0
0
0
0
0
0
0
0
0
0
0
0
0.73
0
0
0
3.16
15.94
0
0
0
2.27
0
1.13
0.07
0.16
0.47
0
0
0
0.1
0
11.58
15.19
0.44
0.09
1.45
0.58
0
0
0
0
0
0
0
0
0
0
0
2.66
0
0
4.93
7.72
0.99
1.81
4.18
0.35
2.83
0.02
1.21
6.57
0
9.07
0.11
12.08
0
0
0
0.23
0
6.05
0
0
0
0
1.59
0
0.56
0.82
2.45
9.31
0
0
0
0
0
0
0
0
2.84
0
0
0.29
3.35
5.84
7.67
0
10.66
0
0
4.53
0
0.1
0
0
0.04
0.04
0
0.02
0
0.01
1.02
0
0
0
5.75
0
0
7.64
5.78
6.12
0.02
5.61
1.95
2.57
0.01
0
0
0
5.11
0
1.27
0
0
10.03
10.02
0.64
26.6
0
4.63
0.41
0
1.01
0.04
45.41
2.54
2.55
0
2.46
8.28
1.57
24.28
0
0.24
10.68
0
0
0
0
0
0
0
0.2
0
0.01
14.27
0
0.13
11.6
0
0
0
11.11
0.22
0
0
0
0
0
0
0
0
0
0
0
0
0
2.28
0.03
0.33
26.72
0
15.06
0
0
28.39
0
0
0
0.19
0.12
0
11.31
0
46.62
0.15
0
0
0
0
0.01
53.52
8.08
10.02
0.35
14.05
1.71
0.3
0
0.27
0
0
0
0
0
0.37
1.59
45.67
0.12
0.9
3.17
0.67
0
0
14.55
3.58
0.28
1.9
0
0
1.73
8.67
0
0.29
0
0
0
9.38
18.21
0
0
0
0
0.24
5.39
0.01
0
0
7.08
0.01
0
0
1.69
5.14
66.88
4.29
0
0
0
0.14
12.36
0
0
0
10.61
0
0
0.4
0
0
0
0.65
6.95
1.62
0
0.2
1.03
0
0
0.31
0.21
5.56
0.09
0
13.42
0
0
0
0.54
0
0.3
0.3
0.37
0.69
1.94
0.15
0
0
0
0
8.19
1.75
0.05
0.01
0
0
0
0
0
0
0
0.12
0
0.01
2.04
0
0
0
0
3.33
0
3.83
3.53
0.03
0
0
0
0
0
0
0
0
0
0
0
0
0
1.03
0.32
0.57
0
0
0
0
1.05
0
0
0
0
0
0
18.22
0.37
0.17
0.02
3.85
0.14
0
0
0.02
0
0.09
0.79
0.69
5.66
0
0
0
0
0
0
0
0
0
0.17
1.97
0.66
2.41
0
0
0
0
0
0
0.07
0
0.25
1.12
0
0
0
0
6.71
0
0
0
0
7.33
21.55
1.18
0
0
0
0
0
0
0
0
5.12
2.02
0
0.35
1.71
0.11
4.72
0.68
0
25.91
8.08
2.35
1.99
1.74
0.02
1.15
2.18
1.53
0.09
0
0
0
0
0
3.95
1.17
0
14.66
1.36
0
0
0.96
1.14
0
0
4.53
1.61
19.27
8.64
0
0
0
0
50.2
2.39
0.29
0
0
0
0.01
0
0
0
0
0.18
0
0.42
0
15.23
0
0
0
20.67
0
0
21.24
0
0
0
0.06
0
0.45
0.68
0
0
29.58
0.14
0
0
0
0
0
1.46
0
0
0
3.03
0
0
0
0.57
21.48
0
14.49
18.09
9.93
1.52
0
3.6
0
0
0
0
0
0
0.58
11.63
0
0
0.12
8.83
0
0
0
0
0
0
0.45
7.22
0.25
0
2.34
8.93
0
0
7.81
0
1.32
0.96
0
0
22.25
0.64
0
0.02
16.57
0
0
0
0
0
0.34
0
0.01
1.75
17.62
0
2.53
0.75
4.56
1.25
0.66
0
0
0
0
0
0
0
0
0
0
0
0
4.15
1.57
0
14.01
0
0
0
0
1.38
0.01
5.97
0
0.01
0.08
0
0.61
17.9
0
0
0
0.01
0.08
0
0
0
0
0
0
0
0
0
0
0
0.47
0
3.41
0
0.68
9.64
0
0.05
1.54
0
0
0
0
0
0
0
6.87
0
4.13
13.87
0.02
0
0
0
0.06
0.01
0.07
10.69
0
17.33
0
13.45
0
0
0
0
0
0
0
0
0
0
0
0
0.83
0.14
0
0
0
0
15.71
0.02
17.25
0.01
3.46
1.93
0
0
0
5.57
0
0
0
0
0
0.16
3.74
0
15.61
0
0
0
1.08
1.14
0
0
0
0
0
0
0
0.17
0
0
0.09
0.08
0
0
0
4.27
0
0
0.8
0
0.01
0
0
0
0
0
0
1.47
0
0
0
0
0
0
0
0
0.02
0.56
0
0
0
0
0
0
14.41
0
0
0
0
0.02
0
0.4
0
0
0
0
0
0
18.94
0
0
1.12
0
0
0
0
0.06
0.08
0
0
0
0.05
0
0.88
5.93
0
0.24
0
0
0
0
0.27
0.01
2.39
0
0.01
9.6
0.1
0
4.03
0
0.11
2.81
7.33
0
0.13
0
0
0
0.25
0.18
0
0
0.03
0
0
0
0
0
0
0
0
9.01
0
0
0
0.13
1.49
1.64
2.87
0
0
0
0
0
0
0
0
0
0
11.36
0
0
0
0
0
1.01
8.23
3.26
0.26
24.23
0
0
0
0
0
1.15
0.44
0
0.14
0
0
0
0
0
12.92
0.83
0
0
0
0
0
0
0
10.33
0
0
0
0
0
0
0
0
8.1
3.24
1.31
0
0
0
0.58
0.08
0
0
0
0.13
0
0.31
10.77
3.18
0.01
3.07
2.13
0
26.69
7.28
0
0
1.95
1.8
0
0
0.26
0.63
0
0
4.79
0
13.9
0
0.22
0.88
0
0
0
2.64
8.01
0.34
0.08
0.35
1.14
0
0.1
0.05
0
5.07
0
0
0
0
0
0
0
0
0.01
0
0
0
0
0.01
0
1.43
23.81
0.82
11.47
2.81
0.05
0.05
0.55
3.51
0
0
0
0
0
0
6.97
0.08
40.22
0
0
0
0.18
1.68
0
0
0
0
0
0
0
0
2.57
10.25
10.35
2.71
0
0
6.68
1.87
0
17.64
5.07
0
0
0
0
0
0
9.54
0.03
3.52
0
0
0
0
0
0
0.26
5.95
0
0
0
11.71
7.23
0
5.22
3.75
1.45
6.52
2.47
0.01
2.19
0
0
0
0
0
3.99
6.51
9.41
2.21
2.44
0
0.36
0
0
0.93
9.16
1.1
0
0.02
0
0
0.01
0.01
0.19
0.62
0.72
0.6
0.06
0
0.73
0.06
0
0
0
0.09
18.92
0
0
0
0.4
0
0
0
0
0
2.47
12.88
15.16
1.33
12.95
3.59
0
0
0.31
0.05
0
0
0
0.24
11.19
0
0
0
0
0
0
0
0.09
0
0
0
0
0.01
0.13
0.72
1.02
5.07
0.56
7.7
0
0.04
1.12
0
0
0
0
0
0
0
0
0
0
0
0
0
0
0
0
0
0
0
0
0
0
0
0.06
0
0
0
0
8.29
0
4.05
0.17
1.21
2.83
0
0
0
0
0
0
0
21.23
2.09
0
0
0.15
0
10.8
0
0.32
1.44
0
0
9.64
6.42
0.04
0.15
0
0
0
0
0
0
1.69
4.04
0
12.7
9.35
0
1.81
4.48
0
0
0
0
2.44
0.2
0
8.04
1.45
0.01
0.53
0
0
0.18
3.08
0
0
0
0
0
0
0
3.27
0.55
0.21
0.43
6.01
0.95
0
2.17
0
0
0
0
0
0
5.22
0
0
0
0
0
0
0
0
0
0
0
6.98
3.42
0
0
20.97
0
0
7.16
0
0
0
0
19.26
0
0
0
0
2.16
6.17
0
0
0.13
0
3
0
0
0
0
0
6
0
0.09
4.66
0.07
1.22
1.64
0.01
0
0
12.58
0.03
3.71
0.4
0
0
0
0
1.88
7.67
1.34
0
4.29
3.39
0.07
0.24
1.44
0.06
0
0
0
0
0.87
0
0
0
0
0
0
0
0
0
0
7.57
0.04
0
0
0
0
0
0
0
0
0.06
0
0
0.42
0.03
0
0
0
0
0
0
4
0.14
4.4
0
24.08
16.35
2.36
0.5
22.93
9.18
0
0
0.48
0
28.5
4.6
8.97
11.24
0.2
0
0
0
2.31
15.54
8.29
4
0.39
0
0
0.41
0.97
0
0
0
3.25
0
0
0
0
0
0
0
0
0
0
0
0
0
0
0.01
0
3.08
0.01
0
1.74
0.01
0
0
0
0.01
0
0
0
0
0
0
0
0
0
13.17
5.14
0.01
2.89
2.11
6.91
0
0
0
0
0
0
0
0
0.51
0
0
0
0.21
2.56
0
0.34
0.13
0
0
0
0
0
2.14
0
0
0
0.16
1.11
4.84
0.06
0
0
0
2.34
0.07
0
0
0
3.75
0
0
0
4.57
0
0
0.01
0.55
0.13
0
0
0
0
0
0
0
0
0
0
0
0
4.07
0.15
0.07
0.03
0.03
0
0
0
0.02
0
0
0.07
0
0.01
0
0
0
0
0
0
0
0
0
0
2.36
3.47
0
0.26
1.56
0
0
0
0.02
0
0.95
12.04
3.37
0
0
1.58
0
0.4
0
0
0
0
5.86
0.3
0.44
0.86
0
0
0
0
0
0
0
0
0
0
0
0
0
0
0
0.06
0.46
3.84
0.63
0.3
0.14
0
0
0
0
0
0
0
0
0
0
0.4
0
0
0
0
0.39
2.85
1.09
19.27
4.92
0.43
0.03
0.98
7.81
2.93
4.25
2.55
0
0
3.38
2.25
0
0.62
13.59
0
0.61
0
0
0
0
0.63
0.03
0
0
0
0
0
0
4.8
2.45
8.67
0
0
0
0
0
0
1.59
0
0
0.35
15.35
0
0.95
0.08
0
0
0.63
0.54
0
0
0
0.01
2.71
2.65
0
5.17
6.56
0
0
0
0
0.23
0.06
0
0
0
0
0
0
0
8.41
1.38
0
0
17.72
0
0
0
0
0
9.5
0
6.83
2.89
0
0
0
0
0
0.01
26.94
8.56
0.53
0
2.98
0
0
2.17
15.1
0
12.37
0
0
0
0
1.18
24.75
16.19
0.03
0.83
0.11
20.4
0
17.14
7.33
0.04
0
0
20.93
5.5
0.07
0.16
0.11
2.83
0.33
0
1.03
0.36
2.88
3.34
0.05
0
0
0
0
0.12
0.01
0.02
0.16
1.07
0
0
0.03
2.14
0
0
0.08
0
3.32
0.23
0
0
0
2.15
0
0
0
0.06
10.07
3.52
4.42
16.13
2.64
3.25
0
0
0
0
0
0
0
0
3.7
0
0.73
0
0
0.02
10.2
16.82
14.11
0
0
0
0
18.69
10.64
0.09
0
0
0.47
10.31
0
0.2
0.03
0
0
0
0
1.54
0
0
6.78
3.27
0.96
0
0.27
0
0.01
0
0.12
0
0
0
0
0.34
1.06
0.29
0.23
0
0
8.88
0
0
0
0
0
0.06
5.49
0.01
0.36
9.41
4.41
5.44
13.53
4.2
2.54
0
0.07
0
0
0.26
0
0.03
4.09
0
0.34
0
0
0
0
0.12
0
0.59
0
0
0
3.39
0.13
0.05
3.56
0
0.04
0
2.49
0.18
8.89
6.43
0.77
6.47
1.9
0
0
0
0
0
0
0
0
0
0
3.42
3.44
0.01
0
0
0
0
0.04
0
0
2.17
0
0
0.26
15.41
0
0
0
0.38
0
0.01
0.9
0
0
0
0.13
0.05
0
0
0
0
0
0
0
0
0
0
0
0
0
0.48
0.79
0
0
0
0
0
0.15
0
0
0.05
0
0.29
0
0
0
0
0
0
0
0
0
0
0
0
0
0
0
0
0.66
0
4.1
0.06
0
0.46
0.01
0
0
0
9.02
0.53
4.85
0
0
0
0
0
0.04
0
0
0
0
0.28
0
0
9.98
2.04
0
0
0
0
0
0
0
0
0
0
0
0
9.83
0
1.42
0
0
0.01
0
0
0
1.3
5.51
0.65
0
0
0
0
15.5
0
1.71
0
0
0.98
6.11
0.31
2.04
0
0
0.44
0
0
0.01
0
2.84
0
1.83
7.52
0.02
0.05
0.06
7.92
0
1.51
0
0
0.24
5.95
0
0
0
0
0
0
3.49
0.01
5.7
1.1
0.14
1.99
0
0
0.02
0.95
0
4.04
0.01
0
0
0
7.39
0
0
0
0
12.97
3.87
17.88
0.22
0
0
5.79
0
0.21
1.51
0.81
0
0
0.75
0
0
0
0
0
0
0
0
0.02
1.14
7.38
0.09
0
0.07
0.08
0
0
0
0.21
0
0
0
0
0
8.98
9.7
24.13
0
0.02
0
0
0
0
0
0.08
18.32
8.5
1.08
1.77
1.92
0
0
0
0
0
0
0
0
0
5.93
0.39
0
0
0
0
26.36
0
0
0
19.12
37.07
3.8
0
3.14
0.4
0
0.01
0
0
0
0
0
0
0
0
0
1.71
13.28
0
15.66
1.06
0
0
0
0
4.72
5.26
0.58
12.67
2.25
0
0
0
3.21
0.78
0
0
0
0
0
0
0
0
0
3.89
0
0
0
0
0
0
0
0
2.26
0.57
1.15
2.96
0
0
0
0.17
0.01
0
0
0
0
0
0
0
0
0
3.39
0.89
0.05
0
0
0
0
10.11
0.31
0
0
0
0
0
0
1.39
5.58
13.36
0
0
0
0
0.32
0.3
0.03
0
1.15
0
0.23
0.83
0
0
0
0
11.58
0.65
0
0
0
0
0
0
0.32
0
9.59
0
0
0
0
0
0.32
0
0
0
0
0.02
0.35
0.33
0
0
0.08
0.07
0.04
0.97
0.37
0
0.06
0
0
0.08
2.47
9.89
1.1
0.03
15.55
0.65
6.73
0
0
0
0
0
0
0
11.56
6.9
0.23
0
0
0
0
0
0
0
0
0
0
0
9.45
4.43
21.98
15.55
5.65
0.67
0.01
0
0
0
0
0
0
0
5.75
10.38
13.37
0.48
0
1.04
0.96
0.01
1.79
7
0.74
0
1.53
0.58
2.8
9.84
5.03
0
0
1.84
4.71
0.02
0
0
0
0.02
0
0
0.43
0
1.5
7.22
4.68
1.21
2.47
0.05
0.22
0.04
3.14
7.23
0
10.41
0.01
0.04
0
0.06
0
0
2.97
0.61
0
0
0
3.27
1.79
0.11
0
0
0.41
14.9
0.6
0.66
4.63
0
0
0
0.08
0.52
19.66
17.35
1.66
0
0.1
0
0
5.66
2.9
15.16
0
2.3
0
11.16
27.87
0
0.02
20.1
6.18
0
3.96
10.87
0
0
0
2.34
0
0
0
0
0.31
0
0
0.08
1.19
0
0
0
0.19
0
0.07
0.46
0.29
0
0
0.05
0
2.12
0.01
0
0
1.35
1.82
2.87
0
0
3.1
19.48
0
14.63
0
0
0
4.42
0.23
0
0
0
0
0
7.28
18.43
0
0
0.03
1.7
16.03
0
0
0
0
2.38
0.2
0
0
0
0
0
0
0
0
0
0
3.71
0
0
1.62
0
0
0
0
0
3.21
1.16
2.79
8.35
0.01
0
0
0
0.11
0.06
1.14
0
0.02
0
0
0
0
0
11.12
21.14
0
1.46
0.79
3.19
4.75
21
6.52
0
0
0
4.72
8.78
0.49
0
0
0
0
0
0
2.65
0.23
0
0.04
0.45
0
0
0
0
6.74
11.47
2.81
0
0
11.41
0.09
0.15
0
0
0
0.9
0
0
0
0.02
0
0
0
0.01
0
0
2.18
0.1
0
0
0
1.34
0
0
0
0
0
0
0
0
0
0
0.24
5.32
0.18
0
0
0
0
0
0
0
7.78
7.81
2.32
0
0
0
0
0.12
0
0
0
0
0
0
0
0
0
0
0.34
0
0
0
0
0.07
0
0.64
0.86
0
0
3.61
0.06
0.72
0
0
0
0
0
0.01
9.13
6.94
0
0
0
0
0
0
0
0
0.12
0
0
0.74
0
0
0
0
0.09
16.07
0.23
8.46
0
4.02
0
0
0
0
0
5.78
0.76
0
0
0
0
3.57
0
0
0.03
0
0
0
0
0
0
0.36
0
0
0
0
0
3.18
0
8.8
0.06
0.69
1.71
0
0
0
0
0
0
0
0
0.15
25.63
4.17
2.99
6.48
0.38
0
0
0.39
0.01
4.74
7.9
7.86
0
0
0
0
2.76
0.08
2.7
0
0
0
0
0
24.91
8.39
3.85
0
5.47
0.46
0
0.14
0
0
0
0
0.7
0.02
4.92
17.11
0.63
0
0
0
0.06
0
0
0
0
0
0
0.28
0
0
0
0
1.87
0.89
0.56
2.96
0.01
1.25
0
1.35
0.01
0
0
9.48
0
0
0
0
0
0
0.51
0
0
0.02
4.86
13.32
4.41
26.26
5.44
23.04
0.15
0
0.35
22.7
0
6.14
22.34
4.67
2.04
13.18
13.63
0.49
0.02
0
1.88
0
0
2.58
0.3
8.62
0.98
1.51
0.24
0.08
11.65
0
0
0
0
0
0
0
23.61
1.47
0
2.01
2.14
0
0
0.36
2.83
0
11.44
49.1
1.06
6.99
12.35
0
0
10.77
24.18
15.03
1.57
0
0.05
0.26
2.81
0
0
0
0
0
0
0
0
0
0
0
0
2.6
1.03
0
0
5.48
0
0
3.87
2.04
8.71
14.95
0.38
0.69
0
0
0
0
0
5.86
0
30.03
0
0
0.56
0.77
0.01
0
0
0
0
0
0
0
0
0
0
0
0
0
0
0
0
0
0
7.45
0
0
0
0
0
0
0
0
0.09
0
0.42
0
0
0
1.27
0
0.12
0.02
0
0.7
0.33
0.22
0
4.39
0
0.4
0.06
0.08
0.06
1.62
1.34
2.44
15.17
6.48
18.33
2
2.08
0
2.08
0
0.05
7.21
15.25
10.09
0
0
0
0
0
2.82
0
0
0
0.27
0
0
0
0.43
0
0
0
0
0
1.22
14.37
9.48
13.24
0
2.82
17.41
16.04
0
1.62
7.99
1.56
0
0
0
0
0
0
0
0
0
0
0
0.11
0
0
0
0
0
0
0
0
0
0
0
0
0
0
0
0
0
0
0
0
0
1.03
0
0
0
0
0
0
1.56
1.29
0.27
0
4.09
0
0
0.13
6.62
7.46
1.27
0
0
0
0
0
3.66
8.89
0
0
0
0.01
14.92
0.75
0.42
0.01
0.21
0
0.03
0
0
0
0
0
0
0
0
0
0
0
11.75
1.42
0
0.48
0
0.4
3.78
0.01
1.54
0.16
0
0
0
11.77
8.05
0
0
0
0
5.99
0.57
0.48
0.08
0
0
0
7.56
0
0
0.21
6.68
11.22
22.83
9.17
2.4
0
0
0
0
2.15
0.85
0.04
0
0
0
0
0.83
25.7
0
0.03
7.24
0.65
7.75
0.13
3.74
0
3.42
16.3
0
0.94
0.03
11.67
22.86
15.36
0.13
0.78
21.53
1.4
0.29
1.1
6.51
0
0
1.4
10.36
0
0
0.15
0.05
0
0
0.3
0
0.06
0
0
1.38
0
0
0
0
0.5
0.17
33.2
0
1.6
3.89
6.31
0
0
0
3.35
0
0.14
0.24
0
3.66
0
3.51
0
0
0
0
0
0
0
0
13.44
0.24
0.09
0.06
0.36
11.15
11.64
0.37
0.04
0.94
0.14
11.81
4.74
1.1
3.31
10.44
0.1
0
0
3.81
25.33
5.51
2.68
0
0
0
0
0.06
1.21
2.5
6.76
0.37
38.43
14.34
0
16.04
4.71
8.79
4.09
0
0
0
0
0
0
0
0.09
0.07
0
0
0
0
0
0
2.49
2.84
0.11
5.29
4.82
0.18
0
0
0
0
0
0
0
0.49
0
0
0
0
0.19
9.99
0
0
1.66
0
0
0
0
0
0
0
0
0
0
0
0
0.06
0
0
0
13.19
0.06
0
0
0.35
0.47
0
0
9.66
0
0.48
0
0.05
0
0
0
0
0
0.23
1.16
0
0
0
0
0
0.02
0.05
4.46
2.65
19.14
0
0
0.02
0.29
0.12
0.04
0.09
0
0
0.04
0.02
0.28
0
0
0
0
6.75
4.71
0
0
0
0
0
0
2.16
0.06
0
0.05
0
0
0
0
0
0
0
0
0
0
0
1.57
0
0
2.11
0
0
0
0
0.34
0
0
0.02
0
0
0
0
0
0
9.02
0.07
1.27
4
8.92
8.47
0
0.17
0.44
0
0
0
0
0
0.04
0.09
0
0
9.01
0.15
0.4
0.39
0
0
16.6
0.01
0
2
0
0
0
0
0
0.11
0
0
0
18.33
0.22
0.58
0.38
0
1.56
1.22
0
0
0
1.13
11.96
0
0
0
0
0
0
0
0
0
0.01
44.44
1.85
0
0
18.54
4.52
0
0
0
0.2
0
0
0
0
0
4.58
0
0
0
0.07
0
0
0
0
0
0
0
0
0
0
0.01
0
0
0
0
0
0
0
0
0
0
0
0
0
0
0.79
14.57
3.97
1.24
0
10.24
0.26
0
3.84
0.44
0
0
10.48
1.56
9.57
0
0
0
0
0
0
0
0
0
0.19
9.23
0.87
0.01
0.05
0.14
3.84
0.7
13.76
4.11
14.79
11.03
3.65
0.03
0
0
3.51
0
0
0
0.06
0
3.18
0
0.16
0.96
0.11
0.02
0
0
0.12
10.15
0.54
0
0.52
0
1.44
0
15.17
0
0
1.77
0.07
23.19
3.38
0.31
0
0
0
0
0
0
0
0
0
0
0
0.29
7.18
0
0
0.07
3.94
10.65
15.79
0
0
0
1.59
0
0
0
12.4
0.01
5.19
3.69
5.31
0.74
0.02
0
0
0.6
1.46
0.22
0
24.22
1.29
1.76
2.58
0
0
0
0
1.01
23.65
4.72
0.2
0.21
0
17.22
0.43
13.45
21.09
21.89
0
0
4.25
1.25
0
0
0.05
0
0
5.59
31.36
0
0
0
0
0
0
0
1.9
40.08
1.76
0
0
0
0.12
0.06
0.06
3.86
0
0
0
0
0
0.04
0.14
0
0
0
0
0
5.56
0.06
0.32
0.56
14.07
11.2
0.37
1.81
2.38
0.83
14.27
0.04
1.58
0
0
0
0.09
1.52
0.04
0
0.12
1.31
9.44
0.32
2.19
0
1.05
0.18
0.05
0.01
3.93
4.22
0
0
0
0
0
0.01
10.31
0
0
0
0
0
0.34
0.21
4.71
0.46
0
0
16.05
0.05
2.6
0.1
6.7
8.75
0
2.84
5.08
0.39
0
0
0
0
0
0
0.05
0.76
1.54
0
0
0
0
0
0.28
0.61
0
0
0
1.08
0.06
0.11
0.02
0.02
0.02
0.02
0
1.33
0
0
0.17
0.13
0
0.45
0
0
0.67
0
0
0
0
0
0
0
0
0
0
6.84
0.61
1.34
0.35
0
0
0
0
0
0
0
0
0
0
0.04
0
0
0
0
0
0.34
0
0
0
0
0
0.02
0
1.81
0
5.54
0.05
0
0
4.74
2.03
0
0
1.3
1.12
0
0.11
0
1.51
0.14
1.03
0
0
4.79
5.44
26.18
0.03
0.17
0
0.35
0
0.02
0
0
0
3.49
0
0
0
0.68
0.51
0
0
0.01
1.16
2.46
0
0.81
5.92
2.81
0.1
0.32
1.78
0
5.88
5.51
0.36
0
0.85
0.67
0
0
0.03
0
7.07
0.05
0.12
0
0
0.02
0
0
0
0
0
0
0
0
0
5.34
0.12
1.6
12.14
3.3
3.92
0.2
0.7
0.19
0
0
0
0
0
2.63
0
0.2
1.33
22.52
1.46
12.91
1.98
5.74
2.82
0.47
0
7.65
0.52
0.73
1.54
0.07
0.28
7.34
5.75
0
1.94
0
0
0.43
5.98
0
1.02
3.23
0
0
5.98
0
0
0
3.53
0
1.16
10.29
4.55
0.05
0
0
0
46.17
25.43
0
0
16.76
0.73
0
15.1
2.56
1.01
21.79
0.05
0.21
0
0
0
0
0.9
0
1.77
0.06
0
12.76
0.63
0
0
14.83
0.28
0
0
0
0.45
0
33.3
4.86
0
0
0
0
0
0
22.13
1.63
0
0
0
0
0.01
0
0
0
0
0
0
0
0
8.07
0
0
0
0.01
14.93
0.78
14.76
1.13
0.14
0
0
0
0.07
0.24
1.4
0
0.87
7.59
0
0
0
0
0
0
0.21
9.56
2.54
0
0.16
0.03
0
0.39
0
0.01
0
0
0
0.15
4.85
0.01
0
0
0
0
0
0.79
0
0
0
0
2.89
6.57
3.16
0.31
5.87
0.02
0
0
0.52
3.19
11.08
1.01
0.18
0.02
0
0.23
2.42
0
0
3.24
0
0
0
0
1.76
0
0
0.8
0
0
0
4.28
0.11
0.93
5.56
3.03
0.33
0.83
0.42
2.27
0
0
0
0.87
2.5
9.88
1.11
0
1.02
2.3
17.55
15.65
2.22
1.48
0.07
0.19
0
0.41
0.56
0.02
0.03
0
0
0
0
0
0
0
0
0
0
0
0
0
0
0
0
1.45
8.14
0.28
0
0
0
0.02
0.04
21.9
0
14.6
0.02
0
3.37
35.89
7.09
0.14
0
0.36
2.86
11.43
4.59
0.21
0
0
6.25
16.28
0
0.07
0
0
0
0
0
0
0.63
0
0
0
0.92
2
0.04
2.13
0
0
0
0
0
1.64
0.48
1.13
19.27
1.86
0.14
0
0.03
0
0.01
0.08
0
0
0
0
0
1.13
3.08
0
0
0
0
0
0
0
0
0
29.32
1.11
1.87
0.19
0
0
0
0
0
0
0
0
0
0
0
0
0
0
0.06
0.02
0
4.53
0.38
0
3.13
6.64
0
0
0
0
4.06
8.63
4.18
0
0.16
0
1.41
0
0.16
0
0
0
0
4.23
15.28
5
0.19
0
4.7
0
0
4.5
0
0
4.18
0.1
0.87
0.12
4.89
11.8
1.2
1.36
6.93
0.06
0
0.58
0
0.7
0.22
0.79
4.01
0
0
0
3.43
0.24
0
0
0
10.86
0
0
0
11.47
0
23.36
23.17
3.72
4.52
19.13
4.74
19.65
12.76
0.01
17.59
1.62
0.23
2.04
20.18
4.32
6.55
5.22
4.34
5.08
0.04
0
0
0
4.21
0
0
9.74
0
0
0
0
0
13.92
0.01
0
0
0
0
0.15
0
0
0
13.32
25.51
0
0
0
0
0
27.34
0.15
0
22.05
1.63
0
0
0
0
0
0
0
13.92
0
0.16
0
0
0
0
5.51
0
0
0
0
1.79
31.54
1.75
0
0
0
0
0.1
0.94
0
1.79
0.97
0.07
1
12.77
0.1
0
0
0
0
0
0.05
0
0
0
0
0
0
9.59
0.77
0
0
0
0
0
0
1.07
17.21
6.65
10.22
0
0
0
0
0.49
0.06
0
0
0
0.87
9.14
0.69
0
0
0
0
1.03
0
0
0
11.09
0.91
11.62
0.13
16.17
0.17
7.12
0.96
2.86
0.09
0
0
0
0.01
0
0.06
0.18
0
0
0.34
0
0.49
0
0
0
0
3.81
0
5.9
5.92
0
0
0.01
0
0
2.51
14.75
0.01
0.34
2.77
0.11
0.1
4.48
0.08
0.1
0
0.37
12.08
0
0
0.12
0.09
0
14.81
0.38
1.69
0
0
0
0.01
0.46
0.01
0
0.79
7.8
1.87
3.33
16.56
8.92
0.26
0
0
0
0
0
0
4.03
0.86
1.59
0
3.69
0
0
0.61
0
0
0
0
0
2.6
0
0
0
0
0
2.66
4.91
0
0
1.12
8.19
6.06
0
0
0
0
0
0
0
7.85
1.64
0
0
0
0
0.02
13.52
0
0.01
1.39
0.21
0
1.4
0
0.17
0
0
0
12.58
0
0
0
0
0.21
0.26
0
0
0
0.01
0.2
4.17
0
0
0
0.13
0
0
0
1.56
4.28
1.34
0.46
0
11.43
5.18
0
0
0
0.48
0.58
3
3.68
4.17
6.17
0.32
0
0
0.27
0
0.89
2.71
0
0
0
0
0.31
0
0
0
0
0.41
0.1
0.33
2.16
6.97
0.1
0
0.12
0.02
0
0
0.21
4.62
1.89
17.12
5.46
0.59
0
0.02
5.09
0.3
2.27
0.23
0.17
0.06
0
0.08
0.77
0
1.05
12.39
4.5
18.02
9.95
0.91
0
0
0.04
0
0
0
0
0
0.02
0
18.69
21.56
1.32
0.96
0.71
3.94
2.35
0.01
0
0
3.07
0
0
0
0
0
0
0.81
0.76
0
0
0.27
0
0
0
0
0
0
5.53
0
21.23
0
39.76
0.02
0
0
0
0
3.48
19.25
0.67
0.77
0.31
0.02
24.34
4.36
0
0
0
14.35
0
17.68
13.78
2.47
1.28
3.81
0
0
0
34.07
8.45
0.64
0.71
0.3
0.77
0
0
0
0
0
7.18
0.13
0
36.17
14.56
0.01
5.98
2.03
0
0.11
0.7
7.68
0
0.19
0.76
3.96
0.2
0
0
0
0
0
0
25.78
44.86
26.38
0.85
0
0
0
0
0
37.69
12.01
0.02
0.21
2.21
0.05
0
0
0
0
8.81
0.77
0.02
0.01
0
0
0
0
0
0
0
0
13.56
5.96
0.63
8.36
0
0
0
4.05
6.87
0
0
0
0
0
0
0
0
0.37
0
0
0
0.19
6.51
6.53
5.05
0
0
0
0
0
0
3.64
5.65
7.54
0.2
14.14
1.48
0
0
0
5.14
0
28.37
0.05
2.67
13.29
14.8
8.3
0
0
0
0.02
0.79
6.06
3.44
0
0
0
0
0
0
10.45
1.35
0
0
0
0.13
0.53
6.64
3.42
0
0
0
0
0
0
0
1.5
0
0
0
0
0
0
0
0.29
0
0.22
0.33
0
0
0
0
0
9.66
0
0
0
0.59
0.42
0
0.28
2.91
0
0
0
0
0
0
0
0
0
0
0
0
0
0
0.04
0
2.62
0
0.78
4.02
0.91
0.02
0
0
0.21
0
0
0
0
0
0
0
0.38
1.64
0.01
0
0
0
0
0
0
0
0
0
0
0
0
13.1
0.75
0.66
0
0
0
0
0
0
0
3.86
0.2
0.11
0
0
0.01
1.16
0
0
10.44
0.06
0
0
0
0
0
0
12.37
0
0
0
0
0
0
0
0
0
0
0
0
18.1
15.95
0.41
0.72
0.95
4.4
18.22
0
8.05
0
0
0
0
1.91
0
0
0
4.58
0
7.48
9.06
0
0
0
0
0
0.17
0
0
0
0
0
3.04
4.44
0
0
0
5.39
0.46
5.34
14.38
0.16
0
18.73
6.63
1.07
0
0
0
2.42
0.68
0.02
0
0
27.76
6.6
0
0
0
4.83
12.75
0.11
0.27
0
0
0
0.03
0.41
1.2
0.07
0.98
0.32
0.24
0
0
0
0
0
0
0
55.57
0
0
0.06
0.32
1.82
15.52
1.55
11.05
5.91
19.03
0.31
0
0.22
30.69
0.3
0.6
0.97
0.6
0
9.35
7.48
0
0
0
9.74
3.22
0
0
0
0
0
17.93
0
0
0.44
20.58
0.03
0
0
0
0
0
0
11.75
0
0
0.35
0
19.26
1.51
0
0
0.3
0
0
0.12
0
0
0
2.99
0
0.63
0
0
0
0.43
30.06
0
0
0
0
0
0
0
0
0
0
0
0
0
0
0
0
0
36.04
0
0
0.57
0
1.23
0.07
0
0
0
0
0
16.27
10.2
0
0
9.68
3.62
0.09
3.63
0.66
0
0
0
0
0.52
0.11
0
0
0
0
0
0
0.08
0
0
0
0
0
0
0
0
0
0
0
0
0
0
0
0
0
0
0
0
0.01
0
1.24
0.36
0
1.59
0
0.03
0
0
0.25
0
2.69
0
8.26
7.67
22.06
0.06
0
0.08
0
0
0
0.45
0
0
0.12
0
0.06
0
0
0.06
0
5.28
0.06
1.08
0
0
0
0
0.11
0.63
0
0
0
0
0.12
0
0
0.32
0.41
1.11
0.01
0
0.05
0.06
0
0
0
0
0
0
0
0
0
0
0.27
0
5.77
1.36
0
0.59
0
2.31
0
0
0
1.15
0.01
0
0
4.12
0
0
0
0.01
0
1.23
0.44
0
0.19
0
0
0
0
0
0
0
0
0
0
0
0
0.18
0
0
0
0
0
0
0.77
0
0
0
0
0
0
0
0
0
0
0
0.01
0
0
0
0
7.03
2.46
5.13
0.17
0
0
6.86
0.33
0.79
0
0
0.04
0
0.13
0
0.21
0.61
11.82
0.11
1.3
0
0
0
0
0
0
0
0
26.11
8.21
0
0.52
4.43
0
0
0
0
16.06
0.04
0
0
0.24
0
0
0
0
3.29
18.52
0.78
0.49
0
0
0
0.42
0.06
2.06
12.58
0.23
0.02
0
6.9
0.06
0
0
0
22.54
4.4
4.61
3.75
0.31
0
0
0
0
0
0
0
0
0
0
2.11
9.58
0
0
0
0
0
0
0
2.7
0
0
0.01
0
0
10.6
1.48
19.32
0.17
2.03
24.67
1.2
0.09
0
0
4.6
0
6.42
0
0.19
37.73
6.3
1.96
0
0.65
8.39
0.01
0
0
0
1.28
0
0
0
0
0
0.09
0.1
1.56
0
0
0
0
0
0
0
0
0
0
0.02
0
0
0
5.13
0
0
0
0
2.79
7.39
0
0
0
0
0
0
0
0
0
0
40.16
6.55
0
0
0
0
0
6.16
0
0
0
0
18.7
0
0
0
0.06
0
0.51
4.85
1.25
0
0
0
0
5.15
0
0.01
3.54
0
0.08
4.29
0
15.01
12.44
0
0
0
0
0.01
0
0.08
1.58
0.04
14.84
27.25
9.17
0.02
0
3.34
7.19
2.07
0
0.01
34.37
0
0
0
0
0
0.83
8.34
0
0
0
0
0
0.29
1.15
0.21
0.19
0.73
0.01
0
0
0.01
0.02
7.65
4.08
0.17
0.02
3.23
0
6.47
0
0.27
6.54
1.1
0
0
0.01
0
0
0.19
4.76
0.05
0
1.5
0.17
0
0.29
0.03
0.28
0
0
7.07
0.62
0
0
0
0
0
0
0.06
3.33
1.17
6.16
3.47
1.37
0.02
0.02
0
0
19.46
12.89
0.27
12.34
1.1
6.17
0.13
0.58
12.22
3.12
0.09
2.11
0
0
0.01
2.83
0.17
0
0
0.08
24.26
0
0
7.12
1.76
0
0
1.36
1.45
5.98
6.37
11.23
2.49
0
0
0
0
0
0.15
3.16
17.29
12.24
4.38
21.16
10.1
1.54
0
0
0
0
0
0
0
0
0.25
13.19
7.12
0.06
0.41
6.47
1.63
0
0
0
14.86
0
0.2
0
0
1.28
5.58
13.65
4.96
0
1.29
5.7
27.31
7.5
0.88
19.95
1.24
0.15
3.69
0
0
0
0
0.57
0
4.53
0.43
0
0
0
0
0
0
0
0
5.99
0.06
0
0
0
0.01
0
0
0
4
10.13
0
2.94
11.15
0.77
0.11
2.88
0.12
1.23
3.31
0
0.01
0
0
1.2
6.81
0
0.15
0
0
0.09
0
1.51
9.86
2.64
0.99
0.12
0
19.8
5.63
3.84
3.74
1.31
4.24
0.14
0
0
1.83
0
2.81
5.37
0
0
0
0
0
0
0
0
0
0
1.2
3
11.99
0.07
0
0
0
0
0.27
0
0
0
0
0.1
3.49
0
0
0
10.43
4.78
0.01
0
0
0.01
0
0
0
0.1
0
0
0
0
9.56
0
0
0
0
0.01
0
0
0
0
0
0.54
0
0
0
0
38.24
0.47
0
0
9.28
2
0
0
0
0
0.05
2.85
0
0
8.78
7.17
2.18
2.98
15.17
0.07
0
0
0
5.64
0
0
0
0
0
0
0.93
14.23
31.08
1.16
1.19
0.04
0
0
14.48
8.76
2.12
0.3
0.03
0.09
0
0
0
0
1.42
2.65
1.48
29
11.17
0.03
0
0
0
0.19
2.95
0
0
0.3
0.31
5.06
2.35
0
0.04
0.71
2.96
0
0
0
0
0
0
0
0
0
0
0
0
7.43
0
0
0
0.64
18.06
8.73
15.62
0.12
0.02
0
33.23
15.62
7.27
0.12
2.34
2.21
0.19
0
0
0
5.35
10.4
0.41
13.31
18.36
10.03
0
0
0
0
0
0
0
0
0
0
0
0
0
0
0.35
0.03
0
0
0.08
0
0
0
0
0.01
0
0
0
0.41
0.06
0
0
8.86
0.01
0
1.34
0.59
0.61
0
0
0
0.93
3.27
0
0.35
0.14
0.11
0.02
0
0
0
5.02
0.11
0
0
0
2.63
0.28
0
0
3.42
12.17
0.05
0.66
0.7
3.07
0.72
2.87
1.61
7.31
5.02
0.01
0
0.32
0.06
6.75
0.36
13.83
0.88
19.52
4.76
5.04
0
0
16.74
6.82
0
6.72
0
0
4.49
1.33
0
0
0
0
0
0
0
4.17
0.02
0.03
0.01
0
0
0
0
0
0
0
0
0
0
0
0
0.21
0
0
0
8.22
0.81
0.35
0
0.51
0
0
0
0
0
0
0
0
0.75
7.9
0
8.02
0
0.99
0
0.01
0.18
1.25
2.68
0.02
0
0.01
4.94
2.03
10.11
0.06
0
4.01
18.96
0.02
0.06
0.15
0.95
0.59
0
2.59
0.3
0
0
0
9.71
0.32
7.55
0.5
31.11
4.35
13.51
0
11.27
11.56
2.3
0.4
0
0
0
0
3.1
0
0
6.25
0.29
0.03
0.01
0
0.07
0.17
0.05
3.26
0
0.01
0
0
0
0
0
0
0.03
0
0.57
0
0
0.08
0.02
0.49
8.65
0
0
7.25
9.43
5.58
0
0
0
19.6
5.35
0
7.47
0
0
1.53
0.01
0
1.75
5.81
12.01
1.69
0
0.31
1.33
0.02
0
3.1
0.42
0
0
0
17.02
0
0
0.42
0.28
17.85
3.52
0.01
32.14
0.8
0
0
0
7.83
1.25
0.2
0
0
42.27
0
3.57
12.32
17.11
36.3
0.42
0
0
0
0.21
20.3
0.28
0
4.79
0.82
0
0.83
3.69
0
0
0
33.42
13.96
21.78
3.14
2.72
2.58
6.48
0.14
0
1.89
4.97
29.09
38.85
5.05
3.03
2.18
1.58
0
0
0
0.01
31.76
0.28
0
0
0.96
3.12
0.22
0
0
0
1.49
0.25
0
0.38
0
0
0
0
0
0
0
0
0
0.04
0.17
0.15
0.38
0
0
0
58.45
2.94
6.69
0.61
0
0
0
0
0
0
0
0
0
0
0
4.42
1.23
2.95
0.76
0
0
0
0.04
0.63
0
0.08
0.05
18.41
0.46
0
0
0
0
0
0.06
0.33
0
0.01
0.67
0.82
2.66
6.55
3.06
1.61
2.17
1.29
13.94
9.37
0.16
0
0
0
0
0
0
0
4.75
0.06
0.01
0
0
0
0
0
0
0.06
0.25
5.8
1.25
0.68
0
0
0
2.37
0.14
1.77
0.14
0
0
0
0.01
0
5.69
0
0
0.83
0
0
0.13
0
0
1.58
0.6
0.01
13.7
3.16
0.03
0
0.51
0.02
1.21
14.7
0.06
5.2
0.02
0.35
0
0.36
0.04
0
0.6
3.18
0.22
0
0
0
0
0
0
0
0
0
0
0
13
2.08
14.46
0.45
0
0
0
0
3.65
0
0
0
0
0
0
0
0
0.28
0
0
0.04
0.02
0
0
0
0
0
0
0
0
0
7.68
4.23
2.53
0
0
2.32
0.02
0
0.23
0
0.01
0.01
0
0
1.96
0
0.33
2.52
0
0
0
0
0
7.87
0
0
0
0
0
0
0
0
0
0
5.99
0
0.09
4.04
3.44
0.65
0
0
0.13
0
0
1.84
0
0
0
9.7
0.62
6.28
0.01
0
0
0.25
16.29
4.67
41.37
5.52
0
0.91
3.08
0.06
0
0
2.12
0
0.05
0
0
0
0
0
0
0
0
0
0
0
0
1.39
1.1
0.26
0.07
0
1.51
2.6
0.06
0
23.62
1.53
0
0
3.7
0.11
0
0
0
0
0
0
0
0
0
27.91
3.5
0
0.98
11.53
1.78
0.02
0
0
0
1.26
0
0
0
0
2.58
1.03
19.42
0.53
1.75
0.12
3.05
1.3
0.14
0.15
0.53
0
0
0
0
0
0
0
0
0
0
0
0
0.4
15.39
0.96
0
0
0.24
0.16
0
0.08
0
0.25
0
0
0
0
0
0
0
0.21
2.16
15.87
10.26
2.37
0.08
0
0
2.09
0.04
0.02
0
0
0.23
0
0
0.66
1.85
0
0
0.05
2.33
15.37
20.16
0.08
0
0
0
0
0
0
0
0.69
0.01
1.88
1.66
2.36
0.07
12.77
18.8
0.45
11.91
22.24
21.56
1.9
0.46
1.71
23.56
0.03
0.04
0
0
0
0
0
0
0.35
0.16
0
0
0
0
0
0
0
0
0.01
0
0
0
0
0
0
0
0
0
0
0
0
6.96
1.04
0
0
0
0.03
0
0
0
0
0
0.12
0
0
0
0.19
0
0.04
0.82
0.33
0
0.02
0.02
0
0.01
0.03
0.01
0.41
0
0
0
0
0
0
0.02
0
0
0
0
0.02
0
0
0
1.67
0.81
1.44
1.18
3.53
0.02
0.25
2.74
0.25
22.95
0.56
0
0
0
0
0
0
0
0
0
0
0.76
0.02
0.59
0
0
0
0
0
0.05
0
0
16.95
0
0
0
0
0
16.27
13.92
0
12.31
8.05
8.63
9.19
1.66
0.48
12.49
5.04
0.05
0
0
2.82
0.01
0.89
0
0
1.7
8.77
0
2.7
11
0.29
0
4.85
3.63
0
0
0.76
1.46
0.22
0.03
0
4.12
0.13
0
0
0
0
1.01
0
0
0.01
0.22
0
0
0
3.6
0
0
0
0
0
0
0
0
0
6.6
0
0
0
0
0
0.51
0
0
0
0
0
0
0
0
2.76
0
0
0
16.03
0.06
0
0
20.4
6.88
4.57
1.02
0
0
0.14
0.17
0
0.02
1.88
6.52
6.93
10.32
0.86
0.4
1.81
0
5.01
0.24
0
0
13.8
2.89
0.03
0.34
0
0
1.82
1.1
0.01
5.3
19.64
0.99
16.84
14.19
0
0.16
0
3.91
2.27
5.51
11.72
0.93
10.16
4.12
0
0
0.57
31.51
8.52
0
0
0
0.23
2.09
0.09
1.93
0
0
0.01
0
0
0
0
0.05
1.59
0
0.01
0
0
0
0
53.18
0
0.02
5.08
0.55
0.02
0
0
6.22
0.01
0
0.32
7.62
3.8
12
0.11
0
0.01
4.36
0.05
0
0
0
6.3
0
0
0
4.94
14.55
0.06
0.04
0
0
10.75
10.58
0.09
0
11.6
0
7.7
0.69
0
0
0
0
0
0
0.22
0
0
0
0
0
6.84
4.58
10.87
0
0
0
0
0
0
0.01
0
0
1.95
1.73
0
0
0
0.18
0
0
0
0
0
0
0
0
0
0
7.51
2.66
5.18
0.11
0.05
0.19
0.33
0.05
13.38
1.63
0
0
0
3.62
0
0.02
1.54
13.72
13.28
1.56
0
0
0
20.74
0.01
0
0
0
0
0
0
2.91
1.23
0
2.81
29.5
0.46
8.3
0
0
32.89
8.11
0
0
0.01
2.06
0.09
0.01
3.3
0.06
0
0
0
0
0.01
0.03
0
0
0
0
0
0
0
0
0
0
0
0
0
0
0
0.04
0
0.37
0
0
0
0
0
0
0
0
0.04
0
0
0.11
1.56
4.62
0
0
0
0
0
0
0
0
0
0.12
0.44
0.28
0
0
0.01
20.94
0
0
0
0
0
0
0
0
0
0
0
0
0
0
0
0
0
0.71
2.13
0.33
0
10.83
11.34
16.42
0
0
0.19
0.17
0
0
0
0
0
0
3.59
0
0
0
0
0
0
1.6
0
0
0
8.32
0.86
0
0
0
0
0.92
0
0
0.62
0.07
0
0
0
0
0
0
0
0
0.01
0
0
0
0
0
0
0
0
0
0
0
0
0
0
0
4.26
0.47
0
1.12
0
0
0.01
0.48
0
0
3.41
0.38
0.02
0.04
0
0.96
0
0
0.28
0
0.02
0
0.03
9.08
14.62
0
0
0.09
0.25
7.78
1.44
1.06
1.68
1.35
0.94
0.04
0
0
0
3.59
5.23
1.5
0
0
0
0
3.11
0
0.41
5.86
4.98
0
0
0
0
0
0
0.76
0
5.89
0
2.58
0
2.59
3.82
0
0
2.06
0
3.06
0
0
0
0
0
0
0
0
0.05
0
0
7.56
18.65
0
0
19.36
0
0.56
0.02
0
0
0
0
0.29
12.06
0.77
1.9
0
13.22
7.52
0
0.01
0.85
0
0
0
0.37
0
0
0.01
3.53
17.74
0.64
9.59
0.86
0
0
0
0
0
0
0
5.01
0
18.98
0
0
0
21.78
1.74
0
0
0
0
0
0
0
14.2
0
0
0
0
0
0
0
12.16
3.87
0
0
0
3.51
9.79
0.26
2.6
0
6.63
1.93
0
0.03
0
6.78
2.14
0
22.51
13.22
30.58
31.59
41.29
46.37
1.74
0
0
0
4.94
1.79
0.27
0.01
0
0
0
0
0
1.89
0
1.22
1.79
0.06
0.11
0.37
0.11
0
0
0
0
0
0
0
0
0.04
0.01
0
27.86
3.75
0.09
0
0
1.07
0
0.62
0
0
0.01
1.48
0.17
0
1.65
9.16
5.49
5.12
0.02
0.12
0
25.97
0.03
0
0
0
0.72
0
0
0
0.17
0
0
0.02
18.92
0.04
0
0
24.43
1.19
0.29
0
0
0.03
0.12
0
0
19.63
0.24
0
1.37
10.64
0
0.08
15.17
0.23
0.03
0
0
0.08
0
0
0
0
0
0
0.71
16.45
0.04
0
0
7.63
0
0.15
0.07
0
0
0
0.02
6.76
3.37
0
0.69
2.95
1.03
0
0.03
1.05
0
0.22
0
0
0
0
0
0
0.01
0
0
0
0
0
14.13
7.06
3.17
0
0
7.97
16.98
2.12
0
0
0.43
6.72
1.23
0
0
0.11
3.59
0.05
7.1
4.25
1.91
5.03
3.68
0.01
0
1.69
0.99
0.03
0.03
2.05
0.01
0
6.33
2.01
4.52
0
0
0
0.06
0
2.38
6.89
5.02
8.74
16.42
1.1
1.26
0
0
0
0
0
0
0.24
3.73
0.01
14.4
0.6
12.57
0
0
0
0
3.27
0
0.81
0
1.67
0.22
0
2.85
0
0
0.15
0.25
0
0
0
0
0
0
4.81
0.02
0
15.36
0
0
0
0
0
16.34
0
11.91
0.01
0
0
0.03
0
14.33
1.4
1.46
2.32
35.3
1.82
1.16
0.2
0.03
0
0.07
0
1.07
3.08
0.05
0.24
0
0.01
0.12
2.62
0
0
17.03
0.11
5.33
0.28
2.08
2.41
1.05
42.31
0
0
0
38.26
3.05
2.3
0
0
0
0
0
0
3.59
0.52
0.2
4.18
0.76
3.66
6.49
0.66
0.34
0
0
0
11.93
0
12.56
14.91
0
0.01
0
22.19
6.92
0
0.1
26.5
5.36
0
0
0
0
0
3.04
6.78
1.29
0
0.02
0.21
0.67
0
0
0
0
0.05
3.73
0.34
0
0
0
0.11
0
0
16.49
0
0
0
13.17
0
0
0
0
0
0
0
0
0
12.86
16.25
3.5
0
0
0
0
3.03
5.8
8.18
3.7
16.53
0
0
0
0
0
0
0
0
0
10.49
0
0
0
0
0
0
0
2.13
6.45
0
0
0
0
0
0
0
1.01
0.08
0
0
0
0.28
0.06
0
0
0
0
0
0
0
0
0
0.02
0
0
0
0
0
0
1.54
0
0
2.1
13.34
3.72
0
0
0.89
4.63
0
0
0.04
0
0
0
0
0
0
0
0
0
0
0
0
1.98
3.11
6.62
0.1
0.02
0
1.4
17.89
17.15
0.76
0
0
0
0
0.04
0
0
0
0
5.69
0.11
0
0
0
0.01
0
3.71
0.27
0
0
0
0.02
0.03
0
0
0.03
0.32
0
0
0.01
0
0
0.16
0
0.01
0.01
0.59
0
0.86
0.06
0.13
0.01
0.23
0.4
0
0
0
0.02
0
0
8.04
1.86
0
0
0
3.79
0.05
0
0
0
3.18
5.36
0
0
0.19
0
0.05
13.28
0
0.02
0
0
0
0
8.11
0.02
0
0
0
0
0
0
0
0
0
0.46
0.67
0
0
0
0
0
0
0
0.01
0
7.45
0
0
0
0.04
1.06
0
1.43
0
0.78
0
0.02
0
4.53
6.2
0
0
0
0
0
0.02
10.82
0
0.01
0
0
0
0
0
0
0.13
0
10
0
0
0
0.01
12.36
9.22
0.06
0.45
2.16
0
0
0
0
0
0
0
0
1.7
0
0
0
3.38
0
0.1
3.21
0
0
13.16
13.06
11.69
0.57
0
0.3
7.34
3.69
0
5.32
4.2
2.28
15.35
0.52
0
3.57
2.72
0.26
0.03
0.19
0.59
0
0
0.05
4.6
19.15
46.17
3.43
0
0.38
0.03
0
0
0
0
0
0
0
0
0
0
0
0
0
0.72
3.43
0.09
1.22
5.94
0.22
25.47
8.7
0
0
0
19.91
0
0
0
0
19.04
4.3
0
0.04
6.71
7.92
0.28
0.36
0
0
3.92
0.47
0
0
0
3.91
2.82
0
0
0.2
0.07
0
0
0
1.4
37.31
9.81
0.03
0.01
13.29
0.01
6.64
7.35
0
0
0
0.37
6.67
0
0
0
0
23.41
0.03
0
1
0
0
0
0
0.81
4.3
0
1.57
1.19
0
0
0
0
0
0
0
10.97
0
0
0
11.78
3.71
13.26
2.3
0
0
0
0
0
0
0.01
0.01
0
0
0
0
0
0
0
4.78
0
0
0.59
0
4.24
0
20.92
0
0
0.49
0.04
0.06
0
2.26
3.03
0
0
0
0
0
0.38
0
0
0
0
0
0
0
0
0
0
0
2.16
4.97
3.53
0.32
0
0.66
5.13
5.84
21.41
3.19
0.01
13.4
0.68
0.1
0.07
14.26
8.84
0
12.41
1.61
5.28
0.17
0.12
14.82
0
0
0
0
0
0
6.33
2.82
0
0
3.62
11.16
0
0
0
0.21
0
0
7.56
0
0
1.26
7.29
0
0
0
0
0
0
0
11.26
36.33
0.11
0.01
0.08
0
0.76
0
0
0
0
0
0
0
0.75
0
0
0
0
0
0
0
0
0
0
0
0
0.02
0.48
0.14
0
0
0
0
0
0
0
0.17
7.24
0
0
0
0
0
0.29
2.25
0
0
0
0
0
0.92
0
0
0
0.01
0
0
0
0
0
0
0
0
0.01
0
5.31
22.54
0
0.01
0
6.64
0.16
10.28
0
3.88
2.31
0
0
0
0
0
0
0.63
0
0
0
0.01
0
0
0
0
0
0.15
0.69
2.72
0.03
0
0
0
0
0
0
0
0
0
0
0
0
0
0
0
0
0
5.47
0
0
0
0
2.17
5.14
0
0
0
0
0
0
0
5.27
0
4.83
5.83
2.13
8.48
0
0.22
3.45
0
0
0
0
0
2.69
0.34
0
0
0.89
4.41
2.37
0.01
3.42
0
0
0.05
6.89
0.09
2.2
0.94
0
0.17
0
0.01
2.75
0
0.29
6.1
1.49
7.28
0
0.75
0.48
0.35
1.49
0
0
0
4.24
0.56
0
0.36
23.69
23.54
12.15
0.88
0
0
1.69
3.92
0
0
0
22.54
0
9.69
2.71
1.04
0
0
11.32
0
0
0
0
13.59
0
0
0
0
8.94
0.56
0
0.04
0.1
12.97
0.83
0.28
34.7
13.71
3.13
0
0
0.16
0
0
0
0.02
18.91
8.85
3.53
0.14
0
0
0
0
1.3
0
27.54
24.11
7.14
0.56
28.41
2.01
1.62
0
0
0.39
0.26
0.2
0
0
0
0
0
3.53
24.93
0.78
0.09
1.71
0
0
0.13
0
0
0
0
0
0
0
0
0
0
0
0
0
0
0
0
0
2.1
36.42
1.85
28.47
1.55
0.06
0
0
0
34.71
0
3.67
0.41
8.71
0
0
2.13
21.49
4.13
6.52
0.05
17.64
5.49
0.24
0.01
0
0
0
0
0
0.34
0
0
6.53
0
0.35
0.02
0
0.23
0
0.01
0.29
0
0
0.01
0.07
0.01
0.03
0.01
0
0
0.38
0.49
13.17
0
0
1.92
0
0
0
0
0
0
0.05
0
0
0
0
0
9.78
3.08
0.05
0.01
1.21
0
5.02
34.47
1.35
0.12
0.05
0
0
0
0.87
0.31
0.36
0.98
1.58
0.28
1.59
0
15.45
2.59
0
0
11.39
6.29
0.03
0
