20010101
1.86
2.39
1.85
2.7
3.48
5.72
3.12
3.68
4.48
2.11
2.29
3.16
2.79
2.39
1.46
0.94
1.64
0.94
1.28
1.69
1.38
2.16
2.34
2.61
2.02
1.91
3.68
1.12
3.48
8.04
8.82
7.64
2.21
2.58
3.72
4.13
3.65
6.32
6.73
3.6
5.63
2.89
1.89
3.21
4.77
1.31
0.99
3.15
3.88
4.87
3.45
2.61
4
2.81
2.37
1.97
3.4
2.49
3.64
1.52
2.32
4.38
5.24
4.42
2.59
2.57
5.04
4.44
2.92
2.67
3.64
3.93
2.09
2.79
3.37
5.97
3.27
3.9
2.84
2.39
1.94
2.72
2.51
4.3
4.45
4.52
2.12
3.21
3.95
3.37
1.97
1.9
2.09
3.37
3.95
1.78
3.23
2.63
6.41
2.33
2.14
5.94
5.94
5.22
3.12
2.47
3.82
2.72
3.02
2.01
3.49
4.16
3.16
2.81
3.4
3.09
1.95
1.79
2.37
2.08
2.48
2.02
1.88
1.89
1.72
4.83
6.31
4.54
2.7
2.12
3.6
5.74
2.26
3.22
4.08
3.62
5.49
3.84
2.14
1.31
1.22
2.15
2.28
1.76
2.04
3.7
1.46
1.75
2.34
2.27
2.38
3.91
2.65
3.42
5.22
2.4
2.44
1.7
3.43
2.32
2.76
3.25
1.73
1.96
1.93
1.73
2.82
2.58
4.07
8.87
8.69
3.96
1.88
2.51
1.79
2.11
1.72
1.73
1.98
2.1
2.24
2.01
4.63
3.41
1.03
1.17
2.43
4.3
2.02
1.5
2.01
2.53
2.23
1.75
1.98
2.36
2.75
1.88
1.86
2.95
2.63
2.05
3.69
3.13
2.11
2.4
2.33
1.84
1.43
1.87
2.28
1.39
2.08
2.06
2.77
2.73
4.37
1.28
1.52
3.07
1.62
4.75
2.31
3.09
1.29
1.15
1.83
1.98
1.73
1.5
1.46
2.05
2.64
2.68
2.82
1.85
1.05
1.07
2.1
3.65
2.75
1.7
1.48
1.32
1.95
1.65
2.19
5.41
4.5
2.28
1.82
3.48
1.55
1.28
1.83
3.24
4.45
2.46
1.91
3.21
2.11
2.4
3.21
1.6
1.27
1.41
2.91
2.21
2.06
1.1
1.44
1.5
1.25
1.37
2.99
2.98
2.17
1.28
0.94
2.62
3.66
1.68
1.02
1
0.87
0.66
0.83
0.96
0.85
0.63
1.11
0.63
1.71
3.55
1.48
1.08
1.14
0.91
1.32
1.15
0.89
0.57
1.14
2.8
2.5
4.02
1.05
1.44
0.83
0.86
1.59
2.95
3.66
4.44
1.56
1.22
4.23
7.54
2.09
1.63
1.27
1.32
2.21
3.21
1.16
2.72
4.1
2.78
3.69
1.08
1.69
1.2
1.61
2.78
1.48
0.92
0.84
1.32
1.45
2.05
4.74
3.62
2.3
0.92
1.14
1.97
6.16
2.74
1.53
5.16
3.37
1.81
0.82
1.91
2.29
1.65
2.14
1.29
2.04
2.42
3.47
2.5
5.12
3.25
2.11
1.82
3.21
7.13
1.32
1.13
1.12
1.24
1.14
1.14
0.78
1.55
1.33
1.16
1.74
1.51
0.9
1.2
0.57
1.59
1.45
1.79
2.55
4.25
5.16
1.8
2.02
5
1.71
1.91
1.65
4.05
1.36
1.64
2.41
1.78
1.31
4.36
1.89
1.36
1.76
2.47
2.6
2.47
2.7
3.84
2.8
1.68
1.3
1.2
2.58
4.03
5.32
4.83
2.89
3.03
3.62
5.22
5.16
2.71
1.97
2
2.17
1.77
3.01
3.64
5.78
2.8
2.22
2.26
1.71
2.57
1.86
3.97
3.48
2.23
2.43
1.99
2.31
2.75
2.81
3.26
6.85
8.63
10.08
7.44
6.37
3.99
1.45
1.45
1.68
1.56
2.17
3.68
3.48
4.84
4.76
2.49
1.72
2.83
3.43
1.34
2.36
2.11
2.56
2.43
2.15
3.54
3.04
2.19
3.42
5.32
4.68
3.35
3.7
2.84
2.44
2.24
3.65
3.9
2.37
4.37
4.48
2.41
2.94
2.18
1.47
1.93
3.4
1.79
3.6
3.63
2.18
1.74
2.41
2.22
1.31
3.26
2.17
2.99
3.47
1.53
3.12
5.45
2.58
2.13
2.4
1.74
2.23
3.68
4.21
1.73
2.59
3.55
2.21
1.28
3.23
3.15
6.58
2.38
1.41
4.04
4.17
1.43
2.6
1.69
1.7
2.38
1.61
1.47
1.84
2.06
1.62
2.03
2.48
3.55
2.8
1.89
3.02
2.13
1.85
1.97
2.97
4.47
2.37
2.51
1.58
2.5
2.79
1.49
1.89
2
4.42
3.28
1.9
3.54
1.66
2.28
2.15
1.47
1.5
1.37
2.5
1.83
1.88
2.07
2.76
3.31
3.3
1.87
1.86
1.61
1.71
1.39
1.64
1.03
1.5
1.45
1.64
1.73
1.42
1.53
2.51
3.08
4.31
2.8
1.23
2.73
3.5
3.08
1.52
1.19
1.27
1.83
1.2
0.88
1.18
1.07
1.25
1.3
1.23
1.6
1.1
1.02
1.97
4.08
1.09
1.1
1.17
2.04
1.51
0.83
1.35
1.38
2.82
4.17
1.27
1.44
2.32
2.22
1.18
1.21
0.97
1.24
1.5
1.54
2.43
4.4
2.52
1.43
1.57
4.05
4.57
2.01
1.05
0.75
1.03
0.86
1.4
1.16
2.55
1.8
0.74
1.1
2.06
2.8
1.26
1.65
1.04
3.63
5.64
2.45
1.25
1.88
3.71
3.74
4.35
1.73
3.15
3.18
3.19
3.5
1.39
2.29
1.65
1.05
1.42
2.26
1.59
5.01
3.51
1.18
0.86
2.52
1.81
3.81
2.05
3.66
4.98
6.7
6.61
4.09
1.47
4.59
1.83
3.68
2.23
1.52
3.38
1.76
1.53
0.87
1.29
1.95
1.5
0.87
2.59
2.33
4.05
4.33
4.74
4.27
3.29
3.54
1.7
1.67
2.38
1.85
1.47
1.99
1.09
1.38
3.18
2.63
1.76
1.2
1.4
2.6
2.83
2.04
2.56
2.77
2.59
1.65
3.22
4.01
2.91
3.69
1.66
1.85
5.89
2.49
5.58
1.57
2.25
2.01
4.15
1.27
1.61
1.44
1
0.99
1.18
1.17
1.07
1.4
2.66
1.15
1.16
3.02
3.7
1.66
1.7
1.93
2.71
1.76
4.4
5.58
1.52
3.53
3.96
6.48
6.13
2.29
1.44
1.95
0.9
3.94
3.68
2.29
1.87
4.47
3.79
2.77
3.89
3.71
2.52
1.13
1.66
1.32
0.58
1.3
2.41
3.93
1.2
1.17
1.45
2.47
1.98
1.43
3.01
1.3
0.99
1.75
1.77
2.44
3.45
6.43
6.42
5.73
6.13
2.34
5.56
2.71
4.15
5.55
2.07
1.25
1.07
1.5
1.57
1.9
1.45
1.37
1.2
3.5
2.49
4.73
4.56
5.13
4.29
7.28
7.28
5.79
3.08
3.93
1.92
1.71
4.59
2.21
1.98
2.62
2.86
4.85
3.03
2.98
2.53
2.14
2.35
4.08
1.83
5.21
2.67
3.75
4.14
3.94
2.81
2.94
3.46
1.91
2.39
2.4
1.76
1.48
2.88
2.09
2.16
2.04
3.19
4.89
3.3
1.52
2.31
1.57
3.54
3.7
4.62
6.36
3.51
1.74
1.41
2.65
3.31
4.02
3.41
1.5
1.58
1.93
1.24
1.15
1.44
2.35
1.56
1.97
1.55
2.56
1.27
1.79
1.45
2.57
2.1
2.04
2
1.58
1.44
3.36
2.27
2.04
1.45
2.05
2.83
2.04
1.91
1.74
1.26
1.63
2.99
4.2
1.93
1.78
1.54
1.63
1.67
2.35
2.3
2.05
1.78
2.35
1.64
2.18
1.98
1.61
2.29
2.57
3.7
3.81
1.49
2.33
2.09
2.59
1.51
1.69
1.12
2.68
4.08
3.92
3.5
2.83
2.99
2.07
0.98
1.12
1.84
1.57
2.11
1.02
2.32
1.47
2.98
1.23
1.83
2.14
2.59
1.74
1.59
2.06
1.66
1.09
1.45
1.24
1.69
2.01
2.24
1.2
2.02
2.55
4.43
2.39
2.31
1.32
2.05
2.82
1.1
1.34
1.75
2.27
1.63
1.99
3.32
1.8
3.48
5.26
4.23
1.97
0.87
0.89
0.79
1.22
1.56
1.51
2.49
4.36
4.52
2.23
0.97
1.54
3.21
2.34
1.45
2.59
1.89
1.6
1.62
4.07
2.64
2.89
2.78
3.36
1.77
1.47
2.11
1.22
2.27
1.34
2.6
1.85
1.42
1.79
3.03
2.64
1.48
2.55
2.68
1.54
1.63
1.46
1.68
3.13
1.43
4.59
4.42
2.95
1.87
0.86
1.8
1.86
2.92
1.91
1.05
2.25
1.92
1.33
1.06
1.17
0.73
1.44
3.02
0.95
1.42
1.01
0.68
3.09
6.32
4.72
2.49
1.38
2.8
2.3
2.35
1.44
2.96
2.34
1.89
2.49
1.75
4.38
4.84
1.47
1.15
0.95
1.66
1.25
1.83
2.19
2.4
4.13
2.57
0.85
1.21
0.97
4.88
2.03
8.19
5.29
1.33
1.36
2.14
3.5
1.94
0.88
3.05
3.96
5.14
5.25
1.47
3.65
2.1
1.75
1.57
2.69
1.36
2.6
2.41
3.5
2.59
1.75
4.23
3.98
1.45
2.46
3.03
4.88
5.59
2.78
2
0.77
2.31
2.52
2.07
0.85
2.16
3.68
1.85
1.61
1
1.06
1.66
1.33
3.57
3.24
4.57
2.9
3.78
6.73
1.52
0.96
2.29
2.85
1.26
1.47
3.65
2.59
2.15
2.29
3.69
4.88
3.72
1.54
2.1
3.43
3.46
4.68
1.74
1.93
3.82
3.59
2.5
2.11
5.95
5.02
1.55
2.37
1.5
3.62
3.14
1.12
1.15
0.99
2.07
2.29
2.96
6.31
2.29
3.64
3.47
3.03
4.62
3.21
1.18
1.23
1.46
1.94
2.22
2.44
1.98
2.15
2.32
2.71
1.91
2.15
1.58
0.85
2.66
4.24
4.16
4.02
1.89
3.27
1.68
2.14
3.28
3.83
1.53
1.17
1.87
4.33
5.75
2.87
1.72
2.11
3.84
1.79
1.65
1.92
2.89
2.23
3.07
2.84
2.26
1.46
2.44
1.31
1.28
1.24
4.47
5.75
1.62
4.64
2.41
1.26
1.18
1.65
2.6
3.69
1.94
1.96
1.6
2.95
3.15
3.57
3.33
2.47
0.96
1.56
1.71
2.08
2.54
1
2.93
2.16
0.92
1.93
1.38
1.68
2.09
2.7
2.94
1.33
2.54
1.75
2.32
1.96
2.99
1.3
2
2.5
1.68
3.01
1.37
1.87
1.58
1.71
1.75
3.1
1.56
1.6
1.84
1.98
2.43
1.82
2.91
2.57
2.63
1.49
1.17
2.27
1.29
0.71
1.6
1.67
1.64
2.1
2.23
1.4
1.41
1.48
2.01
3.46
1.86
3.74
3.42
3.57
2.21
2.27
1.04
1.2
1.28
0.89
0.89
1.46
0.96
1.18
1.44
0.89
1.81
2.17
2.06
2.13
1.77
1.91
2.58
4.88
2.83
3.12
2.3
2.88
1.48
2.7
1.56
2.28
2.64
1.44
1.97
1.59
2.73
0.63
0.59
0.93
1.54
1.78
1.38
0.78
2.62
3.72
1.67
2.3
2.62
1.75
2.39
2.46
2.85
2.18
1.3
1.07
1.85
1.8
2.36
2.72
2.35
2.83
3.14
2.3
1.22
1.99
1.77
0.89
1.12
0.76
1.78
1.53
1.59
0.56
1.28
1.98
2.19
2.15
2.05
1.89
1.07
2.34
1.99
2.01
1.96
1.55
1.28
1.06
1.31
0.85
1.48
1.34
2.02
1.64
3.58
4.22
2.89
2
1.08
0.53
1.01
1.49
0.98
2.03
1.08
5.81
2.91
2.65
1.82
1.21
4.15
9.3
5.81
1.79
2.06
1.86
5.34
2.65
1.95
1.39
3.14
3.64
2.23
0.94
0.85
2.36
2.58
2.31
1.18
3.26
1.82
0.89
1.25
1.41
1.32
1.9
1.07
1.33
2.34
1.21
0.77
1.02
2.13
2.27
1.36
1.23
2.47
4.42
0.94
0.88
2
1.48
4.75
2.54
1.63
1.26
3.83
3.22
1.1
0.81
1.77
1.74
1.84
1.01
1.94
2.37
1.54
0.92
1.4
0.78
0.63
0.63
1.24
3.56
1.2
2.07
2.48
1.25
3.01
3.71
2.67
1.39
1.55
6.74
9.97
5.91
1.83
5.6
4.66
2.05
3.36
2.16
1.29
2.43
1.38
0.61
0.84
0.82
0.8
1.38
0.97
3.16
3.11
2.24
7.06
4.03
7.45
3.93
1.19
1.52
2.9
1.82
2.56
2.97
2.23
1.66
7.14
4.69
1.48
1.48
1.9
2.22
2.29
2.4
1.33
1.59
1.81
4.85
2.91
4.07
2.22
2.65
1.48
1.58
1.88
2.09
3.98
2.33
1.27
2.11
1.72
1.83
2.2
2.37
3.07
4.49
1.28
1.71
3.16
3.22
1.26
1.73
2.39
2.63
2.17
5.44
7.14
3.5
6.95
4.49
2.17
2.13
2.29
2.66
4.02
1.89
2.73
2.79
2.6
6.83
2.59
2.96
4.33
5.26
3.65
2.77
2.38
2.69
1.13
2.01
1.43
2.58
2.11
1.96
4.06
2.48
3.21
2.06
1.75
2.85
1.32
2.23
3.18
1.44
1.84
2.88
3.81
6.23
2.62
1.76
2.5
2.26
4.17
4.44
1.51
1.6
1.47
1.35
2.65
4.95
2.12
1.5
2.45
2.65
1.94
1.54
3.08
6.35
7.69
4.82
2.08
2.48
3.57
3.62
1.71
2.59
2.18
2.17
4.18
2.25
1.97
1.73
2.64
1.95
2.29
1.99
1.27
1.92
1.94
1.88
2.13
3.73
3.18
1.92
2.2
1.79
1.32
2.92
1.8
1.23
2.47
4.29
2.89
2.08
1.08
2.09
1.82
2.77
2.27
1.73
1.87
1.7
1.46
1.39
2.57
1.61
1.11
1.88
2.03
1.48
3.85
1.37
1.32
2.13
4.03
5.18
1.22
1.91
2.24
2.31
2.22
1.57
1.42
1.71
1.5
2.31
1.85
3.73
1.52
0.82
0.99
2.02
1.74
0.74
0.91
1.47
1.99
1.33
0.9
0.72
0.73
0.63
0.71
1
1.36
0.97
0.72
1.24
2.27
2.66
2.36
1.84
1.86
2.44
1.48
1.75
0.89
2.75
4.28
4
2.36
3.88
2.61
1.18
0.63
0.44
0.68
0.75
1.21
0.86
1.08
3.28
1.82
1.08
1.69
1.98
2.61
1.64
1.85
1.85
1.06
0.97
0.75
0.77
0.59
0.8
0.79
3.15
3.15
1.4
1.24
1.69
3.28
2.59
2.69
1.48
2.74
1.32
0.83
1.28
1.85
1.82
1.68
1.13
0.7
1.32
1.8
0.98
1.92
0.67
0.72
1.01
1.03
2.32
2.19
1.47
2.06
3.65
1.54
1.58
0.83
2.82
1.38
2.08
3.62
5.45
3.22
2.71
1
1.84
1.09
1.41
2.31
1.72
1.93
2.96
2.8
2.19
3.55
0.74
1.21
2.45
4.41
1.95
0.7
0.7
1.08
1.98
3.69
2.3
2.48
2.06
1.31
3.16
1.12
0.98
0.76
1.26
0.76
2.67
1.96
2.51
3.05
3.08
1.43
2.71
0.95
4.01
2.36
0.53
1.03
1.61
0.7
0.45
0.57
0.66
1.4
0.93
1.3
1.86
1.25
2.17
3.1
0.87
1.06
5.53
5.98
1.27
2.06
1.21
0.69
0.93
1.07
0.98
1.6
1.09
0.98
1.12
1.56
3.83
3.03
2.66
1.71
1.44
0.98
4.13
2.31
1.23
1.06
2.8
3.71
1.73
2.62
3.49
3.96
2
3.9
3
4.98
3.6
3.13
3.23
1.57
2.66
2.01
4.67
4.79
4.13
2.64
3.79
2.91
5.35
1.67
1.53
6.86
10.98
6.18
3.26
1.22
2.67
1.43
2.05
1.32
3.38
3.96
7.78
3.16
1.55
1.69
3.51
4.06
3.41
3.45
2.48
1.84
2.77
2.78
2.22
2.89
5.94
2.51
2.57
4.18
4.32
7.05
7.15
3.22
2.36
2.87
2.86
1.3
2.53
4.66
2.15
1.74
1.53
2.48
1.39
1.85
1.75
2.24
2.71
4.36
4.59
1.6
1.68
1.72
2.53
1.57
3.25
2.35
1.79
1.51
4.12
3.21
1.82
2.82
1.7
1.6
2.07
2.28
2.91
2.02
1.99
2.13
3.89
3.77
2.61
1.76
1.41
2.15
2.29
2.19
1.9
2.39
2.23
6.76
5.29
4.53
1.73
1.68
3.62
2.87
2.03
2.33
2.03
1.31
1.72
1.96
1.09
1.5
1.28
1.53
1.85
1.77
1.42
2.55
3.02
1.35
2.45
2.6
2.12
1.61
2.91
2.05
4.95
3.83
1.66
1.55
1.9
2.04
1.46
2.41
1.42
2.25
1.29
1.73
1.59
2.76
5.25
3.93
2.93
1.19
1.28
1.73
1.26
1.22
1.6
1.6
1.36
1.19
1.32
1.42
2.67
1.39
1.34
1.81
1.31
1.91
1.81
1.62
1.49
1.9
2.09
1.97
1.67
1.39
1.89
1.44
1.88
1.98
2.25
3.18
4.42
1.63
2.29
1.53
1.69
1.61
2.29
1.41
1.25
1.61
1.71
2.54
1.92
3.11
1.35
1.6
1.44
1.34
1.47
1.21
2.09
3.65
1.43
1.25
1.38
1.6
1.27
2.11
2.03
1.94
1.63
1.37
1.57
2.32
0.84
1.53
1.15
1.23
1.62
2.25
2.05
1.19
1.07
1.02
1.21
1.43
6.26
2.34
1.42
1.26
1.4
2.73
1.17
1.08
1.06
0.81
1.01
1.11
1.4
2.77
1.45
1.95
3.11
4.03
2.53
1.3
5.32
3.92
1.29
1.7
1.14
1
1.9
3.91
2.24
1.56
3.94
2.4
1.49
2.75
1.4
1.3
0.88
1.47
3.49
2.08
1.74
2.22
1.66
1.3
4.34
3.62
3.51
1.07
1.03
2.67
3.5
2.46
2.68
5.78
1.29
0.87
1.2
1.27
1.77
1.2
2.64
0.87
1.27
1.46
5.1
2.56
4.68
3.76
1.54
1.01
1.54
1.89
2.36
1.45
1.21
1.2
4.34
6.12
2.58
3.17
0.69
1.12
1.28
4.23
2.75
1.1
1.32
0.9
1.7
1.14
3.58
1.86
2.19
2.34
1.59
1.5
2.55
2.05
1.29
3.09
3.22
4.02
2.56
1.42
1.91
1.33
1.62
6.07
3.92
1.44
1.88
2.02
2.13
3.58
1.01
1.03
1.48
2.61
3.13
2.01
2.04
4.8
2.07
5.39
4.46
2.48
2.24
1.67
5.17
1.67
1.45
1.68
3.15
2.62
2.61
2.19
5
2.84
2.87
1.86
1.98
1.64
1.38
1.46
3.67
2.8
1.91
1.69
2.75
4.54
2.33
2.35
3.29
2.22
2.87
2.98
2.62
4.44
5.51
5.45
0.83
0.94
3.7
3.18
1.16
1.96
4.89
3.59
2.43
1.37
2.02
5.58
3.71
3.47
3.7
2.77
3.22
1.69
2.08
2.36
2.28
1.72
2.29
5.11
2.58
2.08
2.14
2.63
1.89
2.29
2.06
1.27
1.53
1.69
2.21
2.48
1.96
3.7
1.72
1.82
2.59
1.7
2.12
2.05
3.16
1.7
1.61
1.51
3.5
3.27
3.06
2.22
2.4
2.78
1.4
1.83
1.75
2.18
1.42
1.59
3.55
1.78
2.3
4.89
2.65
1.82
2.44
6.2
2.39
1.63
1.41
2.56
3.72
2.75
1.65
2.85
4.18
2.38
3.28
1.85
1.16
2.13
1.8
1.87
1.67
2.64
2.36
1.38
1.59
1.08
1.43
1.29
1.96
1.1
2.26
4.75
2.19
2.01
3.31
1.32
1.89
3.21
3.64
1.92
1.99
3.19
3.54
2.3
1.61
1.82
1.74
2.59
3.6
2.18
2.65
2.75
2.2
1.87
1.55
2.89
2.26
1.65
1.42
1.38
1.36
2
3.2
1.85
1.59
1.66
1.64
1.97
3.87
2.8
3.04
1.78
1.49
2.02
1.96
1.18
2.27
1.36
1.39
2.06
2.5
4.07
3.23
1
1.41
1.76
1.52
2.49
1.62
1.21
1.14
1.32
1.69
3.19
4.18
1.99
1.05
1.83
2.51
2.14
2.33
1.09
1.65
1.34
1.35
2.42
1.47
2.7
1.11
1.86
1.27
2.26
3.55
5.96
2.91
2.7
2.83
1.97
2.38
2.98
2.04
1.51
1.8
1.41
1.88
2.48
3.48
2.77
1.16
1.01
1.44
1.18
1.45
1.41
2.86
2.21
3.8
3.48
1.33
1.03
1.1
0.99
0.87
0.94
2.49
2.14
1
1.25
1.01
2.19
0.81
3.31
1.7
2.08
0.81
1.09
1.6
3.58
3.13
3.8
7
5.21
2.21
1.44
1.43
1.62
1.72
1.64
1.14
3.91
3.74
0.99
1.01
3.05
3.57
1.15
2.58
1.35
2.58
2.79
2.99
2.55
2.09
1.99
7.05
4.46
4.69
3.72
1.27
2.83
4.06
4.65
4.74
2.45
1.3
2.23
1.74
1.2
1.3
1.06
1.62
2.11
4.15
1.46
1.18
1.14
2.87
2.33
1.88
1.07
1.71
6.12
7.67
6.97
4.82
3.36
2.79
0.69
1.31
1.58
1.6
1.96
0.6
0.98
1.13
0.57
0.71
2.14
2.6
1.2
1.17
2.37
0.95
2.23
3.15
2.37
1.46
1.4
1.28
1.15
1.29
2
3.52
2.63
2.24
4.58
4.65
1.61
1.12
1.57
1.25
1.2
3.42
4.18
2.06
1.51
1.35
4.25
4.3
1.13
2.13
1.42
5.74
4.27
1.53
2.91
2.03
1.83
4.82
4.32
1.8
2.15
0.98
1.17
1.22
2.86
4.65
6.8
2.42
1.6
1.57
2.45
1.84
2.01
1.83
2.39
1.61
2.62
2.62
2.32
2.33
6.83
4.17
2.26
3.75
6.09
3.29
1.69
1.82
1.98
5.34
2.74
3.35
3.31
2.56
2.39
4.86
3.43
2.52
1.86
1.82
5.72
2.41
1.85
3.05
2.57
3
1.51
2.81
1.47
2.74
2.34
3.31
2.12
4.29
6.61
3.23
2.82
4.17
1.75
4.04
6.14
6.1
3.52
1.9
2.6
3.75
2.66
2.49
3.27
4.53
2.01
3.12
3.07
4.57
2.6
1.86
4.4
2.39
2.41
3.54
4.02
2.92
1.85
3.48
3.05
3.12
3.38
2
2.31
1.83
2.18
1.98
1.19
1.3
1.68
2.89
3.26
4.79
2.49
3.41
3.98
2.29
1.91
1.45
1.8
1.97
1.8
2.03
2.97
2.66
1.93
2.61
1.63
2.11
1.89
1.36
2.37
2.5
2.77
1.85
1.36
1.61
1.94
2.38
2.96
2.45
1.83
3.07
1.5
1.8
1.43
1.17
1.41
2.54
2.25
2.22
2.45
2.63
2.38
1.72
1.91
2.08
1.46
1.68
3.13
2.18
1.73
2.87
3.7
1.9
1.83
1.39
2.77
2.51
2.4
3.8
3.13
1.56
2.69
1.27
2.31
2.12
1.64
2.41
6.48
5.05
2.29
3.09
2.16
1.31
1.21
1.17
1.14
1.38
1.61
1.18
2.7
1.42
1.08
1.57
1.98
2.23
1.47
2.09
4.56
3.44
1.51
2.89
2.62
1.04
1.11
1.86
2.78
1.18
1.46
3.15
1.55
1.28
0.72
0.77
0.98
1.6
2.02
1.47
1.48
1.15
2.2
4.24
4.59
5.19
2.53
2.55
1.19
1.71
1.4
1.95
3.66
2.06
4.04
5.47
4.58
1.92
3.03
6.54
3.5
1.65
1.26
1.64
3.15
5.51
2.17
0.86
1.69
2.52
3.39
2.23
2.45
1.98
1.61
1.31
1.04
1.18
0.87
1.15
0.9
0.58
0.79
0.76
0.8
2.87
2.05
1.55
0.56
0.87
1
1.22
3.2
0.9
1.33
0.91
1.68
2.43
3.95
5.32
3.21
2.2
1.55
2.19
1.32
1.83
1.16
0.93
1.43
1.76
1.39
1.87
1.04
2.6
1.95
0.85
0.84
3.09
1.18
1.02
2.81
2.31
2.36
2.55
3.85
1.74
1.47
2.06
2.08
2.54
3.13
3.81
1.41
1.79
1.87
4.62
1.59
1.49
1.49
1.8
3.05
2.02
4.48
2.62
1.84
1.83
1.16
1.44
4.55
2.1
2
2.59
1.64
1.72
1.81
3.09
3.09
2.9
2.19
0.96
2.01
3.44
1.53
1.39
1.41
1.22
1.04
0.77
1.56
2.04
1.34
1.19
2.14
2.23
1.61
1.5
1.07
1.35
1.46
2.28
3.34
4.27
2.41
1.55
2.7
0.88
2.08
0.9
3.88
4.88
6.03
5.04
2.57
1.63
1.36
1.15
0.81
2.77
3.81
2.37
3.64
4.13
4.22
3.04
4.56
5.19
7.13
5.84
2.28
3.94
7.75
5.94
1.91
1.93
1.95
2.22
2.89
2.27
1.63
1.77
1.87
2.27
1.16
0.61
3.33
3.48
2.61
3.94
2.97
2.78
2.79
4.47
2.86
3.36
1.73
1.51
3.85
1.6
7.02
2.54
6
6.7
2.69
3.12
3.41
4.15
1.88
4.74
6.13
2.92
3.4
2.65
1.56
3.22
1.84
1.57
1.52
1.47
1.7
2.37
1.53
2.26
2.57
2.49
2.65
1.8
1.73
3.9
3.78
2.74
1.76
1.42
3.12
2.62
2.55
1.91
2.08
3.99
3.85
2.67
2.26
3.97
4.5
3.88
2
3.11
3.91
2.1
1.76
2.37
1.94
1.74
2.63
3.22
1.52
2.36
1.61
2.91
1.27
1.92
3.43
2.22
2.18
1.96
1.77
1.47
1.39
2.43
2.93
3
2.99
2.01
2.22
2.1
2.82
3.07
1.73
1.73
3.99
2.66
1.54
3.73
2.47
2.41
2.42
2.1
1.89
2.2
2.68
1.49
2.35
3.2
4.39
4.49
4.95
3.05
1.74
2.01
1.99
1.74
2.23
2.21
2.51
2.08
1.73
1.63
1.93
1.22
1.85
1.68
1.58
1.61
1.34
1.55
1.31
1.52
2.27
1.86
2.26
1.58
2.37
1.62
1.97
2.3
3.47
4.26
2.09
2.58
1.16
2.52
2.12
1.49
1.56
2.79
1.35
2.81
2.65
2.83
3.51
3.6
1.84
1.26
1.65
2.29
1.53
1.15
1.77
1.52
1.72
1.83
1.14
1.31
1.05
1.2
1.62
2.81
3.56
1.13
1.46
1.18
1.29
1
3.15
1.59
0.97
1.76
1.66
3.43
2.91
1.79
2.81
1.44
1.76
1.92
2.2
3.17
4.27
2.07
1.78
1.03
1.09
1.7
1.38
1.18
1.18
1
0.79
1.02
0.86
2.96
1.26
0.83
0.81
1.27
1.36
1.35
1.24
1.1
1.99
1.79
2.42
1.46
1.8
2.06
1.14
1.43
3.07
6.72
4.12
2.77
1.69
1.53
1.76
3.06
1.85
3.83
3.9
2.89
3.4
1.18
0.83
1.24
0.9
0.81
2.58
0.71
0.86
1.45
2.5
2.93
1.93
2.81
2.28
1.91
1.46
3.68
1.44
1.04
1.27
4.04
1.24
1.09
2.08
1.39
0.96
1.08
1.11
1.86
2.13
1.28
1.91
3
2.97
1.77
4.6
4.22
2.8
1.27
1.28
1.18
1.23
1.42
1.09
2.13
4.69
2.36
2.2
4.93
3.07
2.52
3.41
3.06
1.03
1.2
2.84
1.02
3.27
3.68
4.88
3.26
4.96
1.6
1.69
1.6
1.35
2.67
1.18
2.09
4.24
2.25
1.79
1.85
1.23
0.97
2.37
1.45
0.88
1.87
1.4
1.42
1.32
1.06
1.46
1.47
1.17
1.13
1.28
2.86
2.58
1.79
1.49
2.11
1.88
1.34
2.04
2.81
2.52
4.06
1.65
1.44
4.05
2.02
2.99
4.34
5.17
2.02
2.17
3.86
4.4
3.88
3.47
2.33
2.25
1.49
1.85
2.03
1.78
2.41
2.31
5.47
3.8
1.33
1.44
3.64
2.68
7.27
2.18
2.83
2
2.97
6.3
2.82
4.4
3.86
4.56
4.07
2.12
1.45
2.15
2.51
3.93
3.25
2.35
1.58
4.26
5.73
4.52
1.05
1.25
1.24
3.43
6.24
2.23
2.25
3.49
5.33
3.29
2.95
2.71
3.26
5.15
6.38
6.15
1.86
1.31
2.35
4.36
3.87
3.73
1.13
1.9
2.11
1.9
3.48
1.77
1.87
1.91
2.9
2.81
1.79
1.92
1.65
2.06
2.61
2.76
2.31
2.11
2.68
3.7
2.74
1.58
2.63
4.05
2.61
2
1.74
4.39
2.97
2.32
1.26
2.62
6.83
4.46
2.77
3.23
2.19
2.93
3.92
4.79
3.42
2.29
2.72
3.28
3.1
1.19
2.55
2.1
2.73
3.91
1.94
2.19
2.4
1.87
2.29
1.66
1.96
4
4.82
5.12
3.86
2.62
2.89
1.83
3.41
1.81
2.59
2.13
4.15
7.09
7.52
6.07
3.26
1.69
2.05
3.87
2.55
2.63
2.61
1.74
1.17
1.33
1.16
1.77
2.43
3.71
1.54
1.25
1.15
1.29
1.48
1.65
1.52
1.38
1.83
1.56
4.93
3.38
1.07
1.57
1.74
1.74
2.66
2.9
2.38
2.19
1.71
2.09
1.85
2.04
1.19
1.69
2.18
2.4
1.45
2.15
1.39
1.21
1.25
0.93
1.68
1.35
1.79
1.33
2.14
1.44
1.82
1.55
1.07
1.17
1.05
1.36
2.54
1.73
1.41
2.16
3.2
1.72
1.33
1.79
2.39
5.42
1.2
1.02
1.53
2.03
1.37
1.59
2.06
1.62
3.26
3.02
1.12
1.57
2.71
2.43
1.61
1.38
1.19
2.15
1.07
1.11
0.83
1.32
1.75
1.84
1.85
1.17
1.27
1.27
1.12
0.97
1.38
2.33
3.02
2.58
1.77
0.96
1.15
0.78
0.89
0.86
0.8
0.85
0.9
1.32
0.9
2.14
3.03
2.62
1.5
1.5
1.66
2.26
4.22
4.43
4.89
2.04
1.3
2.11
4.5
3.78
1.96
1.18
1.03
1.59
1.57
0.87
3.05
2.53
3.48
3.41
2.34
3.91
3.42
6.16
4.57
2.1
1.98
2.41
1.55
0.9
1.51
1.87
1.36
2.03
1.11
1.81
2.19
1.93
1.63
1.64
2.49
2.27
1.96
1.38
3.41
5
4.03
4.1
4.03
2.45
2.15
2.06
5.51
2.13
1.43
2.48
3
2.69
2.8
3.18
2.59
2.64
2.02
1.64
4.08
3.86
1.22
1.94
1.18
1.34
1.09
1.66
1.19
1.07
1.61
1.94
3.8
5.41
4.49
4.59
2.04
1.21
1.34
1.73
1.03
1.33
1.17
1.18
1.1
1.59
5.27
5.78
5.5
2.33
1.85
2.29
1.18
2.36
2.69
1.27
1.2
1.11
1.64
1.26
1.45
2.15
1.54
1.23
1.21
1.32
1.06
1.55
2.34
3.29
1.63
1.67
2.26
1.86
2.02
2.87
2.42
2.85
4.19
2.81
4.79
3.52
5.37
2.45
1.66
1.29
1.24
2.66
1.11
1.25
1.45
4.7
4.59
2.02
2.08
1.69
1.51
4.76
6.1
4.62
3.49
1.88
4.86
3
6.12
7
3.33
1.33
3.69
1.9
1.93
2.9
1.84
1.07
1.48
1.65
1.37
1.35
1.67
1.92
3.44
4.36
1.29
2.37
3.41
5.73
4.47
3.27
4.13
5.53
4.44
3.94
2.25
1.54
1.4
1.37
1.54
2.37
1.83
2.68
3.33
2.93
3.3
2.23
1.39
1.57
1.35
2.03
1.7
4.36
5.08
2.79
1.67
2.31
3.18
2.85
1.35
2.11
1.56
2.6
3.06
3.3
5.51
2.47
1.25
1.55
1.29
1.77
1.37
2.76
1.31
4.11
2.44
3.05
3.23
1.36
1.46
2.01
2.3
5.46
3.15
1.46
1.66
2.78
2.12
3.22
1.78
3.37
3.02
2.77
1.71
1.71
1.21
2.06
2.03
4.56
2.67
2.04
2.19
2.74
2.77
1.69
2.96
1.5
2.07
4.24
4.02
3.62
3.12
2
1.74
1.2
2.37
1.25
1.99
3.29
2.24
1.88
2.61
1.38
2.48
3.59
3.79
1.35
3.43
3.34
1.51
2.25
2.51
2.01
1.49
2.6
1.64
0.76
1.14
1.74
3.05
1.53
1.45
1.37
1.7
1.31
2.82
1.21
1.86
4.27
2.49
2.1
2.61
1.55
1.13
1.27
1.59
1.84
1.81
0.87
1.85
1.69
1.42
1.05
1.36
1.61
1.37
1.35
1.77
3.57
2.74
0.84
2.62
1.32
1.98
1.17
1.22
1.99
3.35
1.63
1.29
1.26
1.49
1.48
1.49
1.57
1.29
2.49
1.45
1.01
1.23
2.44
5.23
3.81
2.26
0.67
1.12
0.75
1.3
0.58
0.74
2.17
1.53
1.52
0.86
1.63
0.93
0.93
1.33
2.08
2.98
1.84
3.72
1.3
1.33
1.55
2.57
3.14
1.89
1.26
1.22
1.69
4.35
2.72
2.06
0.89
0.42
0.91
2.2
1.7
0.65
1.09
0.41
0.62
0.72
1.46
1.78
2.6
5.14
5.19
1.72
1.07
0.75
1
1.76
2.44
0.57
0.89
1.04
0.93
0.78
1.21
0.85
1
1.25
2.09
1.09
0.88
1.1
2.06
1.52
1.62
0.44
1.21
0.69
1.31
1.71
1.16
2.36
3.93
2.12
2.44
3.6
3.52
2.27
1.3
1.91
2.52
3.58
2.79
4.76
2.53
1.34
3.58
2.4
1.01
1.53
1.42
1.44
1.78
1.2
1.39
1.45
1.45
1.61
1.52
1.15
4.52
2.04
2.96
4.25
4.57
2.27
1.42
2.24
3.53
0.94
2.32
3.02
3.67
3.37
2
1.5
1.28
3.02
2.13
3.03
2.78
1.74
1.86
5.81
3.64
0.98
1.54
2.16
1.14
1.46
2.97
3.6
4.94
7.77
5.17
5.53
6.59
2.31
1.11
3.72
3.54
2.5
1.28
1.38
4.26
5.71
1.64
1.72
3.15
3.82
1.18
0.95
2.04
1.87
2.01
3.56
4.31
1.34
6.45
1.85
2.39
3.42
1.61
1.81
2.97
2.57
1.93
3.42
1.76
3.6
4.77
4.45
2.35
2.52
1.77
4.71
7.4
3.64
1.62
1.05
0.98
1.62
1.81
2.93
5.01
2.35
3.61
3.1
1.77
3.93
5.37
3.22
4.85
4.75
2.66
2.63
2.77
6.61
3.02
4.16
5.92
2.07
1.51
3.64
2.88
3.76
6.59
1.47
3.85
4.04
1.96
3.51
2.87
4.68
3.34
5.46
1.74
2.67
2.84
2.37
1.46
1.84
2.15
2.53
5.02
4.61
2.03
1.5
2.22
1.51
1.87
4.34
4.68
4.58
1.69
5.28
6.39
1.8
1.79
2.61
1.24
1.78
3.11
4.22
3.9
1.74
1.87
1.78
1.55
1.7
1.45
1.7
2.03
4.91
2.93
3.4
2.22
2.79
3.31
2.43
1.95
1.53
2.64
2.35
1.61
1.74
2.7
1.31
1.68
1.14
2.27
2.01
2.88
2.73
1.69
2.03
1.43
1.36
1.87
1.73
2.05
1.99
2.66
2.26
1.76
1.73
1.57
1.77
2.32
2.51
1.95
2.36
1.84
2
2.58
2.11
2.03
1.73
1.75
3.44
2.57
3.1
4.31
4.13
1.89
1.11
1.48
1.43
2.14
1.8
2.52
1.27
1.11
1.22
1.92
1.29
1.35
3.5
2.31
2.02
1.53
2.06
2.24
1.74
1.4
1.51
1.3
1.47
1.67
1.35
0.96
1.59
1.55
1.63
1.58
1.9
1.74
3.67
2.37
1.82
1.33
1.49
3.2
3.34
1.8
3.12
3.21
1.72
5.04
1.42
1.27
1.18
1.33
1.42
2.62
5.17
4.76
1.67
1.79
1.16
1.37
3.6
3.52
1.83
2.42
2.11
5.02
3.61
6.06
3.45
1.72
1.59
2.74
1.13
2.04
1.2
2.13
1.88
1.89
2.57
1.62
1.54
1.17
1.44
1.12
0.92
2.41
3.42
2.35
2.18
3.38
1.49
1.17
0.77
0.88
1.01
0.63
0.66
0.84
3.03
4.99
2.79
2.44
2.61
2.08
1.81
4.92
4.95
3.55
1.08
1.71
2.03
0.98
2.38
1.95
1.59
2.38
1.15
1.21
1.19
2.07
1.23
1.45
1.38
0.65
0.94
0.76
1.73
1.52
2.85
5.76
3
3.79
2.54
1.33
2.36
2.8
2.75
0.98
1.28
2.46
6.96
3.26
1.15
2.12
1.53
2.02
3.37
3.2
1.16
1.62
2.1
3.13
2.32
1.59
1.79
2.53
1.92
5.74
2.51
3.74
4.1
1.66
1.58
1.66
2.02
1.35
1.75
1.45
4.44
2.63
2.94
1.28
1.48
1.44
2.23
2.02
1.87
1.72
1.06
3.17
3.48
4.96
1.43
1.24
2.26
1.43
0.91
4.4
7.2
2.03
1.84
1.09
1.55
1.72
2.2
2.01
4.77
6.04
3.07
2.92
2.69
2.94
3.28
4.39
3.62
3.56
2.97
6.46
3.44
0.96
1.3
1.91
1.24
2.52
1.98
3.2
3.55
2.29
1.83
1.93
2.58
3.96
1.67
1.48
3.35
1.32
1.78
3.33
4.55
5.1
4.24
1.56
1.27
1.51
1.5
2.33
9.54
10.01
3.4
4.92
3.61
2.87
2.51
5.91
4.83
2.74
3.1
3.67
4.51
2.13
2.52
1.66
1.53
3.87
1.59
3.78
5.27
1.79
1.92
3.24
5.23
2.58
3.18
2.42
4.24
6
1.58
1.78
1.99
2.31
1.38
1.75
2.9
4.34
2.32
2.42
2.1
2.08
1.36
3.99
5.66
4.77
3.95
2.89
2.01
2.3
2.01
1.64
2.9
1.67
2.27
1.73
2.07
2.32
3.24
3.7
3.65
1.65
3.34
2.76
2.31
5.75
3.14
3.55
3.93
1.79
5.78
2.46
1.89
2.56
2.07
4.03
2.82
2.26
2.04
1.91
1.69
1.48
1.7
2.51
1.8
2.55
1.59
3.41
4.09
3.01
4.65
1.92
2.45
1.1
1.2
1.65
1.65
1.53
2.55
3.44
1.83
1.67
2.91
2.09
2.86
2.81
1.88
2.17
3.05
1.35
2.14
2.32
2.35
4.45
5.14
3.64
2.64
1.33
1.07
2.04
1.25
1.32
1.37
1.44
2.26
1.26
1.07
0.99
2.52
1.88
1.21
1.49
1.56
1.58
1.42
1.93
2.47
3.96
2.54
1.84
1.51
1.98
1.16
2.06
1.44
1.84
2.31
1.65
3.73
3.18
1.38
1.52
2.44
1.24
1.34
1
1.29
1.44
1.81
5.82
4.47
1.62
0.92
1.57
0.84
1.28
1.22
2.38
2.73
1.39
0.96
1.41
1.98
3.21
1.05
1.15
1.67
1.82
2.3
1.39
1.69
2.41
1.36
1.7
1.81
2.14
1.23
2.69
2.16
2.22
1.9
2.08
1.67
1.34
1.2
1.36
1.72
1.67
0.68
2.14
2.96
1.71
2.28
1.27
1.77
1.45
0.48
1.18
0.81
0.69
2.49
2.42
1.27
1.97
1.06
1.46
2.7
1.53
1.32
2.19
3.73
2.35
2.23
5.43
1.82
1.97
1.14
2
4.18
2.03
2.58
0.96
0.98
3.83
3.55
2.55
2.15
1.35
1.66
2.55
3.37
1.8
9.03
2.55
2.65
2.25
2.31
0.74
1.17
2.54
1.81
1.51
1.47
2.27
4.01
3.89
9.67
7.59
6.16
1.68
1.64
1.12
1.14
2.41
1.25
1.28
2.13
2.35
2.45
1.13
1.65
2.24
1.76
0.84
0.74
1
2.65
1.54
2.12
1.63
2.73
2.07
1.27
1.44
1.25
5.54
7.35
3.2
2.58
3.37
2.25
1.99
1.05
1.94
5.16
2.76
2.24
2.75
1.81
1.72
1
1.5
1.64
1.17
1.22
0.93
2.14
1.4
3.88
4.53
3.45
1.56
2.08
2.62
1.78
1.96
3.41
5.5
1.27
1.81
0.85
1.55
1.92
2.48
2.55
1.95
1.2
1.84
2.24
1.15
5.12
3.24
2.82
2.66
1.65
3.65
3.37
1.57
5.84
4.27
2.04
2.77
3.17
1.45
1.18
3.85
3.68
1.47
2.14
3.33
3.17
3.71
2.18
3.47
1.84
2.57
4.57
7.65
3.82
2.78
2.76
1.81
2.13
2.06
1.4
1.12
2.91
4.62
2.34
1.89
3.3
2.85
4.45
6.52
4.81
2.61
1.41
1.7
2.83
3.49
1.37
2.19
1.1
1.5
2
3.41
1.95
2.52
1.53
1.33
3.17
4.58
2.42
2.25
1.28
1.32
3.36
4.33
7.74
6.41
2.74
3.72
1.56
1.84
1.5
1.91
3.36
2.17
1.38
2.08
2.41
3.1
2.12
2.06
1.31
6.48
10.15
3.24
2.79
3.65
1.6
1.55
2.46
3.03
2.32
2.46
8.38
13.19
8.42
1.84
2.53
3.6
3.09
2.82
3.08
3.08
2.51
2.22
1.5
3.61
2.79
1.99
5.79
3.62
2.63
2.26
1.55
1.75
1.8
1.3
1.23
1
1.11
1.09
1.25
3.11
1.95
2.47
3.39
2.16
1.31
1.86
1.97
2.26
1.74
1.6
2.13
2.01
1.46
1.97
1.44
2.95
4.11
3.4
1.83
2.62
1.72
2.87
2.3
1.16
1.89
2.91
2.09
1.79
2.4
1.85
1.67
1.31
2.48
2.35
2.73
2.25
1.12
2.73
3.27
1.5
3.5
1.53
1.18
1.59
1.25
1.06
2.3
1.59
2
2.01
1.32
1.95
1.58
2.79
3.92
1.6
0.89
2.38
1.21
2.08
2.26
2.09
1.78
1.16
1.18
1.08
2.58
1.16
1.92
2.24
1.05
1.31
1.2
1.24
2.76
2.12
0.91
1.64
1.12
1.28
4.37
3.67
4.36
2.06
1.21
1.12
0.52
1.05
1.1
1.2
2.58
2.07
2.5
1.56
1.1
1.18
1.03
1.59
2.43
1.18
1.75
2.01
1.8
2.41
1.31
0.71
1.37
0.73
1.81
0.82
1.13
1.46
1.58
0.99
0.73
0.98
2.47
3.76
5.31
2.51
2.36
0.96
3.85
3.12
1.58
1.37
2.11
1.05
1.75
1.35
1.58
3.11
4.76
5.69
1.17
0.98
0.94
0.73
0.75
0.66
0.69
1.04
1.39
2.81
5.61
4.35
2.15
1.07
2.48
1.66
3.21
2.67
2.08
2.47
1
2.74
2.65
2.41
3.56
1.22
1.61
1.03
1.45
1.28
1.35
0.99
1.78
2.45
1.55
1.6
1.43
2.73
2.13
1.58
1.2
0.81
2.33
2.73
1.92
6.45
2.66
1.22
2.95
3.71
2.45
1.52
0.78
1.08
1.57
1.87
1.79
2.13
1.71
2
1.21
1.07
2.33
2.37
5.81
4.14
4.2
1.07
2.11
1.85
1.89
3.55
3.03
2.52
1.7
1.09
2.34
2.76
2.55
3.18
3.44
2.57
2.96
6.49
3.66
2.01
1.25
1.41
1.12
0.84
6.09
6.05
6.08
3.46
1.11
1.28
2.61
2.37
2.32
1.57
1.34
0.98
3.12
4.3
7.08
3.65
5.22
2.92
1.89
1.86
1.52
1.77
2.12
1.84
1.52
1.87
1.16
0.99
1.7
6.39
2.95
2.61
3.36
7.38
4.68
1.59
1.83
2.21
4.17
2.78
2.67
6.83
6
2.48
1.29
1.63
1.41
4.72
8.53
5.22
1.83
1.62
1.58
1.87
1.77
1.48
1.31
3.36
4.06
2.08
2.81
2.1
1.67
5.65
6.83
3.08
3.62
5.08
5.89
5.14
3.06
1.53
5.32
6.07
7.42
4.51
2.5
2.71
2.25
2.56
2.65
2.27
2.64
3.01
3.88
4.66
1.6
3.89
4.47
3
2.89
2.34
3.83
3.16
4.92
3.9
4.49
2.14
4.58
2.86
1.71
1.91
4.14
2.93
1.84
1.95
1.78
3.75
3.19
2.78
2.58
1.93
1.51
1.21
1.63
1.73
2.51
2.94
3.6
6.43
3.97
3.47
2.7
4.29
5.9
2.22
2.1
2.18
1.49
1.64
1.1
1.14
2.79
1.46
1.54
1.48
1.27
3.76
2.65
1.56
3.22
5.09
2.41
3.33
3.3
5.07
2.11
1.55
1.66
1.69
3.27
2.22
1.49
1.59
3.03
1.42
3.24
1.78
1.15
1.52
1.44
1.88
1.07
1.36
1.16
2.54
2.76
2
1.15
1.55
1.32
1.28
0.87
1.43
1.15
1.1
1.62
1.86
1.36
1.19
1.32
2.45
1.49
2.38
1.74
1.05
1.14
1.72
1.27
1.5
1.6
1.63
1.27
1.25
1.32
1.06
1.1
1.47
1.16
1.16
1.2
1.01
1.31
1.4
1.77
1.63
1.85
1.41
2.21
3.34
1.47
1.8
1.85
3.08
2.3
1.41
2.46
1.97
1
1.81
3.32
3.74
2.72
1.33
1.8
2.03
1.91
1.34
1.45
1.8
2.34
1.08
1.98
2.58
3.05
2.27
5.28
4.9
2.14
3.09
3.85
2.41
1.61
2.4
4.47
4.36
5.19
4.73
4.54
3.53
2.33
1.27
1.11
2.84
4.24
0.86
1.21
0.87
0.88
0.44
2.44
5.17
1.57
1.06
2.2
1.41
1.07
1.05
0.96
2.97
2.82
0.85
1.99
1.38
1.42
0.49
0.9
1.16
2.06
1.46
0.98
0.93
1.16
1.25
1.43
0.92
0.55
0.71
0.77
0.82
0.71
1.12
0.9
1
0.81
0.9
1.8
1.09
0.88
1.72
1.2
4
2.79
1.45
1.22
1.01
1.34
3.24
4.33
1.66
2.1
2.08
2.13
1.06
0.64
1.4
1.96
1.87
1.31
1.21
1.41
2.75
1.46
1.39
1.75
0.94
1.22
1.14
2.95
1.84
0.86
2.31
1.51
1.21
0.97
1.04
0.9
0.73
0.69
0.77
1.27
1.84
1.18
0.66
2.04
2.58
2.15
1.16
1.61
1.35
0.87
1.3
1.2
4.04
2.69
1.53
2.2
1.47
3.92
4.38
3.33
1.67
0.68
1.95
1.01
1.14
1.11
0.94
1.15
1.03
1.88
1.01
3.52
2.9
1.51
1.84
2.08
2.2
2.65
3.36
6.17
4.94
6.43
3.43
1.86
1.49
2.29
2.6
2.24
4.04
2.07
1.61
2.06
2.9
3.26
4.38
3.42
3.23
2.82
2.42
1.98
1.41
2.57
1.69
2.66
5.4
6.41
5.82
3.74
3.29
1.41
2.02
4.62
5.8
4.86
5.81
4.81
2.45
2.2
1.09
0.98
2.29
1.6
1.53
1.45
3.1
5.77
1.79
1.86
1.87
3.22
2.43
3.76
5.49
5.52
2.62
2.85
5.04
4.82
3.18
2.18
4.41
3.41
3.07
1.81
2.12
3.06
1.99
3.82
6.46
5.4
3.94
4.99
3.23
2.31
1.91
2.41
7.11
4.79
3.93
4.02
1.41
1.39
1.86
2.22
3.8
4.76
6.13
4.33
1.55
1.4
1.79
2.03
2.06
1.1
1.47
4.39
2.06
3.09
1.45
1.45
1.34
2.78
2.59
1.36
2.53
3.45
2.2
2.48
1.46
2.24
2.22
3.41
4.21
3.4
2.93
1.23
1.02
1.16
1.5
2.05
1.64
1.47
1.46
1.73
2.03
1.65
1.83
1.37
1.97
2.61
4.36
1.87
2.3
2.54
1.06
1.08
1.17
1.23
2.32
2.52
2.78
2.61
1.61
1.95
1.1
2.18
3.35
1.24
1.77
1.86
1.54
2.07
1.5
1.64
2.6
1.69
2.79
3.06
4.46
6.24
2.67
1.28
1.05
1.3
1.3
1.42
1.12
1.99
1.3
1.22
1.29
1.87
1.12
1.55
2.33
2.09
1.33
1.57
2.22
2.61
4.43
3.52
1.07
1.69
2.76
2.25
1.25
1.09
1.55
1.54
1.44
1.62
1.23
0.87
1.3
2.08
3.33
3.69
1.54
0.94
0.92
1.12
1.38
1.97
2.21
1.22
0.8
0.99
0.9
1.99
1.71
3.86
2.31
1.11
1.18
1.09
0.94
0.76
0.9
0.95
1.74
3.9
2.21
1
4.95
5.1
1.26
1.81
0.88
0.72
0.8
1.05
0.81
1.22
1.67
1.45
2.38
0.79
1.5
3.77
4.06
1.39
1.26
0.99
1
1.21
2.6
1.85
1.31
1.98
1.18
1.28
1.82
1.46
0.82
1.25
1.05
1.44
2.36
3.75
3.38
2.44
1.18
0.99
0.85
1
1.05
1.31
1.89
1.65
2.08
3.2
4.67
1.37
1.78
1.49
1.88
2.08
7.26
3.19
1.43
1.36
1.97
1.84
5.27
3.7
2.77
2.08
2.37
1.66
1.57
1.67
0.86
1.79
5.28
3.64
1.53
1.2
3.29
1.27
0.74
0.92
0.99
1.71
2.01
1.04
1.07
0.96
2.97
1.86
1.01
1.68
0.86
1.73
1.63
1.5
2.29
2.18
1.5
1.11
1.17
1.58
1.01
3.15
4.2
4.51
0.94
0.69
0.96
1.13
1.42
1.96
5.98
9.26
5.06
1.31
3.29
1.69
2.46
3.51
2.82
1.53
0.88
2.47
6.13
4.22
1.73
0.77
1.1
1.11
0.88
2.43
1.96
0.8
2.09
1.19
0.81
1.64
0.9
1.22
2.08
4.6
2.46
1.91
4.92
4.89
3.37
1.89
1.47
1.73
1.69
1.49
1.44
0.94
1.56
1.33
2.23
1.17
1.43
1.99
3.07
5.49
4
1.47
1.95
4.44
7.13
2.88
2.83
3.45
5.54
4.69
2.46
3.98
5.29
1.36
6.24
5.44
3.13
1.58
1.88
1.26
1.47
2.62
1.76
2.09
1.73
1.59
2.31
2.16
3.53
2.33
3.84
1.16
1.5
1.64
1.86
2.43
2.91
1.75
3.34
4.41
2.57
5.13
1.81
3.4
1.13
2
3.44
2.61
2.39
1.61
1.75
3.29
1.79
4.36
10.22
9.98
3.15
3.19
3.21
3.08
6.86
4.83
3.39
2.93
1.71
1.66
2.45
1.79
1.63
2.29
1.85
2.4
2.17
2.93
4.43
2.2
4.38
3.62
1.65
1.82
2.52
3.05
1.81
2.53
3.11
5.29
6.69
2.18
1.98
2.05
4.53
3.02
2.68
1.6
1.99
1.71
1.79
2
1.78
1.43
3.34
1.51
3.13
2.08
1.97
1.65
1.58
2.54
2.32
1.77
2.24
1.26
1.81
3.91
5.62
1.41
2.34
1.87
1.46
2.5
1.77
2.11
1.83
2.37
2.93
5.01
3.91
2.2
2.32
3.26
1.34
2.47
1.5
1.61
1.8
1.69
2.56
1.82
1.86
2.19
1.16
3
2.96
1.07
1.51
2.27
1.23
1.54
1.59
2.01
2.09
1.76
2.18
0.96
1.29
1.6
2.3
1.02
1.8
2.12
1.83
2.3
1.83
4.33
2.59
1.97
1.23
2.17
2.04
2.46
2.7
1.22
1.22
1.12
1.2
1.65
3.68
3.43
2.32
1.01
1.22
1.42
1.18
1.06
1.67
1.41
1.02
1.91
1.52
2.18
2.95
4.24
1.53
1.21
1.2
1.51
1.68
3.63
2.06
1.61
1.92
3.75
5.8
1.39
1.54
1.72
0.97
4.4
4.87
3.93
1.72
0.91
0.52
0.82
1.36
0.71
1.11
1.07
1.23
1.02
1.05
1.82
2.13
2.74
1.98
2.01
0.84
0.99
1.52
1.26
1.41
1.03
1.02
0.81
0.98
0.76
1.73
0.72
0.74
0.64
1.86
5.93
6.63
1.37
1.04
1.71
1.15
4.2
1.93
1.12
1.06
1.54
1.3
2.74
3.58
3.07
2.91
0.95
0.76
1.19
1.06
1.66
6.79
5.15
0.94
0.93
1.84
1.18
1.06
1.51
0.91
2.2
2.97
0.95
3.68
4.17
1.52
2.53
1.66
1.69
0.93
2.94
3.86
1.63
0.9
0.89
0.49
3.55
1.57
4.64
6.84
5.74
2.3
3.48
2.67
1.72
1.06
1.95
1.23
0.77
1.58
1.06
1.58
1.23
1.38
4.74
4.37
3.43
0.9
2.62
3.4
3.11
1.21
2.92
2.1
3.11
4.6
2.25
1.19
1.87
1.1
1.35
2.83
2.89
2.33
1.83
4
1.38
3.59
1.79
2.88
4.49
2.22
0.95
2.27
2.36
2.24
1.77
1.69
1.36
1.66
2.17
5.92
2.45
1.78
1.29
1
1.94
2.78
2.34
1.12
2.43
1.52
1.43
4.81
4.42
2.14
1.97
1.79
3.63
1.98
3.52
4.97
4.66
3.37
5.03
5.59
6.87
6.69
2.71
2.4
1.65
1.47
2.19
2.55
1.53
1.44
2.68
3.45
4.3
3.52
5.51
1.66
1.92
3.32
1.72
3.43
3.77
3.44
2.56
4.12
1.84
2.92
3.16
1.9
1.43
2.19
1.97
2.98
1.98
4.25
3.46
2.95
6.95
7.67
3.42
4.2
2.02
3.25
2.9
4.36
3.27
1.89
4.68
1.35
1.65
2.23
3.97
3.8
2.42
2.27
2.16
1.22
1.86
1.52
2.68
3.64
1.82
2.03
2.3
4.14
3.6
2.15
2.46
4.5
4.33
4.05
2.3
1.83
1.4
1.41
1.67
1.3
1.71
1.86
3.05
1.84
1.72
1.46
2.43
1.96
1.69
1.65
1.38
1.37
2.13
1.03
1.17
1.35
2.06
1.55
1.55
1.68
1.77
1.56
1.39
1.59
1.75
1.51
1.96
1.91
0.97
1.41
2.38
2.35
5.01
4.65
3.03
2.03
4.72
4.23
1.84
2.8
2.8
1.8
1.08
2.04
2.49
4.55
3.66
2.67
3.62
1.4
1.52
1.1
1.55
2.46
1.76
3.39
2.32
2.37
1.63
1.47
1.31
1.02
1.5
1.56
1.19
2.48
3.26
1.91
1.07
1.94
1.19
3.15
2.87
2.69
2.54
1.28
1.2
1.58
1.96
2.15
1.56
1.65
1.32
1.06
1.09
1.08
1.88
2.03
1.54
2.57
1.9
1.38
2.58
2.22
2.53
1.42
0.86
0.81
1.01
0.88
1.69
1.24
1.32
1.66
2.27
3.68
1.88
0.96
1.34
1.12
1.31
2.95
2.4
1.47
1.75
1.92
1.13
1.19
1.63
0.94
0.77
1.05
1.15
0.85
2.12
1.13
1.25
1.5
1.74
0.81
0.82
1.73
2.59
2.89
4.37
3.5
1.53
1.12
1.32
4.76
1.47
1.57
1.45
1.53
1.05
1.62
1.84
0.94
1.25
0.75
1.02
0.99
0.76
1.09
1.41
0.96
0.73
0.76
0.89
1.6
1.58
4.2
2.12
1.68
3.04
2.55
2.62
3.04
2.13
3.8
5.78
2.33
1.79
1
1.45
1.04
1.04
1.09
1.34
1.01
1.03
2.98
3.06
3.25
1.76
1.2
0.95
1.46
1.96
1.19
2.04
2
0.91
0.5
2.36
2.26
1.67
3.65
6.16
4.32
1.28
1.65
1.52
2.07
1
2.18
2.84
1.36
2.47
2.08
2.64
2.4
1.47
1.32
1.4
2.92
4.31
2.11
0.85
1.45
2.18
1.81
2.79
3.21
1.21
4.36
1.79
0.87
1.37
0.84
1.41
1.21
4.11
1.43
4.62
6.45
4.49
2.16
5.75
2.31
1.81
1.14
4.12
3.92
1.55
2.69
3.92
2.37
2.23
4.49
1.69
1.2
0.69
1
1.67
1.53
3.58
4.2
1.84
2.21
1.35
0.8
1.09
1.43
3.57
3.96
2.94
2.65
0.93
1.99
1.74
1.02
2
4.83
3.64
4.91
1.7
2.08
1.98
1.25
1.1
1.19
1.11
1.32
1.44
5.87
4.86
1.43
1.74
4.13
4.38
2.15
1.93
1.77
1.94
5.5
2.53
3.67
6.7
2.71
2.62
4.5
3.03
2.52
3.36
2.33
2.25
2.88
5.07
2.96
2.22
3.03
1.25
0.97
1.09
1.62
2.72
4.16
3
2.28
1.96
1.4
1.63
3.34
2.17
3
4.01
2.64
1.24
1.91
3.2
2.95
3.63
5.62
5.73
4.18
2.84
2.84
1.53
2.95
2.12
1.45
1.36
1.37
2.7
2.67
3.69
5.44
3.91
2.76
3.29
4.03
3.18
3.95
2.98
2.76
1.51
7.8
7.07
2.35
3.96
2.83
1.66
2.5
6.9
9.26
7.43
4.08
1.25
1.66
1.49
1.42
4.3
3.86
2.05
2.02
2.23
1.23
1.4
1.52
2.08
4.44
4.37
2.84
3.41
1.9
1.54
1.36
1.58
2.67
3.01
3.37
1.42
1.88
2.29
2.51
2.53
1.37
1.74
4.06
2.56
1.11
1.66
1.09
1.6
1.67
1.75
2.85
1.24
1.46
1.81
3.2
1.49
2.65
2.52
1.92
1.81
1.28
1.59
1.87
2.19
1.34
1.08
2.35
1.25
1.4
1.4
2.86
2.33
1.38
1.34
1.47
1.41
2.23
1.72
0.92
1.68
1.24
1.31
1.7
2.25
1.97
1.67
1.11
1.7
1.24
1.43
1.62
1.28
1.49
1.16
2.61
1.67
1.55
2.17
2.08
1.4
4.49
2.45
1.18
1.04
1.9
2.17
1.42
1.05
4.55
2.09
1.7
1.77
1.37
1.4
0.93
0.92
0.79
1.62
0.86
1.22
4.13
3.34
0.94
1.16
2.86
1.88
2.09
1.77
1.62
0.89
1.81
0.8
1.96
1.63
1.45
1.49
2.74
1.93
1.47
1.44
2.96
2.28
1.73
1.08
1.18
2.08
1.18
2.93
2.59
2.73
2.23
2.73
1.52
1.77
2.76
1.65
2.66
3.71
1.33
1.76
2.17
1.17
1.28
3.57
1.7
1.52
1.37
3.2
6.1
3.75
0.79
0.98
1.91
1.29
1.42
0.69
1.87
1.53
1.41
0.54
1.78
3.39
4.54
2.95
3.09
1.12
1.45
0.91
2.27
1.41
1.64
2.28
2.79
0.9
2.19
2.11
1.7
2.92
1.23
1.66
2.56
1.4
2.8
1.27
1.04
0.79
3.22
0.94
1.11
2.24
2.37
1.84
1.52
2.05
2.52
1.56
1.18
1.99
1.83
4.07
0.98
0.9
2.55
2.11
2.7
4.59
5.39
4.56
1.92
5.12
3.9
3.14
2.34
1.4
1.52
1.75
1.54
7.15
5.75
1.48
1.88
1.53
1.02
1.3
1.3
4.92
1.29
0.92
1.39
1.32
0.98
1.78
1.2
1.37
1.2
1.4
1.13
1.87
1.06
2.53
2.44
1.58
1.42
1.46
1.79
1.06
1.03
1.27
3.68
2.03
2.97
3.03
3.73
2.92
2.37
5.31
9.82
3.09
3.09
2.26
3.14
6.99
3.57
2
3.32
2.59
1.62
3.61
4.18
1.49
1.85
1.75
4.33
3.03
2.67
3.39
3.96
2.3
3.29
4.89
5.66
4.23
3.94
3.43
3.29
3.51
2.29
2.46
3.44
1.33
2.12
2.42
2.62
2.06
2.18
2.47
2.23
1.33
1.44
1.71
1.6
4.71
6.65
6.87
6.05
3.17
2.56
2.08
1.29
3.48
5.78
2.34
2.09
2.03
1.89
3.33
2.52
2.93
2.34
1.51
1.31
2.71
1.61
2.54
3.19
5.55
1.72
2.52
1.58
1.91
2.79
2.2
2.78
2.12
1.57
2.23
2.95
1.55
2.29
3.53
2.71
2.48
2.41
2.03
3.22
1.64
2.3
3.96
2.39
1.91
1.17
3.72
5.52
3.92
2.64
4.01
3.44
1.18
1.22
1.23
1.31
3.81
3.53
1.34
2.51
3.22
2.26
5.33
4.27
3.99
4.2
3.14
2.83
3.51
3.41
1.91
5.48
2.13
1.8
2.9
3.31
1.72
1.39
1.56
1.42
1.22
2.41
1.83
2.6
1.74
1.24
1.74
2.6
3.45
6.08
5.89
2.35
1.66
2.61
1.62
1.23
2.25
1.5
1.68
1.7
1.98
2
1.25
2.27
2.5
1.93
1.66
1.8
4.2
3.45
1.51
1.22
1.76
1.2
1.88
1.61
1.74
1.12
1.93
1.68
1.17
1.37
2.57
1.21
1.26
2.15
1.9
1.06
0.94
1.03
1.23
1.28
2.46
4.04
2.11
1.76
1.31
0.89
0.78
1.39
0.85
2.26
1.12
1.62
1.26
2.05
1.22
1.23
0.92
1.97
1.89
1.86
1.3
1.28
2.28
1.36
1.44
2.18
2.47
2.43
2.93
1.11
1.02
1.06
2.01
2.98
3.84
1.23
1.3
1.6
1.35
0.84
1.28
0.94
0.93
0.81
4.09
2.83
0.98
0.92
1.03
1.19
2.51
1.46
3
1.57
1.83
2.15
0.96
1.83
1.24
2.11
2.77
4.29
2.3
2.8
1.6
1.16
1.17
1.18
2.63
3.13
3.62
2.27
2.31
1.48
0.67
0.81
1.12
2.1
4.17
1.47
1.2
0.94
1.59
4.01
1.81
0.78
0.69
0.71
1.09
1.4
0.9
0.62
3.5
3.85
0.83
1.17
0.85
0.76
0.75
0.68
0.91
1.06
1.61
2.16
2
0.92
1.21
1.92
3.94
2.42
1.46
0.82
1.22
2.53
1.18
1.11
1.29
1.15
0.97
1.46
2.18
1.21
1.51
1.27
2.28
2.34
2.46
2.8
1.52
1.96
1.96
1.37
2.05
2.93
1.05
0.81
1.21
2.17
1.27
0.82
1.67
2.7
2.76
2.53
4.37
1.1
3.63
4.07
1.41
1.37
