20070101
6.1
0
0
1.6
0
0
0
0
0
0
0
0
0
0
0
0
0
0
2.9
0
0
2.3
5.8
17.5
0
0
0.6
0
0
0
0
0
0
0
0
0
3.4
1.4
0
1.2
0
0
25.6
0.4
0
2.4
0
0
0
0
0
0
0
0
0
15.9
0.2
0.7
1.2
0
1.3
0.6
0
0
0
0.4
11.1
0
0
0
0
0
0
0
0
0
0
54.2
4.6
0
0
20.6
1.9
0
0
0
0.2
0
0
0
0
0
1.6
0
0
0
0.2
0
0
0
0
0
0
0
0
0
0
0
0
0
0
0
0
0
0
0
0
0
1.3
0
0
0
0.6
28.6
6.9
0
0
4.4
0.4
0
1.3
1.2
0
0
5.8
0
14.8
0
0.4
0
0
0
0
0
0
0
1.3
11.4
3.8
0
0
0
0
0
6.5
17.5
6.4
10.5
3.4
2.4
0
0
0
0
0
0
0
0
0
0
0
0
0
0
0
0
0
6.5
1.6
0
0.4
0
0
0
11.8
0
0
9
0
15.9
2.6
0
0
0
0
0
0
0
0
0
0
0
0
0
3.9
0
0
0
0.6
19.6
22.7
0
0
0
1.9
0
0
0
0
0
1.8
3.8
4.1
0
0
0
0
0
0
0
1.1
17.6
1.4
2.8
3.6
0
0
0
0
3.5
12.6
4.5
0
0
0
10
8.3
20.2
10.2
23.7
0
0
3.7
0.4
0
0
0
0
0
0
39.2
0
0
0
0
0
0
0
0.3
27.5
3.4
0
0
0
0
0
0
2.2
0
0
0
0
0
0
0.2
0
0
0
0
0
5.5
0
0
1.9
12
18.6
0.3
0
0.6
0.8
12.2
0
5.4
0
0
0
0
1.1
0
0
0
0
15.7
1.1
1.8
0
0
2.9
0
0
3.7
5.3
0
0
0
0
0
0.2
15.5
0
0
0
0
0
0
0.9
4.5
0
0
0
13.3
0
5.9
0.6
6.5
3.1
0
2
2.8
0.5
0
0
0
0
0
0
0
3.5
2.5
0
0
0
0
0
0.3
0
0
0
0
0
0.5
0
0
0
0
0
0
0
0
0
1.7
0
0
0.3
0
0
0
0
0
0
0
0
0
0
0
0.2
0
9.8
0
0.9
1.1
0
0
0
0
0
0
0
0
0
0
0
0
0
0
0
0
0
0.5
0
0
0
0.4
0
0
1.6
0
6.1
0
0
0
0.8
5.3
0
0
0.6
0.6
0
0
0
4.4
2.9
2.9
0
0.4
7
5
27.9
0
0
0
0
0
0
0
0
0
10.5
0
0
0
0.2
2
0
0
0
0
3.7
0
6.6
2.4
7.4
0
0
1.3
0
4
6.9
0
0
1.2
0.6
0
0
0
0
0.8
0
0
0
0.6
0
0
0
0
0
0
0
0
0
0
0
0
1.8
7.4
4.7
3.4
0
0.4
0
0
0
0
0
0
3.4
0
10.4
0
18
2.7
12.2
0
9.4
4.5
0
0
3.6
0
0
1.7
0
0
21.2
3.7
0
0
0
0
0
2.2
0
0
0.7
0
0
1
0
0
0
15.6
0
0.1
4
0.5
0
0
0
0
45.6
7.4
0
0
3.7
0
0
12.5
0.2
0
20
0.1
0.2
0
0
0
0
0
0
0.2
0
0
3.7
0
0
0
20.3
4.3
0
0
0
3.6
0
11.4
3.4
0
0
0
0
0
0
14
0.4
0
0
0
0
0
0
0
0
0
0
0
0
0
7.5
1
0
0
0
18.3
1.3
15.6
0.5
0
0
0
0
0.4
0.8
1.2
0.7
0
2.7
0.2
0
0
0
0
0
0
11.7
0
0
0
0
0
0
0
0
0
0
0
0
21
0
0
0
0
0
0
0
0
0
0
0
1.7
6.7
0
0
3.6
0
0
0
0.1
3.7
8.5
0.7
0
0
0
0
0
0.5
0.2
3.5
0
0
0
0
1.3
0
0
2.3
0
0
0
3.6
0
2.2
1.6
2.2
1.9
0.2
0.4
1.1
0
0
0
0.2
2.3
11.5
0.5
0
1.3
5.4
18.3
10.2
5.5
0
0
0
0.3
0
0.5
0
0
0
0
0
0
0
0
0
0
0
0
0
0
0
0
0
0
1.2
10.7
0
0
0
0.8
0
0
25.3
0
13.9
0
0
0
31.3
6.3
0.3
0
0.9
1.4
9.8
6.3
0
0
0
9.1
17.9
0
0
0
0
0
0
0
0
0.4
0
0
0
1.1
1.6
0
1.9
0
0
0
0
0
0
1.6
0.4
14.4
0
0
0
0
0
1.1
0
0
0
0
0
0
1.8
4.8
0
0
0
0
0
0
1.2
0
0
33.4
0
4
0
0
0
0
0
0
0
0
0
0
0
0
0
0
0
0
0.5
0
2.1
0.8
0
6.3
14.9
0
0
0
0.5
0
5.9
0.7
0
3.5
0
0
0
0
0
0
0
0
1.4
21.5
8.1
0
0
4.6
0
0
3.6
0
0
3.2
0
0.2
0
22.2
11
0.9
2
4
0
0
0.4
0
0.2
1.1
0
23.9
0
0
0
16.2
2.2
0
0
0
46.5
0
0
0
9.1
0
25.8
23.7
0.7
4.3
12.4
0.4
34.5
0.7
4.2
0.5
1.4
0
4.7
0.4
0
25.1
6.3
16.3
7.2
0
0
0
0
0
0
0
17.6
0
0
0
0
0
9.8
0
0
0
0
0
0
0
0
0
8.7
38.3
0
0
0
0
0
10.7
0
0
22.3
0
0
0
0
0
0
0
0
19.3
0
0
0
0
0
0
0.4
0
0
0
0
0
27
0.4
0
0
0
0
0
0
0
0
4.7
0.6
1.9
0.7
0.2
0
0
0
0
0
0
0
0
0
0
0
0
0.7
0
0
0
0
0
0
0
0.3
9
4
9.6
0
0
0
0
3.7
0
0
0
0
3
9.4
1
0
0
0
0
0
0.5
0
0
6.7
1.3
14.1
0
14.7
0
7.4
1.9
4.1
0
0
0
0
0
0
0.1
0
0
0.2
0
0
0.5
0
0
0
0.6
4.1
0
6.6
8.3
0
0
0
0
0
1.8
18.7
0
0.4
1.9
0.2
0
4.1
1.4
0
0
0
8.3
0
0
0
0
0.2
15.4
1.2
1.3
0
0
0
0.5
0
0
0
1.8
7.8
3.7
2.2
15.6
9.5
0
0
0
0
0
0
0
2.6
2.1
0
0
2.9
0
0
0
0
0
0
0
0
1.6
0
0
0
0
0
2.8
4.6
0
0
0
9.3
6.2
0
0
0
0
0
0
0
10.1
0
0
0
0.2
0
0.2
21.4
0
0.4
0.1
0
0
2.7
0
0
0
0
0
18.8
0
0
0
0
0
0.1
0
0
0
0
0
1.7
0
0
0
0
0
0
0
4.7
4.4
0.1
0
0
11.8
4.3
0
0
0
0.7
0.4
3.9
3.6
3
5.2
0
0
0
1.1
0
0
2.6
0
0
0
0
0
0
0
0
0
0
0.6
0
1.2
5.9
0
0
0
0
0
0
0.1
7
2.7
23.2
7.4
0.5
0
0
10.7
0
0
0
0
0.7
0
0
0
0
15.9
8.7
7.5
13.4
8.4
0
0
0
0
0
0
0
0
0
0
0
18.2
20.8
5.7
0
1.3
0
5
0
0
0
6.5
0.2
0
0
0
0
0
12.1
0.7
0
0
0
0
0
0
0
0
0
25.2
0
9.8
0
53.3
0
0
0
0
0
4
13.5
0.4
3.5
0
0
10.5
3.9
0
0
0
7.9
0
17.1
12.7
1.3
0
0
0
0
0
34.3
0
0.6
8.3
0
0
0
0
0
0
0
3.7
0.8
0
28.3
12.7
0
4.2
3.1
0
0
0
7
0
0.9
2.7
16.4
0.2
0
1.4
0
0
0
0
34.1
36.2
31.4
0.4
0
0
0
0
0
39.4
12.7
0
0.4
3
0
0
0
0
0
14.4
1.7
0
0
0
0
0
0
0
0
0
0
10.3
11.3
0.2
5
0
0
0
1.4
10.2
0
0
0
0
0
0
0
0
0.2
0
0
0
0.9
5.2
11.2
5.9
0
0.2
0
0
0
0
3.2
0
3.1
0
15
1.7
0
0
0
13.5
0
13.2
0
6.5
8.5
17.5
8.4
0
0
0
0
2.1
3.6
3.7
0
0
0
0
0
0
13.5
0
0
0
0
0
1.2
3.5
0
0
0
0
0
0
0
0
1.9
0
0
0
0
0
0
0
0
0
0.4
0
0
0
0
0
0
8.2
0
0
0
1.3
0
0
1.2
0
0
0
0
0
0
0
0
0
0
0
0
0
0
0
0
0
2.4
0
1.1
4.5
0.2
0
0
0
0
0
0
0
0
0
0
0
0
1.4
0
0
0
0
0
0
0
0
0
0
0
0
0
10.9
0.2
0.2
0.2
0
0
0
0
0
0
5.6
0.2
0
0
0
0
0.9
0
0
8.7
0
0
0
0
0
0
0
16.2
0
0
0
0
0
0
0
0
0
0
0
0
7.6
0.7
0
1.9
7.8
17.9
3.7
0
1.7
0
0
0
0
0.4
0
0
0
0
0
1.6
10.6
0
0
0
0
0
3.7
0
0
0
0
0
2.5
6.1
0
0
0
19
2.2
0.1
3
0
1.1
4.1
2.5
0.7
0
0
0
0
1.4
0
0
0
11.9
9.7
0
0
0
0
8.8
0.2
0
0
0
0
8.3
0.5
5.7
0
0
0
0.5
0
0
0
0
0
0
0
0
0
0
0
0.1
3.7
30.2
0.2
8.7
12.6
14.7
0
0
5.9
16
0
0.8
0.3
0
0
12.6
7.3
0.5
0
0
4.6
0
0
0
0
0
0
15
0
0
0
0.7
0
0
0
0
0
0
0
0
0
0
0
0
11.3
5.9
0
0
0.8
0
0
0.5
0
0
0
0
0
1.3
0
0
0
0
27
0
0
0
0
0
0
0
0
0
0
0
0
0
0
0
0
0
25.3
0
0
0.5
0
0
0
0
0
0
0
0
21.9
10.8
0
0.3
7.3
0
0.2
4.7
0.4
0
0
0
0
0
0
0
0
0
0
0
0
0
0
0
0
0
0
0
0
0
0
0
0
0
0
0
0
0
0
0
0
0
0
0
0
0.4
0
5.7
0
0
0
0
0
0.4
6.5
0
8.8
6.5
23.6
0
0
0.4
0
0
0
0
0
0
0.3
0
0
0.4
0
0
0
6.5
0.1
1.9
0
0
0
0
0.5
0
0
0
0
0
0
0
0
0
0.3
1.4
0
0
2.8
0
0
0
0
0
0
0
0
0
0
0
0
0
5.4
1.1
0
0.2
0
0
3.9
0
0
0
0
0
0
1.3
0
0
0
0
0
2.3
0.3
0
0.8
0
0
0
0
0
0
0
0
0
0
0
0
0
0
0
0
0
0
0
0
0
0
0
0
0
0
0
0
0
0
0
0
0
0
0
0
19.3
3.7
15.3
0
0
0
3.4
0
0
0
0
0
0
0
0.9
0
3.2
3.4
0
3.6
0
0
0
0
0
0
0
0
22.1
3.1
0
0.7
13.2
0
0
0
0
16.3
0
0
0
0
0
0
0
0
5.4
15.2
3.7
4.3
0
0
0
0.2
0
0.7
16.6
0.3
0
0
3.8
0
0
0
0
20.2
4.1
9.9
6.4
0.3
0
0
0
0
0
0
0
0
0
0
0
5.7
0
0
0
0
0
0
0
6.5
0
3.2
0
0
0
13.5
9.3
32.2
0
0
4.6
2.1
0
0
0
1.9
0
4.6
0.5
0
24
0
6.4
0
0
9.2
0
0
0
0
0
0
0
0
0
0.6
0
0
0
0
0
0
0
0
0
0
0
0
0
0
0
0
0
6.6
0
2.3
3.7
0
0
0
0
0
0
0.6
0
0
0
0
0
0
29.6
10.1
0
0
0
0
0
9.5
0
0
0
0
9.9
0
0
0.1
0.3
0
0.7
9.5
3.4
0
0
0
0
9.8
0
0
1.9
0
0
0.7
0
10.3
13
0
0
0
0
0
0
0
1.1
0
9.9
26.6
6.6
0
0
6.5
1.6
3.5
0
0
23.5
0
0
0
0
0
0.8
4.3
0
0
0
0
0.4
4.8
0.2
0
0
1.3
0
0
0
0
0
4.3
12.3
0
0
4.3
0
15.3
0
0
5.7
0.3
0
0
0
0
0
0
3.5
0.3
0
3.7
0.4
0
0.4
0
0
0
0
5.3
0.6
0
0
0
0
0
0
0
6.5
1.5
7.9
0.6
2.1
0
0.3
0
0
25.4
17.2
0
0
15
5.7
0
1.3
10
4.1
0
0
0
0
0
2.5
1.3
0
0
0
13.9
0
0
6.1
1.8
0
0
1.2
0.9
3.9
11.1
9.3
1.9
0
0
0
0
0
0
3.5
18.4
12.8
0
23.2
7.2
1.5
0
0
0
0
0
0
1.1
0
0
10.3
10.5
0
0
9.3
3.7
0
0
0
10.2
0
2.7
0
0
3.4
3.2
18.6
5.7
0
0
7.8
37.7
8.7
0
28.2
0.8
0.3
4.8
0
0
0
0
0
0
3.8
0
0
0
0
0
0
0
0
0
1.9
0
0
0
0
0
0
0
0
0.9
2.8
0
0
19.7
1.2
0
0
0
2.3
5.3
0
0
0
0
0.4
13.3
0
0
0
0
0
0
0.5
8.9
0.8
0
0
0.4
19.8
10.5
4.1
3.7
1.7
4.4
0.3
0
0
0
0
1.7
2.4
0
0
0
0
0
0
0
0
0
0
0
4.2
23.7
0.2
0
0
0
0
0
0
0
0
0
0.9
18.2
0
0
0
0
13
0
1.1
0
3.5
0
0
0
0
0
0
0
0
0
0
0
0
0
0
0
0
0
0
0
0
0
0
0
0
26.8
0
0
0
16.9
4.4
0
0
0
0
0.7
0
0
0
0
6
7
8
20.2
0.2
0
0
0
3.5
0.1
0
0
0
0
0
0
18.4
17.7
1
0
2
0
0
14.7
9.2
1.2
0
0
0
0
0
0
0
0
0
1.7
27.5
4.6
0.1
0
0
0
0
0
0
0
0
0
7.1
8.7
0
0.1
0
1.1
0
0
0
0
0
0
0
0
0
0
0
0
0
0
0
0
2.1
22.4
16.7
17.5
0.2
0
0
32.1
21.3
0.2
0
0
0
0
0
0
0
6.8
10.2
3.5
9.3
23.8
6.6
0
0
0
0
0
0
0
0
0
0
0
0
0
0
0
0
0
0
0
0
0
0
0
0
0
0
0
0
0
0
0
6.7
0
0
1.9
0.5
0
0
0
0
0
3.4
0
0
0
0
0
0
0
0
2.9
0.4
0
0
0
4.7
0
0
0
3.4
12.8
0
0
0
2.4
0.5
2.2
0.2
10.1
0
0
0
0
0
9.8
0
14.9
0.6
16.7
0
12.5
0
0
6.7
6.4
0
8.3
1.2
0
17.6
3.8
0
0
0
0
0
0
0
3.7
0
0
0
0
0
0
0
0
0
0
0
0
0
0
0
2.1
0
0
0
6.1
0
0
0
0
0
0
0
0
0
0
0
0
2.6
4.3
0
6.9
0
0
0
0
4.7
3.7
0.6
0
0
0
4.2
1
24.1
0
0
5.7
31.1
0
0
0
0
4.3
0
0.5
0
0
0
0
9.1
0
3.5
0
21.4
17
11
0
6
4
2
0
0
0
0
0
6.4
0
0
2.6
0
0.2
0
0
0.5
0
0
0
0
0
0
0
0
0
0
0
0
0
0
0
0
0
0
0
6.4
0
0
6.2
15.6
5.7
0
0
0
35.7
7.4
0
6.6
0
0
0
0
0
1.7
7.7
20.4
5.1
0
0
0
0
0
0
0
0
0
0
10.3
1.4
0
0
0
3.1
1.6
0
14.1
1.4
0
0
0
0
0
0
0
0
0.2
0
0
0
39.4
39.1
0.4
0.3
0
0
0
21.2
2.9
0
23.2
7.1
0
7.2
3.7
0
0
0
52.4
9.8
35.9
23.5
0.4
3.1
0
0.6
0
1.1
4.8
31.3
57.3
0
5.4
0
0
0
0
0
0
32.7
0
0
0.5
0
3.7
0.3
0
0
0
6.8
0.4
0
0.7
0
0
0
0
0
0
0
0
0
2.5
0
0.6
0
0
0
0
57.4
2.4
15.3
2.9
0
0
0
0
0
0
0
0
0
0
0
6.9
4.3
2.1
0.3
0
0
0
0
0
0
0
0
15.2
0
0
0
0
0
0
0
0
0
0
1.1
0
2.3
6.3
0
0.7
2
1.3
19.4
9.8
0.6
0
0
0
0
0
0
0
6.1
0
0
0
0
0
0
0
0
0.9
0
4.8
3.5
0.4
0
0
0
1.3
0
2.4
0
0
0
0
0
0
8.8
0
0
0.2
0
0
0
0
0.2
1.4
0.5
0.6
18.3
4.9
0
0
0
0
1.1
11
0
7.3
0
1.1
0
0
5.8
0
0.1
1.6
0
0
0
0
0
0
0
0
0
0
0
0
19.6
3.8
10.1
0
0
0
0.1
0
4.1
0
1.3
0
0
0
0
0
0
0
0
0
0
0
0
0
0
0
0
0
0
0
0
7.3
5.9
0
0
0
1.6
1.3
0
0
0
0
0
0
0
2
0
0
1.6
0
0
0
0
0
8.3
0
0
0
0
0
0
0
0
0
0.7
3
0
0
5.2
4.9
0
0
0
0
0
0
4
0
0
0
20.2
2.8
4.8
0
0
0
0
3.8
14.9
70.5
2.1
0
3.6
0
0
0
0
4.9
0
0
0
0
0
0
0
0
0
0
0
0
0
0
0.7
5.2
0
0.7
0
5.7
7.2
0
0
20.5
3.5
0
0
0.5
0
0
0
0
0
0
0
0
0
0
38.2
0.8
0
0
13.1
0
0
0
0
0
0
0
0
0
0
0
1
13.7
0
9
0
8.9
0
0
0
0
0
0
0
0
0
0
0
0
0
0
0
0
0
3.5
4.9
0
0.5
0.9
0
0
0
0
0
0
0
0
0
0
0
0
0
4.3
17.3
5.4
2.1
0
0
0
1.9
0
0
0
0
1
0
0
0
9.5
0
0
0
0.7
41.2
20.8
0
0
0
0
0
0
0
0
1.7
0
3.8
3.2
0
0
19.8
13.7
0
6.8
28
21.1
0
2.3
2.7
23.2
0
0
0
0
0
0
0
0
0
0.5
0
0
0
0
0
0
0
0
0
0
0
0
0
0
0
0
0
0
0
0
0
16.3
4.7
0
0
0
0
0
0
0
0
0
0.4
0
0
0
0
0
0
0
1.3
0
0
0
0
0
0
0.2
0
0
0
0
0
0
0
0
0
0
0
0
0
0
0
0
3.1
0.5
2.7
1.2
8.1
0
0
5.1
0.1
23
0.2
0
0
0
0
0
0
0
0
0
0
0
0
0
0
0
0
0
0
0
0
0
17.4
0
0
0
0
0
16.9
13.1
0
10
9.8
9.7
16.2
0.6
0.2
12
6.1
0
0
0
3.6
0
0
0
0
2.2
15.5
0
0.5
5.7
0
0
5.2
0
0
0
1
1.3
0
0
0
3.8
0.1
0
0
0
0
1.3
0
0
0
0
0
0
0
0
0
0
0
0
0
0
0
0
0
7.9
0
0
0
0
0
0.5
0
0
0
0
0
0
0
0
4.5
0
0
0
11.6
0
0
0
28.7
3.7
0.7
0
0
0
0
0.5
0
3.2
0.7
3.7
5.3
13.8
2.7
0
0
0
0.2
0.9
0
0
9.4
0.1
0
0
0
0
7
0
0
0
5.1
0
6.2
42.4
0
0
0
2.6
0
5.5
0
0.3
1.1
0.6
0
0
5.2
25.8
21.4
0
0
0
0
5.3
0
2.8
0
0
0
0
0
0
0
0
0
0
0
0.6
0
0
0
34.6
0
0
5.4
0
2.3
0
0
1.5
0
0
0
4.6
0
0
0.6
0
0
1.7
0
0
0
0
13.9
0
0
0
0
12.8
0
0
0
0
10.8
2.8
1.7
0
38.6
0
3.6
2
0
0
0
0
0
0
0
0
0
0
0
0
18.2
2.7
10
0
0
0
0
0
0
0
0
0
1
0.2
0
0
0
0
0
0
0
0
0
0
0
0
0
0
7.8
2.7
2.2
0
0
0
0.2
0
16.7
0
0
0
0
4
0
0
1.7
8.2
9.7
0.5
0
0
0
31.2
0
0
0
0
0
0
0
0
0
0
0
14.2
3.5
10.9
0
0
36.5
3.6
0
0
0
1.1
0
0
3.2
0
0
0
0
0
0.4
0
0
0
0
0
0
0
0
0
0
0
0
0
0
0
0
0
0
0.6
0
0
0
0
0
0
0
0
0
0
0
0
1.4
2.8
0
0
0
0
0
0
0
0
0
1.2
0.8
0.5
0
0
0
24.7
0
0
0
0
0
0
0
0
0
0
0
0
0
0
0
0
0
4.1
0
0
0
11.2
11.4
10.7
0
0
0
0
0
0
0
0
0
0
2.9
0
0
0
0
0
0
3.8
0
0
0
10.8
1.8
0
0
0
0
7.4
0
0
0
0
0.2
0
0
0
0
0
0
0
0
0
0
0
0
0
0
0
0
0
0
0
0
0
0
0
0.5
0.9
0
0.6
0
0
0
0
0
0
3
0
0
0
0
2.4
0
0
0.2
0
0
0
0
1
15.4
0
0
0
0.7
10.4
0
4.6
0
0.6
0.9
0
0
0
0
1
9.6
0
0
0
0
0
1.5
0
0
9.6
0
0
0
0
0
0
0
0.2
0.2
8.2
0
10.7
0
0.5
3.4
0
0
0
0
1.9
2.5
0
0
0
0
0
0
3.8
0
0
0.3
0
15.4
0
0
32.4
0
13.7
3.1
0
0
0
0
0
47
0
0
0
17.3
20.3
0
0
0
0
0
0
0
0
0
0
1.8
15
0
0
0
0
0
0
0
0
0
0
17.2
0
13.7
0
0
0
0
0
0
0
0
0
0
0
0
10.2
0
0
0
0
0
0
0
6.7
5.2
0
0
0
8.7
0
0
3.9
0
3.7
3.2
0
0
0
10.9
1.2
0
15.4
13.9
27.4
6.8
41
33
0
0
0
0
0.9
1.8
0.8
0
0
0
0
0
0
1.3
0
2.6
0
0
0
0
0
0
0
0
0
0
0
0
0
0
0
0
26.3
6.4
0
0
0
3.4
0
0
0
0
0
0
0.9
0
1.1
8.5
5.6
4.3
0
0
0
26.8
0
0
0
0
1
0
0
0
0.5
0
0
0
20.9
0
0
0.3
25.3
0.6
0
0
0
0
0
0
0
17.5
0
0
0
20.3
0
5.5
15
1.2
0
0
0
0
0
0
0
0
0.6
0
0
17.4
0
0
0
11.9
0
0.5
0
0
0
0
0
7.6
2.1
0
0
1.3
1.1
0
0
1.1
0
0
0
0
0
0
0
0
0
0
0
0
0
0
8.8
8.3
5.8
0.3
0
13.7
19.2
0.8
0
0
0
6.5
0
0
0
0
6.6
0
6.7
2.8
1.5
5.9
2.7
0
0
1.9
0.2
0
0.5
3.1
0
0
2.6
0
6.8
0
0
0
0.7
0
3.9
5.7
9.7
5.8
19.2
2
0
0
0
0
0
0
0
1
1.5
0.2
11.7
1.2
28.7
0
0
0
0
1
0
0
0
0
0
0
1.1
0
0
0
0.3
1.6
0
0
0
0
0
0
0.7
0
8.5
0
0
0
0
0
19.7
0
33.5
0
0
0
0
0
0.6
0
6.7
1.8
15.2
0
0
0
0
0
0
0
0
0.7
0
0
0
0
0
4.2
0
0
28.6
0
0
0
9.2
0
36.4
83.2
0
0
0
24
17.5
3.4
0
0.2
0.8
0
0
0
3.8
1.1
0.7
1.3
0
0
8.5
0
10.8
0
0
0
6.5
0
0
23.3
0
2.2
0
31.3
8.8
0.5
0
12.7
0
0
0
0
0
0
3.4
9.4
0
0
1.1
0
0
0
0
0
0
0
0
0
0
0
0
0
0
0
20.7
0
0
0
9.1
0
0
0
0
0
0
0
0
0
20.6
9.2
0
0
0
0
0
0
3.2
9.7
6.3
19.7
0
0
0
0
0
0
0
0
0
2.3
0
0
0
0
0
0
0
0
12.3
0
0
0
0
0
0
0
0
0.7
0
0
0
0.2
0
0
0
0
0
0
0
0
0
0
0
0.7
0
0
0
0
0
0.3
0
0
0
24.7
1.3
0
0
0.4
1.3
0
0
0
0
0
0
0
0
0
0
0
0
0
0
0
1.6
3.7
8.4
0.4
0
0
0.6
26.1
17
0
0
0
0
0
0
0
0
0
0
5.6
0
0
0
0
0
0
2.1
0
0
0
0
0
0
0
0
0
0
0
0
0
0
0
0.5
0
0
0
0
0
1.6
0
0
0.5
0
0
0
0
0
0
0
0
9.7
5.5
0
0
0
4.6
0
0
0
0
3.2
0
0
0
3.3
0
0
23.7
0
0.7
0
0
0
0
13.8
0
0
0
0
0
0
0
0
0
0
2.1
0
0
0
0
0
0
0
0
0
0
16.2
0
0
0
0.2
0
0
1.6
0
0.6
0
0
0
4.2
9.6
0
0
0
0
0
0.7
11.2
0
0
0
0
0
0
0
0
0
0
8.1
0
0
0
0
16.8
3.6
0.3
0
0
0
0
0
0
0
0
0
0
3.1
0
0
0
11.9
0
0
0.7
0
0
19.3
13.6
13.7
0
0
0
11.6
5.7
0
5.3
0
6.4
22.3
0
0
0
0
0.7
0
0
0
0
0
0
7.2
13.7
59.5
2.3
0
0
0
0
0
0
0
0
0
2.6
0
0
0
0
0
0
2
15.9
5.8
11.7
0
0
18.2
10.7
0
0
0
0.3
0
0
0
0
0.5
7.6
0
0
0
31
0
0.8
0
0
0.9
0
0
0
0
9.2
2.1
0
0
0
0
0
0
0
41.2
8.4
6.5
0
0.3
17.6
0
6.2
4.4
0
0
0
0
0
0
0
0
0
15.9
0
0
1.3
0
0
0
0
0
0
0
0
0
0
0
0
0
0
0
0
8.3
0
0
0
8.4
9.8
12.3
3.2
0
0
0
0
0
0
0
0
0
0
0
0
0
1.1
0
6.2
0
0
0
1.1
0
0
21.9
0
0
0
0
0
0
3.7
11.2
0
0
0
0
0
0
0
0
0
0
0
0
0
0
0
0
0
1.5
5.5
1.8
0
0
0
4.7
6.1
25.1
5.4
0
22.4
4.8
2.1
0
12.8
6.6
0
7.3
4.3
4.2
0
0
13
0
0
0
0
0
0
5.6
0
0
0
3.9
15.9
0
0
0
0
0
0
15.7
0
0
3.2
8.6
0
0
0
0
0
0
0
17.1
31.1
0
0
0
0
0
0
0
0
0
0
0
0
0
0
0
0
0
0
0
0
0
0
0
0
0
0
0
0
0
0
0
0
0
0
0
2.5
13.4
0
0
0
0
0
0.9
2.9
0
0
0
0
0
0.5
0
0
0
0
0
0
0
0
0
0
0
0
0
0
11.5
23.3
0
0
0
5.3
1.3
11.4
0
2.4
0.8
0
0
0
0
0
0
0
0
0
0
0
0
0
0
0
0
0.9
0.7
5.1
0
0
0
0
0
0
0
0
0
0
0
0
0
0
0
0
0
0
4.9
0
0
0
0
0
5.1
0
0
0
0
0
0.7
0
0
0
7.2
10.3
7.4
7.2
0
0.2
3.3
0
0
0
0
0
6.5
0
0
0
0
4.6
0.9
0
2.1
0
0
0
4.2
0.3
5.5
0
0
0
0
0
1.5
0
0.3
1.6
1.2
1.3
0
1
0
0
8.4
0
0
0
3.1
0.3
0.7
1.1
23.5
6
5.4
0
0
0
0
12.7
0
0
0
22.3
0
0
2.7
0
0
0
12
0
0
0
0
10.4
0
0
0
0
13.2
3.4
0
1.8
0
18.2
0
0
55.7
21.8
6
0
0
0
0
0
0
0.6
21.4
4.7
32.4
9.5
0
0
0
0
4.5
0
6.8
3.4
0
0
10.5
0.8
1.3
0
0
0
0
0
0
0
0
0
0
0
24.4
0
0
0.5
0
0
0
0
0
0
0
0
0
0
0
0
0
0
0
0
0
0
0
0
1.1
42.2
0
20.3
0
0
0
0
0
35.1
0
4.2
2.1
12.1
0
0
4.1
19.8
3.3
7.7
2.8
13.7
0.6
0
0
0
0
0
0
0
1.7
0
0
6.9
0
1.7
0
0
0
0
0
0
0
0
0
0
0
0
0
0
0
0
0
16.2
0
0
2.2
0
0
0
0
0
0
0
0
0
0
0
0
0
3.8
0
0
0
0
5.5
34.4
0
0
0
0
0
0
1.4
0
0
0
0
0
0
0
15.1
1.1
0
0
9.2
4.6
