20010101
1.35
1.77
1.39
2.09
2.68
4.58
2.4
2.64
3.17
1.62
1.71
2.27
2.06
1.8
1.12
0.73
1.17
0.65
0.93
1.23
1.02
1.56
1.73
1.95
1.55
1.44
2.83
0.78
2.47
5.73
6.39
5.6
1.66
2.08
2.8
3.43
2.94
5.2
5.27
2.86
4.18
2.2
1.5
2.42
3.47
1.02
0.78
2.31
2.91
3.62
2.61
2.07
3.01
2.04
1.74
1.45
2.54
1.93
2.83
1.18
1.8
3.46
4.25
3.04
1.85
1.88
3.92
3.47
2.32
2.11
2.84
3.05
1.53
2.14
2.62
4.77
2.6
3.1
2.23
1.71
1.47
2.1
1.96
3.27
3.25
3.15
1.47
2.34
2.95
2.43
1.51
1.51
1.65
2.63
3
1.44
2.56
1.96
4.8
1.81
1.58
4.29
4.45
3.96
2.39
1.92
2.79
2.17
2.32
1.47
2.45
3.05
2.48
2.16
2.62
2.36
1.54
1.37
1.83
1.66
1.76
1.44
1.31
1.3
1.16
3.06
3.97
2.85
1.71
1.44
2.39
3.87
1.55
2.28
2.97
2.57
3.99
2.66
1.44
0.9
0.85
1.39
1.55
1.19
1.38
2.45
1
1.21
1.57
1.5
1.63
2.77
1.92
2.37
3.53
1.67
1.64
1.17
2.49
1.63
1.96
2.31
1.26
1.35
1.35
1.27
2.07
1.85
2.71
5.97
5.75
2.61
1.31
1.7
1.21
1.41
1.2
1.24
1.41
1.43
1.54
1.43
3.46
2.51
0.79
0.93
1.88
3.24
1.55
1.16
1.53
1.9
1.71
1.32
1.49
1.76
2.07
1.41
1.42
2.29
1.99
1.5
2.69
2.27
1.51
1.76
1.69
1.35
1.07
1.37
1.7
1.04
1.38
1.4
1.89
1.84
2.82
0.87
1.03
2.06
1.11
3.15
1.46
2.03
0.88
0.77
1.23
1.34
1.19
1.01
1
1.38
1.75
1.73
1.81
1.24
0.71
0.73
1.41
2.41
1.76
1.15
1.01
1.01
1.39
1.3
1.75
3.72
3.18
1.66
1.42
2.69
1.19
0.95
1.44
2.55
3.46
1.77
1.54
2.27
1.65
1.83
2.68
1.27
0.99
1.12
2.29
1.62
1.5
0.9
1.14
1.16
0.94
1.02
2.33
2.49
1.71
0.93
0.67
1.84
2.75
1.31
0.75
0.73
0.63
0.46
0.6
0.66
0.63
0.44
0.81
0.51
1.28
2.64
1.12
0.79
0.91
0.65
0.99
0.83
0.65
0.48
0.85
2.02
1.72
2.8
0.78
1.1
0.58
0.65
1.23
2.45
2.52
3.09
1.08
0.86
2.89
5.24
1.45
1.14
0.93
0.99
1.52
2.15
0.84
2.14
2.82
1.88
2.5
0.81
1.23
0.89
1.12
1.95
1.05
0.69
0.64
0.95
1.01
1.48
3.22
2.47
1.59
0.67
0.78
1.38
4.19
1.86
1.06
3.57
2.32
1.22
0.6
1.29
1.65
1.22
1.51
0.94
1.47
1.8
2.44
1.86
3.87
2.43
1.49
1.3
2.26
5.13
0.97
0.84
0.85
0.87
0.85
0.87
0.58
1.13
0.98
0.84
1.31
1.11
0.64
0.91
0.4
1.18
1.08
1.33
1.95
3.33
4.09
1.33
1.47
3.88
1.28
1.42
1.23
3.24
1.03
1.31
1.95
1.34
1.12
3.65
1.39
1.03
1.43
1.91
2.08
1.87
2.02
2.73
2.09
1.26
0.96
0.9
1.96
3.31
3.98
3.62
2.2
2.31
2.88
4.2
4.1
2.09
1.39
1.46
1.61
1.3
2.29
2.79
4.49
2.03
1.66
1.72
1.25
1.92
1.47
3.19
2.67
1.61
1.86
1.56
1.8
2.09
2.14
2.48
5.04
6.34
7.34
5.41
4.61
2.91
1.15
1.15
1.31
1.22
1.69
2.8
2.6
3.56
3.61
1.93
1.35
2.22
2.61
1.01
1.81
1.63
1.97
1.8
1.64
2.66
2.27
1.67
2.55
3.88
3.42
2.48
2.82
2.16
1.97
1.7
2.88
3.02
1.84
3.04
3.07
1.64
2.03
1.49
0.97
1.35
2.36
1.19
2.53
2.58
1.52
1.21
1.66
1.52
0.93
2.3
1.49
1.96
2.25
1.05
2.18
3.78
1.76
1.44
1.61
1.21
1.5
2.43
2.85
1.18
1.83
2.46
1.59
0.93
2.25
2.28
4.66
1.68
1
2.82
2.94
1.06
1.89
1.23
1.21
1.69
1.15
1.05
1.33
1.46
1.16
1.4
1.78
2.45
1.97
1.36
2.15
1.54
1.31
1.39
2.23
3.37
1.76
1.91
1.18
1.89
2.12
1.11
1.4
1.5
3.37
2.43
1.39
2.69
1.21
1.77
1.65
1.09
1.07
1
1.91
1.36
1.42
1.58
2.07
2.52
2.49
1.39
1.39
1.2
1.3
0.93
1.13
0.71
0.98
0.97
1.1
1.15
0.94
1.06
1.69
2.13
2.91
1.91
0.85
1.79
2.29
2.05
1.03
0.82
0.86
1.25
0.81
0.61
0.79
0.72
0.86
0.87
0.82
1.06
0.76
0.72
1.46
3.05
0.85
0.91
0.93
1.58
1.18
0.7
1.09
1.13
2.1
3
0.94
1.15
1.81
1.76
0.94
0.98
0.81
0.95
1.18
1.2
1.82
3.28
1.94
1.08
1.26
3.08
3.45
1.54
0.67
0.49
0.68
0.55
0.98
0.76
1.93
1.32
0.57
0.86
1.55
2.17
0.94
1.21
0.76
2.95
4.27
1.92
0.91
1.42
2.87
2.86
3.54
1.37
2.4
2.67
2.48
2.77
1
1.82
1.34
0.74
1.04
1.66
1.18
3.65
2.59
0.89
0.64
1.93
1.33
2.96
1.58
2.89
3.64
4.94
4.86
3.03
1.1
3.49
1.46
2.73
1.74
1.18
2.62
1.41
1.22
0.66
0.89
1.41
1.11
0.69
1.93
1.68
2.98
3.17
3.37
3.08
2.32
2.66
1.18
1.2
1.65
1.35
1.07
1.47
0.78
1
2.31
1.97
1.31
0.9
1.08
1.89
2.13
1.46
1.8
2.04
2.03
1.22
2.38
2.9
2.11
2.7
1.25
1.42
4.27
1.86
4.05
1.12
1.65
1.34
3.03
0.96
1.22
1.05
0.78
0.76
0.86
0.86
0.77
1.02
2.06
0.86
0.88
2.25
2.75
1.25
1.27
1.42
2.06
1.33
3.23
3.95
1.16
2.71
3.08
5.14
4.5
1.76
1.13
1.52
0.67
2.87
2.68
1.74
1.45
3.36
2.8
2.03
2.85
2.75
1.97
0.86
1.23
0.98
0.45
1.04
1.81
3.03
0.96
0.98
1.15
1.86
1.48
1.1
2.23
0.96
0.75
1.33
1.37
1.86
2.61
4.8
4.71
4.1
4.44
1.74
4.19
1.95
3.07
4.13
1.58
1
0.9
1.18
1.25
1.48
1.18
1.06
0.94
2.64
1.93
3.62
3.36
3.84
3.24
5.5
5.46
4.39
2.38
3.07
1.48
1.29
3.42
1.61
1.54
2.03
2.13
3.62
2.25
2.32
2.01
1.64
1.8
3.12
1.45
4.05
2.14
2.9
3.17
3.09
1.98
2.03
2.44
1.3
1.66
1.66
1.26
1.09
2
1.44
1.49
1.39
2.13
3.24
2.16
1.07
1.61
1.07
2.45
2.53
3.06
4.24
2.34
1.2
0.98
1.79
2.2
2.59
2.29
1.03
1.08
1.41
0.91
0.81
1.01
1.68
1.14
1.42
1.16
1.81
0.94
1.29
1.04
1.81
1.48
1.46
1.41
1.16
1.11
2.35
1.62
1.44
1.04
1.47
1.99
1.44
1.35
1.19
0.9
1.18
2.11
3.27
1.46
1.36
1.16
1.18
1.27
1.75
1.68
1.55
1.33
1.76
1.23
1.59
1.47
1.22
1.73
1.9
2.82
2.91
1.13
1.77
1.57
2.04
1.12
1.3
0.83
2.03
3.16
3
2.6
2.1
1.99
1.4
0.69
0.76
1.25
1.06
1.41
0.71
1.57
1.02
1.99
0.85
1.26
1.42
1.79
1.19
1.11
1.42
1.14
0.75
0.99
0.87
1.15
1.35
1.5
0.84
1.38
1.76
2.99
1.61
1.58
1.02
1.59
2.13
0.93
1.11
1.39
1.81
1.3
1.51
2.41
1.5
2.64
3.84
3.08
1.54
0.76
0.79
0.7
0.97
1.25
1.24
1.97
3.51
3.4
1.68
0.8
1.25
2.61
1.85
1.21
1.94
1.48
1.26
1.19
3.09
2.07
2.21
2.1
2.6
1.33
1.03
1.56
0.89
1.69
0.86
1.97
1.35
1
1.3
2.27
2.18
1.13
1.97
2.2
1.04
1.17
1.06
1.15
2.31
1.05
3.47
3.17
2.17
1.39
0.71
1.31
1.38
2.14
1.4
0.72
1.66
1.43
0.96
0.78
0.88
0.59
1.12
2.4
0.76
1.12
0.82
0.61
2.56
5
3.72
2
1.11
2.03
1.78
1.73
1.06
2.15
1.68
1.32
1.75
1.24
3.14
3.56
1.12
0.9
0.7
1.19
0.92
1.35
1.62
1.71
2.96
1.86
0.66
0.97
0.76
3.75
1.51
6.05
3.87
1
1.06
1.63
2.63
1.42
0.68
2.12
2.8
3.7
3.8
1.03
2.69
1.5
1.25
1.19
1.94
1
1.93
1.81
2.66
1.85
1.28
3.14
3.04
1.08
1.79
2.17
3.58
4.15
2.01
1.46
0.59
1.7
1.89
1.53
0.61
1.62
2.83
1.56
1.3
0.9
0.96
1.36
1.13
2.83
2.52
3.29
2.27
2.86
5.02
1.17
0.88
1.8
2.17
1.04
1.16
2.74
1.9
1.61
1.77
2.71
3.62
2.86
1.2
1.58
2.56
2.72
3.55
1.35
1.38
2.8
2.68
1.89
1.61
4.43
3.69
1.21
1.85
1.13
2.8
2.41
0.86
0.92
0.82
1.68
1.82
2.34
4.94
1.64
2.59
2.45
2.17
3.34
2.31
0.93
0.89
1.09
1.48
1.66
1.9
1.51
1.66
1.73
2.09
1.46
1.65
1.22
0.65
1.97
3.15
3.09
3.01
1.48
2.58
1.27
1.66
2.5
2.76
1.21
0.94
1.44
3.25
4.26
2.13
1.34
1.68
3.05
1.4
1.13
1.33
1.99
1.51
2.08
1.98
1.56
1.02
1.67
0.92
0.9
0.88
2.97
3.86
1.1
3.14
1.58
0.91
0.88
1.19
1.81
2.47
1.31
1.35
1.16
2.09
2.15
2.36
2.24
1.65
0.71
1.11
1.24
1.48
1.71
0.71
1.99
1.5
0.73
1.42
1.01
1.22
1.46
1.83
2
1.02
1.75
1.24
1.63
1.36
2.04
0.96
1.44
1.76
1.18
2.1
1.02
1.34
1.09
1.22
1.26
2.37
1.18
1.2
1.41
1.49
1.81
1.36
2.19
1.9
2
1.15
0.88
1.71
0.94
0.5
1.23
1.24
1.25
1.59
1.69
1.07
1.07
1.11
1.5
2.62
1.37
2.77
2.6
2.66
1.63
1.67
0.73
0.83
0.88
0.61
0.62
1
0.66
0.79
0.98
0.62
1.21
1.46
1.39
1.39
1.18
1.28
1.74
3.42
2
2.12
1.53
1.89
1.02
1.81
1.05
1.52
1.76
0.98
1.34
1.09
1.87
0.49
0.48
0.74
1.24
1.32
1.06
0.65
2.02
2.81
1.25
1.77
2.04
1.35
1.89
1.89
2.14
1.6
0.98
0.85
1.45
1.38
1.75
2.02
1.78
2.13
2.28
1.62
0.99
1.52
1.36
0.67
0.81
0.54
1.2
1.05
1.05
0.35
0.88
1.44
1.66
1.57
1.68
1.46
0.81
1.77
1.49
1.58
1.6
1.15
0.86
0.82
1.06
0.56
1.1
1.01
1.7
1.17
2.57
3.07
2.09
1.52
0.71
0.36
0.73
1.02
0.76
1.48
0.83
4.2
2.08
1.9
1.32
0.82
2.96
6.69
4.08
1.37
1.58
1.46
3.95
1.92
1.43
1
2.29
2.59
1.6
0.74
0.69
1.81
1.88
1.68
0.82
2.43
1.37
0.72
0.87
1.04
1.01
1.37
0.76
0.89
1.67
0.84
0.54
0.65
1.45
1.54
0.93
0.9
1.89
3.21
0.74
0.66
1.43
1.13
3.48
2.02
1.21
0.97
2.8
2.36
0.77
0.56
1.24
1.23
1.38
0.76
1.4
1.76
1.16
0.69
0.99
0.57
0.48
0.46
0.88
2.61
0.88
1.48
1.79
0.9
2.25
2.72
1.94
1.03
1.17
4.92
7.34
4.29
1.34
4.08
3.37
1.52
2.49
1.61
0.93
1.83
1.08
0.53
0.62
0.64
0.64
1.21
0.8
2.45
2.37
1.71
5.27
2.95
5.48
2.94
0.87
1.14
2.14
1.4
1.94
2.33
1.73
1.28
5.32
3.55
1.1
1.14
1.5
1.66
1.7
1.85
1.07
1.17
1.34
3.67
2.21
3.25
1.71
2.13
1.17
1.27
1.46
1.55
3.03
1.73
0.97
1.61
1.35
1.46
1.72
1.78
2.34
3.29
0.98
1.25
2.36
2.41
1
1.34
1.92
2.14
1.75
4.19
5.46
2.59
5.11
3.32
1.61
1.62
1.79
2.14
3.14
1.47
2.17
2.05
1.95
5.11
2
2.37
3.42
4.03
2.76
2.15
1.85
2.08
0.92
1.43
1.03
1.82
1.42
1.28
2.72
1.67
2.19
1.37
1.18
1.91
0.91
1.55
2.2
1.01
1.29
2.06
2.51
4.13
1.74
1.23
1.77
1.6
2.75
3.02
1
1.11
1.02
0.93
1.84
3.24
1.47
1.08
1.81
1.94
1.4
1.12
2.17
4.4
5.29
3.43
1.51
1.76
2.61
2.59
1.25
1.81
1.55
1.52
2.93
1.58
1.39
1.23
1.79
1.36
1.65
1.37
0.88
1.34
1.35
1.34
1.66
2.78
2.42
1.43
1.67
1.36
0.98
2.21
1.38
0.94
1.86
3.35
2.18
1.56
0.82
1.57
1.41
2.19
1.76
1.31
1.42
1.29
1.11
1.02
1.96
1.22
0.83
1.39
1.5
1.11
2.9
0.91
0.91
1.45
2.67
3.48
0.8
1.27
1.49
1.59
1.55
1.09
0.95
1.16
1.01
1.57
1.22
2.45
1.01
0.56
0.68
1.35
1.19
0.51
0.59
1.02
1.33
0.92
0.61
0.5
0.51
0.44
0.58
0.72
1.01
0.76
0.57
0.97
1.82
2.12
1.85
1.43
1.42
1.93
1.11
1.34
0.75
2.14
3.13
2.85
1.71
2.75
1.91
0.85
0.51
0.4
0.56
0.58
0.91
0.66
0.88
2.48
1.34
0.75
1.23
1.42
2
1.17
1.35
1.39
0.73
0.68
0.56
0.52
0.36
0.53
0.57
2.44
2.36
0.93
0.85
1.23
2.67
2.19
2.2
1.05
2.25
0.97
0.56
0.92
1.4
1.35
1.24
0.87
0.57
1.03
1.34
0.77
1.45
0.52
0.57
0.78
0.75
1.57
1.55
0.99
1.4
2.7
1.17
1.22
0.63
1.97
1.05
1.49
2.61
3.98
2.29
1.96
0.74
1.33
0.75
1.03
1.73
1.26
1.42
2.34
2.11
1.68
2.57
0.59
0.96
1.83
3.17
1.46
0.52
0.53
0.82
1.5
2.78
1.62
1.81
1.57
1.03
2.24
0.81
0.71
0.59
0.9
0.58
1.92
1.39
1.86
2.22
2.36
1.04
1.9
0.69
2.93
1.71
0.38
0.78
1.25
0.55
0.33
0.46
0.51
1.03
0.64
0.9
1.33
0.85
1.62
2.25
0.62
0.79
4.01
4.36
1
1.46
0.91
0.47
0.7
0.77
0.72
1.2
0.82
0.7
0.81
1.14
2.82
2.22
2.01
1.38
1.12
0.75
3.2
1.74
1
0.84
2.23
3.02
1.52
2.03
2.65
3.02
1.59
2.8
2.2
3.66
2.62
2.31
2.36
1.15
1.92
1.54
3.51
3.54
3.09
1.96
2.84
2.21
4.09
1.33
1.16
4.94
7.88
4.38
2.3
0.89
1.91
1.03
1.54
1.11
2.65
3.03
5.68
2.35
1.25
1.3
2.61
3.07
2.59
2.61
1.89
1.47
2.12
2.08
1.74
2.31
4.31
1.87
2.03
3.27
3.29
5.15
5.29
2.48
1.85
2.2
2.15
1.03
1.9
3.44
1.63
1.4
1.26
1.94
1.18
1.54
1.33
1.73
2.07
3.19
3.41
1.13
1.15
1.22
1.81
1.11
2.21
1.57
1.22
1.08
2.76
2.19
1.32
1.98
1.19
1.13
1.47
1.58
2.05
1.39
1.35
1.51
2.67
2.6
1.79
1.24
1
1.48
1.62
1.49
1.21
1.59
1.57
4.63
3.61
3.12
1.25
1.19
2.52
1.98
1.43
1.67
1.4
0.97
1.25
1.39
0.79
1.1
0.97
1.09
1.32
1.34
1.08
1.8
2.08
0.96
1.75
1.9
1.46
1.15
1.98
1.46
3.74
2.94
1.25
1.19
1.44
1.52
1.09
1.86
1.07
1.73
0.97
1.3
1.22
2.09
4.04
3.01
2.21
0.88
0.96
1.28
0.93
0.91
1.21
1.23
1
0.89
1
1.08
2.04
1.01
1.02
1.25
0.88
1.29
1.22
1.07
1
1.27
1.38
1.3
1.15
0.94
1.27
0.97
1.3
1.36
1.51
2.13
2.97
1.11
1.56
1.03
1.16
1.11
1.56
0.96
0.85
1.09
1.19
1.72
1.3
2.11
1.1
1.25
1.14
1.04
1.17
0.93
1.63
2.8
1.1
0.96
1.04
1.22
0.96
1.68
1.62
1.46
1.22
1.04
1.2
1.77
0.71
1.16
0.93
1.01
1.3
1.7
1.56
0.97
0.92
0.89
0.91
1.07
4.83
1.85
1.04
0.8
0.96
2.11
0.75
0.72
0.73
0.55
0.66
0.83
0.95
2.04
0.96
1.31
2.33
2.89
2.01
1
4.23
3.02
0.9
1.22
0.81
0.71
1.39
3.09
1.63
1.16
2.84
1.72
1.14
1.97
1.04
1.02
0.73
1.1
2.57
1.57
1.23
1.61
1.25
1.04
3.47
2.81
2.76
0.82
0.81
1.97
2.49
1.8
2.19
4.74
0.94
0.62
0.83
0.95
1.31
0.81
1.93
0.68
0.95
1.09
3.95
1.96
3.46
2.81
1.14
0.76
1.12
1.34
1.64
1.05
0.83
0.87
3.2
4.46
1.91
2.28
0.54
0.84
0.95
3.07
2.02
0.84
0.98
0.67
1.18
0.75
2.71
1.36
1.53
1.78
1.16
1.12
1.92
1.58
0.95
2.34
2.47
2.96
1.92
1.03
1.4
1
1.21
4.62
2.96
1.03
1.4
1.56
1.55
2.72
0.73
0.71
1.05
1.95
2.27
1.48
1.54
3.64
1.63
4.13
3.32
1.97
1.75
1.31
4.09
1.43
1.14
1.24
2.42
2.11
2.09
1.7
3.71
2.1
2.17
1.42
1.58
1.27
1.06
1.19
2.81
2.1
1.48
1.32
2.13
3.5
1.81
1.79
2.5
1.75
2.21
2.28
2
3.31
4.09
4.06
0.72
0.79
2.84
2.42
0.97
1.49
3.8
2.72
1.67
1.02
1.55
4.06
2.68
2.61
2.76
2.1
2.49
1.24
1.6
1.79
1.75
1.35
1.81
3.76
1.99
1.64
1.65
2.01
1.51
1.75
1.63
1.01
1.18
1.3
1.71
1.89
1.57
2.82
1.37
1.46
1.99
1.34
1.74
1.68
2.41
1.33
1.27
1.25
2.71
2.47
2.1
1.53
1.75
1.93
0.95
1.21
1.21
1.49
0.95
1.08
2.49
1.17
1.61
3.45
1.85
1.24
1.63
4.22
1.61
1.16
0.94
1.77
2.5
1.84
1.15
2.01
2.9
1.64
2.28
1.29
0.83
1.54
1.26
1.34
1.17
1.78
1.63
0.97
1.15
0.83
1.02
0.94
1.4
0.79
1.6
3.4
1.53
1.43
2.34
0.91
1.34
2.26
2.51
1.35
1.39
2.31
2.5
1.61
1.15
1.28
1.24
1.93
2.73
1.65
2.05
2.08
1.63
1.45
1.17
2.2
1.76
1.25
1.06
1.04
1.03
1.48
2.41
1.44
1.21
1.2
1.22
1.48
2.95
2.08
2.31
1.34
1.11
1.52
1.51
0.88
1.73
1.05
0.95
1.37
1.7
2.73
2.15
0.69
0.95
1.18
1.02
1.67
1.09
0.79
0.78
0.92
1.13
2.15
2.75
1.32
0.74
1.23
1.65
1.42
1.56
0.73
1.1
0.89
0.94
1.62
0.98
1.83
0.76
1.43
0.99
1.75
2.63
4.42
2.16
2.03
2.1
1.5
1.87
2.29
1.57
1.18
1.39
1.07
1.49
1.99
2.78
2.09
0.94
0.79
1.1
0.93
1.13
1.12
2.1
1.73
2.82
2.77
1.1
0.69
0.72
0.64
0.6
0.64
1.83
1.59
0.68
0.83
0.72
1.57
0.59
2.5
1.18
1.48
0.6
0.81
1.1
2.76
2.3
2.97
5.48
3.99
1.68
1.11
1.06
1.18
1.27
1.21
0.85
3.01
2.69
0.78
0.72
2.15
2.62
0.86
1.91
0.94
1.9
2.01
2.21
1.81
1.59
1.53
5.09
3.19
3.39
2.7
0.84
1.97
2.98
3.49
3.44
1.84
0.98
1.61
1.26
0.93
0.95
0.79
1.18
1.57
3.08
1.1
0.92
0.83
2.14
1.73
1.39
0.79
1.28
4.35
5.63
5.13
3.45
2.39
2.05
0.54
0.95
1.09
1.11
1.35
0.42
0.72
0.78
0.4
0.47
1.41
1.66
0.78
0.72
1.72
0.66
1.57
2.17
1.59
1.02
1
0.95
0.8
0.86
1.47
2.54
1.92
1.62
3.4
3.36
1.21
0.8
1.13
0.97
0.91
2.49
3.04
1.47
1.09
1.01
3.09
3.15
0.84
1.56
1.05
4.42
3.42
1.2
2.33
1.57
1.4
3.7
3.25
1.4
1.64
0.75
0.93
0.94
2.15
3.53
5.15
1.82
1.3
1.25
1.96
1.46
1.63
1.46
1.88
1.36
2.07
2.11
1.84
1.84
5.12
3.02
1.79
2.76
4.5
2.5
1.31
1.38
1.55
4.06
2.02
2.57
2.4
2.08
1.75
3.85
2.51
1.83
1.39
1.35
4.32
1.86
1.38
2.2
1.97
2.27
1.16
2.07
1.12
2.07
1.8
2.59
1.65
3.23
5
2.5
2.21
3.24
1.28
3.1
4.86
4.69
2.72
1.52
2.02
2.89
2.14
2
2.6
3.52
1.61
2.41
2.42
3.53
1.99
1.43
3.37
1.81
1.87
2.84
3.17
2.05
1.29
2.37
2.09
2.11
2.21
1.31
1.59
1.24
1.49
1.34
0.84
0.9
1.19
2.07
2.3
3.33
1.7
2.29
2.53
1.51
1.25
0.95
1.26
1.36
1.22
1.45
2.17
1.84
1.31
1.83
1.17
1.48
1.32
0.96
1.67
1.68
1.95
1.28
0.93
1.16
1.39
1.69
2.11
1.76
1.34
2.28
1.1
1.23
1.05
0.87
1.02
1.83
1.61
1.56
1.71
1.82
1.69
1.26
1.38
1.5
1.1
1.29
2.38
1.65
1.31
2.18
2.86
1.42
1.38
1.07
2.08
1.88
1.83
2.91
2.31
1.2
2.05
1
1.75
1.58
1.25
1.76
4.85
3.76
1.66
2.27
1.61
1
0.93
0.87
0.87
0.92
1.07
0.82
1.82
0.97
0.74
1.06
1.32
1.52
0.99
1.4
3.08
2.32
1.03
1.92
1.72
0.69
0.76
1.26
1.9
0.82
1
2.18
1.06
0.88
0.5
0.54
0.68
1.08
1.36
0.99
1.1
0.91
1.71
3.25
3.56
4
1.97
1.85
0.89
1.31
1.07
1.44
2.66
1.51
2.92
4.05
3.44
1.43
2.32
4.83
2.58
1.21
0.94
1.24
2.31
3.99
1.57
0.65
1.3
1.99
2.85
1.67
1.83
1.47
1.23
0.95
0.79
0.94
0.61
0.82
0.62
0.4
0.51
0.5
0.58
2.2
1.53
1.05
0.4
0.62
0.72
0.91
2.58
0.67
1.02
0.64
1.3
1.82
2.92
3.87
2.32
1.62
1.08
1.57
0.95
1.41
0.84
0.68
1.02
1.23
0.92
1.31
0.72
1.85
1.4
0.56
0.58
2.14
0.79
0.66
2.11
1.67
1.65
1.8
2.81
1.24
0.99
1.51
1.53
1.88
2.37
2.84
1.08
1.25
1.3
3.5
1.15
1.04
1.09
1.39
2.4
1.43
3.26
1.92
1.35
1.36
0.79
1.03
3.2
1.59
1.52
1.85
1.2
1.21
1.34
2.19
2.17
2.1
1.63
0.65
1.38
2.43
1.11
0.92
1
0.84
0.74
0.55
1.09
1.47
0.93
0.86
1.52
1.55
1.09
1.07
0.76
0.94
1.04
1.71
2.51
3.13
1.78
1.11
1.93
0.6
1.49
0.65
2.86
3.41
4.29
3.55
1.82
1.21
1.12
0.82
0.58
2.2
2.94
1.94
2.69
3.23
3.26
2.38
3.55
3.99
5.43
4.47
1.72
2.91
5.84
4.44
1.46
1.51
1.41
1.61
2.15
1.77
1.24
1.41
1.46
1.7
0.81
0.41
2.51
2.67
1.94
2.96
2.28
2.07
2.07
3.42
2.1
2.43
1.34
1.14
2.92
1.21
5.18
1.85
4.35
4.98
2.08
2.2
2.48
3.21
1.44
3.71
4.57
2.17
2.45
1.88
1.2
2.5
1.43
1.19
1.21
1.18
1.38
1.9
1.2
1.76
1.99
1.95
2.05
1.39
1.36
3.02
2.93
2.09
1.31
1.08
2.34
1.98
1.95
1.45
1.64
3.02
2.91
2.09
1.74
2.91
2.99
2.62
1.36
2.13
2.64
1.45
1.21
1.65
1.33
1.22
1.83
2.17
1
1.58
1.12
2.04
0.89
1.33
2.31
1.51
1.51
1.38
1.2
0.98
0.93
1.64
1.97
2.04
1.99
1.36
1.6
1.47
2.02
2.08
1.21
1.19
2.75
1.87
1.1
2.65
1.7
1.66
1.67
1.47
1.34
1.58
1.88
1.05
1.67
2.19
3.1
3.12
3.3
1.98
1.25
1.42
1.44
1.18
1.53
1.5
1.76
1.54
1.3
1.21
1.46
0.91
1.42
1.28
1.18
1.2
1.05
1.16
1.01
1.18
1.76
1.43
1.7
1.18
1.77
1.25
1.52
1.76
2.69
3.3
1.57
1.96
0.89
1.9
1.55
1.1
1.15
2.06
0.91
1.88
1.82
1.85
2.32
2.39
1.23
0.84
1.13
1.51
1.03
0.79
1.22
1.02
1.15
1.24
0.77
0.91
0.72
0.81
1.09
1.88
2.36
0.75
0.96
0.79
0.88
0.69
2.1
1.06
0.65
1.33
1.23
2.58
2.27
1.4
2.13
1.14
1.41
1.44
1.66
2.3
3.12
1.58
1.31
0.77
0.83
1.29
1.06
0.91
0.88
0.77
0.63
0.79
0.7
2.26
0.97
0.66
0.69
1.01
1.06
1.02
0.87
0.73
1.45
1.28
1.8
1.06
1.29
1.48
0.85
1.04
2.28
5.32
3.21
2.11
1.24
1.16
1.27
2.3
1.38
3.05
2.87
2.23
2.69
0.88
0.58
0.85
0.55
0.54
1.91
0.46
0.62
1.04
1.85
2.08
1.38
2.02
1.68
1.36
1.05
2.58
1.03
0.78
0.97
3.29
0.95
0.84
1.54
1.06
0.72
0.86
0.79
1.31
1.55
0.92
1.41
2.3
2.38
1.29
3.43
3.11
2.06
0.9
0.87
0.9
0.87
0.99
0.81
1.65
3.32
1.73
1.63
3.6
2.23
1.84
2.47
2.15
0.77
0.86
2.09
0.82
2.47
2.75
3.82
2.52
3.76
1.25
1.3
1.18
1.01
1.92
0.85
1.54
3.06
1.64
1.33
1.38
0.9
0.73
1.76
1.05
0.67
1.43
0.99
0.99
0.91
0.83
1.03
1.03
0.83
0.83
0.9
2.07
1.86
1.35
1.09
1.53
1.37
1.01
1.46
2.1
1.85
2.91
1.32
1.22
3.1
1.65
2.46
3.27
3.91
1.66
1.64
2.81
3.24
2.87
2.71
1.75
1.73
1.21
1.45
1.54
1.49
1.92
1.8
4.13
2.99
1.09
1.19
2.82
2.11
5.45
1.62
2.19
1.51
2.18
4.8
2.11
3.26
2.88
3.35
3.02
1.55
1.11
1.58
1.96
2.89
2.46
1.75
1.26
3.28
4.47
3.49
0.75
0.91
0.95
2.52
4.59
1.67
1.76
2.62
3.87
2.5
2.19
2.02
2.49
3.91
4.79
4.74
1.47
1.02
1.81
3.27
2.88
2.72
0.87
1.4
1.59
1.45
2.65
1.38
1.44
1.53
2.17
2.07
1.38
1.42
1.29
1.57
2
2.1
1.8
1.72
1.9
2.59
1.86
1.07
1.75
2.74
1.86
1.37
1.22
3.13
2.07
1.66
0.88
1.82
4.57
2.88
1.9
2.23
1.52
1.9
2.53
3.17
2.27
1.59
1.85
2.3
2.07
0.82
1.71
1.45
1.79
2.69
1.37
1.5
1.63
1.32
1.6
1.23
1.36
2.79
3.43
3.66
2.78
1.85
1.99
1.27
2.29
1.26
1.79
1.51
2.74
4.73
5.25
4.2
2.26
1.22
1.45
2.71
1.79
1.8
1.87
1.31
0.89
1
0.86
1.31
1.79
2.77
1.13
0.95
0.87
0.96
1.1
1.23
1.17
1.04
1.39
1.18
3.72
2.5
0.8
1.18
1.31
1.3
2.04
2.17
1.72
1.62
1.3
1.59
1.38
1.5
0.82
1.13
1.47
1.61
0.99
1.44
0.92
0.8
0.84
0.64
1.11
0.89
1.21
0.9
1.42
0.99
1.23
1.04
0.71
0.81
0.71
0.9
1.7
1.18
0.94
1.43
2.16
1.12
0.9
1.23
1.57
3.98
0.92
0.78
1.15
1.55
1.03
1.19
1.56
1.28
2.5
2.32
0.84
1.18
2.06
1.8
1.26
1.1
0.86
1.64
0.86
0.86
0.65
0.99
1.36
1.43
1.41
0.86
0.98
0.98
0.82
0.75
1.02
1.72
2.06
1.87
1.35
0.73
0.84
0.58
0.61
0.6
0.53
0.6
0.65
0.95
0.6
1.57
2.29
2.13
1.14
1.07
1.19
1.79
3.24
3.44
3.74
1.46
0.86
1.48
3.44
2.76
1.5
0.87
0.78
1.15
1.19
0.69
2.28
1.86
2.5
2.62
1.8
2.98
2.57
4.72
3.74
1.55
1.4
1.85
1.14
0.69
1.08
1.44
1.06
1.52
0.92
1.4
1.69
1.46
1.23
1.28
1.79
1.69
1.42
1.05
2.52
3.69
3.27
3.41
2.98
1.76
1.56
1.49
4.01
1.6
1.06
1.84
2.13
2.04
2.14
2.46
2.11
2
1.52
1.31
2.88
2.75
0.92
1.42
0.88
0.95
0.74
1.19
0.84
0.79
1.16
1.36
2.8
4.51
3.66
3.72
1.57
0.87
0.92
1.25
0.74
0.99
0.86
0.89
0.85
1.18
3.88
4.24
4.05
1.71
1.32
1.68
0.86
1.77
2.01
0.94
0.83
0.78
1.2
0.96
1.13
1.64
1.23
1
1.08
1.13
0.86
1.26
1.83
2.55
1.22
1.22
1.69
1.44
1.48
2.13
1.97
2.13
3.11
2.08
3.55
2.63
3.97
1.83
1.27
0.97
0.91
2.03
0.81
0.9
1.14
3.51
3.43
1.51
1.59
1.28
1.19
3.5
4.41
3.45
2.64
1.54
3.79
2.34
4.62
5.23
2.44
1.07
2.8
1.51
1.46
2.19
1.38
0.79
1.17
1.28
1.1
1.1
1.34
1.5
2.65
3.31
1.14
1.85
2.59
4.4
3.5
2.57
3.17
4.14
3.41
3
1.7
1.26
1.14
1.15
1.24
1.86
1.47
2.13
2.52
2.23
2.47
1.69
1.05
1.28
1.05
1.36
1.17
2.92
3.39
1.88
1.18
1.6
2.16
1.96
0.99
1.49
1.1
1.78
2.09
2.24
3.75
1.69
0.87
1.06
0.91
1.2
0.95
1.87
0.93
2.76
1.66
2.05
2.14
0.94
1.01
1.36
1.63
3.7
2.16
1.03
1.21
1.99
1.52
2.25
1.3
2.34
2.14
1.97
1.24
1.24
0.89
1.42
1.49
3.29
1.89
1.45
1.56
1.95
1.95
1.21
2.11
1.08
1.47
2.96
2.72
2.58
2.28
1.53
1.34
0.89
1.84
0.96
1.53
2.58
1.7
1.39
1.97
1.03
1.85
2.69
2.88
1
2.61
2.51
1.11
1.71
1.96
1.53
1.15
1.96
1.2
0.55
0.89
1.35
2.27
1.18
1.12
0.91
1.13
0.88
1.91
0.81
1.25
2.9
1.71
1.39
1.74
1.03
0.76
0.86
1.06
1.25
1.22
0.6
1.27
1.17
0.97
0.71
0.93
1.09
0.93
0.91
1.18
2.43
1.83
0.59
1.77
0.9
1.51
0.88
0.95
1.55
2.46
1.26
1.01
0.97
1.13
1.13
1.2
1.29
0.99
1.92
1.14
0.74
0.99
1.82
3.86
2.72
1.71
0.6
0.89
0.61
1.03
0.51
0.67
1.72
1.21
1.2
0.5
1.07
0.58
0.55
0.9
1.5
2.31
1.32
2.8
0.9
0.97
1.09
1.92
2.29
1.31
0.92
0.81
1.19
3.29
2.1
1.42
0.58
0.26
0.63
1.47
1.3
0.45
0.76
0.29
0.37
0.44
1.03
1.23
1.86
3.98
3.97
1.34
0.82
0.56
0.71
1.28
1.83
0.44
0.68
0.79
0.71
0.57
0.77
0.56
0.64
0.85
1.35
0.68
0.61
0.72
1.31
1
1.11
0.32
0.86
0.48
0.83
1.11
0.82
1.79
2.95
1.63
1.83
2.56
2.68
1.78
0.97
1.43
1.87
2.79
2.16
3.46
1.89
0.99
2.69
1.79
0.78
1.13
1.03
1.05
1.3
0.91
0.99
1.01
1.01
1.21
1.16
0.78
3.55
1.51
2.26
3.15
3.29
1.63
1.02
1.58
2.54
0.69
1.69
2.12
2.65
2.36
1.39
1.03
0.92
2.3
1.53
2.25
1.98
1.24
1.33
4.26
2.63
0.69
1.14
1.68
0.87
1.12
2.27
2.73
3.7
5.77
3.85
4.05
4.9
1.74
0.87
2.74
2.7
1.92
1.04
1.09
3.28
4.42
1.3
1.34
2.46
2.94
0.93
0.8
1.6
1.52
1.6
2.79
3.33
1.11
4.97
1.44
1.84
2.53
1.21
1.39
2.19
1.93
1.48
2.59
1.37
2.69
3.45
3.35
1.72
1.83
1.38
3.68
5.57
2.81
1.19
0.86
0.8
1.25
1.35
2.24
3.86
1.73
2.72
2.26
1.3
2.87
4.1
2.49
3.81
3.72
2.04
2.04
2.12
5.15
2.36
3.2
4.52
1.63
1.23
2.77
2.24
2.86
5.03
1.1
2.9
3.1
1.55
2.77
2.19
3.57
2.54
4.31
1.35
2.11
2.24
1.88
1.02
1.31
1.45
1.65
3.54
3.25
1.34
1.06
1.55
1.03
1.25
2.94
3.22
3.09
1.16
3.57
4.35
1.23
1.22
1.78
0.87
1.2
2.09
2.83
2.58
1.16
1.27
1.27
1.07
1.2
1.01
1.21
1.47
3.55
2.09
2.48
1.57
1.97
2.37
1.78
1.42
1.09
1.9
1.7
1.11
1.25
1.92
0.97
1.19
0.81
1.59
1.42
2.05
1.95
1.21
1.46
1.02
0.97
1.35
1.26
1.46
1.5
1.97
1.69
1.29
1.3
1.17
1.32
1.72
1.81
1.49
1.79
1.37
1.53
1.94
1.62
1.53
1.26
1.32
2.6
1.92
2.36
3.16
3.09
1.38
0.81
1.13
1.08
1.6
1.35
1.86
0.94
0.79
0.82
1.3
0.88
0.92
2.36
1.56
1.38
1.01
1.39
1.46
1.15
0.94
1
0.9
1.01
1.13
0.91
0.66
1.06
1.06
1.12
1.08
1.3
1.19
2.47
1.59
1.22
0.9
1.02
2.12
2.42
1.32
2.29
2.28
1.25
3.67
1.09
0.99
0.94
1
1.12
1.96
3.78
3.52
1.23
1.33
0.87
1.04
2.7
2.62
1.39
1.85
1.6
3.87
2.71
4.41
2.55
1.31
1.19
2.04
0.76
1.52
0.88
1.55
1.27
1.43
2.02
1.11
1.12
0.83
1.08
0.83
0.69
1.84
2.53
1.82
1.71
2.74
1.16
0.83
0.55
0.61
0.72
0.49
0.48
0.61
2.21
3.94
2.2
1.89
1.96
1.51
1.33
3.6
3.68
2.66
0.81
1.26
1.54
0.76
1.81
1.48
1.19
1.7
0.85
0.82
0.78
1.49
0.9
1.03
1.04
0.43
0.66
0.52
1.25
1.11
2.23
4.35
2.33
2.78
1.86
0.99
1.74
2.05
2.06
0.73
0.91
1.87
5.13
2.41
0.84
1.56
1.16
1.53
2.64
2.39
0.84
1.16
1.56
2.26
1.72
1.13
1.29
1.82
1.42
4.77
1.92
2.87
3.05
1.19
1.15
1.22
1.5
1
1.31
1.06
3.25
1.93
2.18
0.93
1.08
1.06
1.58
1.52
1.38
1.24
0.75
2.29
2.39
3.46
1.03
0.93
1.66
1.02
0.64
3.23
5.21
1.51
1.35
0.82
1.08
1.24
1.58
1.69
3.78
4.65
2.48
2.29
2.09
2.31
2.63
3.36
2.73
2.8
2.23
4.81
2.52
0.74
1.07
1.44
0.94
1.97
1.53
2.46
2.62
1.75
1.4
1.5
1.92
2.97
1.28
1.17
2.54
1.06
1.38
2.6
3.35
3.88
3.45
1.19
0.97
1.15
1.11
1.74
7.06
7.63
2.57
3.7
2.84
2.25
2.04
4.47
3.63
2.04
2.38
2.8
3.23
1.58
1.92
1.3
1.13
2.8
1.22
2.84
3.95
1.4
1.49
2.45
3.86
2.03
2.49
1.85
3.33
4.78
1.21
1.46
1.6
1.85
1.14
1.4
2.23
3.18
1.79
1.88
1.71
1.76
1.16
3.16
4.34
3.86
3.2
2.28
1.43
1.6
1.41
1.16
1.97
1.19
1.56
1.25
1.48
1.62
2.15
2.49
2.45
1.17
2.32
1.92
1.63
4.16
2.23
2.66
2.87
1.31
3.96
1.64
1.32
1.73
1.51
2.87
1.98
1.59
1.42
1.3
1.22
1.11
1.16
1.73
1.25
1.78
1.13
2.42
2.86
2.09
3.24
1.38
1.73
0.8
0.87
1.2
1.2
1.07
1.82
2.49
1.33
1.26
2.06
1.39
1.97
1.95
1.3
1.51
2.11
1.01
1.61
1.73
1.77
3.39
3.94
2.81
1.97
1.01
0.78
1.5
0.93
0.99
1
1.04
1.7
0.94
0.8
0.72
1.87
1.39
0.91
1.13
1.16
1.19
1.09
1.44
1.85
3.07
1.88
1.39
1.03
1.32
0.81
1.38
0.98
1.25
1.57
1.13
2.5
2.12
0.95
1.04
1.68
0.84
0.91
0.7
0.86
0.95
1.2
3.91
2.99
1.08
0.63
1.07
0.58
0.86
0.82
1.58
1.8
0.96
0.67
1.09
1.49
2.51
0.84
0.87
1.25
1.4
1.8
1.13
1.26
1.77
1.02
1.36
1.39
1.69
1.01
2.06
1.64
1.65
1.46
1.63
1.24
1.04
0.95
1.04
1.32
1.18
0.49
1.6
2.22
1.2
1.69
0.93
1.18
0.99
0.32
0.84
0.54
0.44
1.83
1.78
0.91
1.43
0.74
1.1
2
1.08
0.89
1.6
3.03
1.9
1.89
4
1.28
1.45
0.85
1.52
3.29
1.53
2.03
0.61
0.73
3.16
2.8
1.89
1.62
0.95
1.2
2.04
2.68
1.32
6.51
1.8
1.87
1.71
1.69
0.58
0.85
1.86
1.31
1.1
1.13
1.68
2.89
2.81
7.05
5.56
4.43
1.25
1.28
0.85
0.87
1.76
0.93
0.96
1.61
1.67
1.79
0.87
1.27
1.66
1.3
0.6
0.52
0.7
1.88
1.07
1.47
1.1
1.82
1.52
0.87
1.04
0.88
4.11
5.33
2.42
1.9
2.56
1.75
1.53
0.76
1.38
3.89
2.1
1.68
2.03
1.31
1.26
0.68
1.04
1.22
0.87
0.9
0.71
1.65
1.02
2.89
3.47
2.63
1.1
1.54
1.86
1.31
1.46
2.55
3.96
0.92
1.28
0.63
1.15
1.41
1.84
1.88
1.46
0.89
1.32
1.71
0.9
4.17
2.54
2.3
2.13
1.33
2.82
2.64
1.26
4.54
3.54
1.58
2.12
2.49
1.15
0.93
2.96
2.82
1.18
1.81
2.72
2.48
2.97
1.85
2.66
1.42
1.96
3.45
5.57
2.82
2.06
2.07
1.39
1.66
1.56
1.1
0.97
2.27
3.53
1.86
1.41
2.47
2.19
3.42
4.96
3.6
1.98
1.12
1.3
2.13
2.62
1.1
1.73
0.9
1.24
1.62
2.73
1.52
1.9
1.21
1.09
2.48
3.52
1.91
1.76
1.04
1.13
2.71
3.34
5.82
4.72
2.13
2.73
1.2
1.44
1.17
1.53
2.54
1.71
1.12
1.67
1.87
2.39
1.67
1.45
0.95
4.3
6.84
2.21
1.95
2.66
1.14
1.09
1.66
2.12
1.62
1.72
5.75
9.09
5.63
1.23
1.85
2.54
2.19
2
2.21
2.16
1.67
1.48
1.03
2.55
1.91
1.36
3.93
2.44
1.84
1.56
1.15
1.26
1.28
0.97
0.87
0.7
0.78
0.79
0.94
2.14
1.3
1.71
2.32
1.48
0.9
1.26
1.39
1.54
1.21
1.13
1.47
1.34
1.01
1.36
1.01
2.08
2.92
2.33
1.37
1.95
1.29
2.15
1.74
0.87
1.42
2.21
1.6
1.34
1.74
1.38
1.26
0.99
1.86
1.75
2.05
1.68
0.81
2.06
2.56
1.09
2.64
1.13
0.89
1.22
0.93
0.8
1.78
1.19
1.46
1.32
0.88
1.31
1.05
1.85
2.58
1.07
0.64
1.62
0.83
1.4
1.54
1.43
1.23
0.78
0.81
0.76
1.75
0.79
1.29
1.5
0.7
0.88
0.81
0.82
1.95
1.42
0.63
1.12
0.75
0.88
3.02
2.57
2.99
1.47
0.88
0.86
0.36
0.81
0.88
0.9
1.89
1.58
1.84
1.19
0.8
0.88
0.81
1.26
1.9
0.95
1.36
1.49
1.39
1.85
1.07
0.59
1.07
0.64
1.45
0.66
0.82
1.01
1.09
0.7
0.49
0.7
1.8
2.89
4.14
2.01
1.78
0.61
3.04
2.34
1.3
0.99
1.66
0.7
1.19
0.94
1.16
2.5
3.66
4.5
0.88
0.74
0.71
0.45
0.51
0.46
0.44
0.84
1.03
2.21
4.06
3.19
1.67
0.9
1.8
1.2
2.4
2.04
1.63
1.79
0.72
1.99
2.01
1.74
2.68
0.89
1.19
0.78
1.18
1
0.94
0.74
1.31
1.73
1.1
1.15
1.02
2.08
1.57
1.17
0.91
0.57
1.71
1.88
1.39
4.71
1.9
0.89
2.18
3.02
1.86
1.14
0.61
0.81
1.17
1.41
1.32
1.57
1.27
1.61
0.96
0.86
1.73
1.83
4.34
3.03
3.07
0.77
1.52
1.37
1.38
2.58
2.23
1.83
1.2
0.73
1.73
2.09
1.88
2.29
2.62
1.96
2.21
4.96
2.68
1.49
0.95
1
0.82
0.61
4.43
4.35
4.44
2.54
0.77
0.96
1.97
1.77
1.76
1.22
1.1
0.85
2.38
3.32
5.32
2.74
4.05
2.25
1.56
1.47
1.18
1.44
1.81
1.62
1.24
1.5
0.92
0.84
1.41
5.02
2.23
1.94
2.56
5.52
3.59
1.29
1.39
1.69
3.27
2.08
2.09
5.2
4.58
1.94
1.04
1.17
1.11
3.59
6.34
3.85
1.39
1.29
1.25
1.47
1.39
1.19
1.09
2.64
2.98
1.62
2.18
1.68
1.28
4.09
5.21
2.4
2.85
3.85
4.53
4.02
2.39
1.26
4.03
4.61
5.6
3.47
1.96
2.18
1.86
2.03
2.08
1.77
2.17
2.44
3.16
3.62
1.3
3.06
3.53
2.42
2.37
1.88
2.99
2.54
3.85
3.05
3.49
1.71
3.35
1.99
1.22
1.34
2.94
2.01
1.31
1.37
1.28
2.59
2.19
1.94
1.8
1.32
1.06
0.82
1.14
1.22
1.71
1.96
2.35
4.27
2.54
2.35
1.8
2.94
4.04
1.58
1.5
1.5
1.04
1.17
0.82
0.83
1.96
1.01
1.07
1.04
0.9
2.49
1.78
1.08
2.25
3.67
1.73
2.4
2.29
3.49
1.42
1.05
1.16
1.21
2.29
1.58
1.03
1.14
2.09
1.03
2.27
1.26
0.84
1.16
1.11
1.41
0.79
1.02
0.86
1.93
2.08
1.51
0.85
1.16
0.99
0.94
0.66
1.09
0.86
0.83
1.21
1.38
1.03
0.88
0.97
1.85
1.09
1.81
1.29
0.75
0.82
1.31
0.96
1.1
1.06
1.06
0.84
0.84
0.91
0.72
0.73
0.97
0.78
0.8
0.81
0.7
0.91
0.95
1.21
1.09
1.23
0.96
1.45
2.24
1
1.23
1.23
2.06
1.58
0.97
1.63
1.35
0.69
1.22
2.25
2.91
2.01
0.98
1.34
1.55
1.43
1.01
1.1
1.32
1.66
0.8
1.52
1.99
2.31
1.7
3.84
3.58
1.57
2.15
2.81
1.78
1.23
1.73
3.03
3.12
3.86
3.51
3.22
2.52
1.71
0.95
0.79
2.02
3.27
0.67
0.88
0.67
0.67
0.35
1.87
4
1.2
0.78
1.59
1.07
0.79
0.76
0.67
2.23
2.2
0.61
1.49
0.99
0.99
0.37
0.6
0.8
1.52
1.1
0.69
0.65
0.77
0.86
1.05
0.69
0.44
0.58
0.59
0.68
0.61
0.86
0.69
0.82
0.58
0.66
1.33
0.84
0.71
1.3
0.94
3.19
2.01
1.09
0.88
0.74
0.92
2.28
3.12
1.23
1.58
1.61
1.54
0.75
0.49
0.96
1.4
1.31
0.9
0.81
0.99
1.96
1.05
0.95
1.21
0.71
0.84
0.8
2.07
1.28
0.63
1.65
1.08
0.88
0.74
0.8
0.61
0.6
0.49
0.6
0.91
1.37
0.83
0.44
1.46
1.91
1.5
0.79
1.19
0.99
0.57
0.94
0.83
3.06
1.99
1.1
1.64
1.08
2.9
3.17
2.38
1.21
0.47
1.4
0.71
0.73
0.81
0.66
0.86
0.71
1.36
0.71
2.75
2.22
1.17
1.48
1.65
1.76
1.97
2.6
4.67
3.79
4.89
2.63
1.44
1.25
1.77
2.13
1.75
3.07
1.51
1.11
1.63
2.2
2.5
3.43
2.7
2.48
2.21
1.86
1.62
1.06
1.96
1.26
2.07
4.04
4.77
4.4
2.9
2.37
1.02
1.54
3.38
4.17
3.43
4.26
3.54
1.78
1.64
0.8
0.77
1.68
1.2
1.14
1.07
2.34
4.38
1.33
1.26
1.38
2.52
1.98
2.94
4.28
4.22
2.01
2.25
4.04
3.92
2.5
1.68
3.26
2.53
2.28
1.42
1.64
2.39
1.55
2.99
5.19
4.29
2.96
3.78
2.47
1.79
1.52
1.82
5.25
3.53
2.97
2.96
1.06
1.09
1.45
1.53
2.54
3.18
4.05
2.84
1.04
0.97
1.24
1.36
1.37
0.73
0.99
3.14
1.33
2.05
0.98
0.94
0.88
1.94
1.71
0.93
1.74
2.36
1.41
1.69
0.98
1.51
1.53
2.35
2.98
2.44
2.06
0.84
0.65
0.79
1.02
1.45
1.1
1.05
1
1.18
1.43
1.1
1.24
0.99
1.37
1.88
3.07
1.27
1.56
1.65
0.71
0.73
0.81
0.88
1.62
1.73
1.84
1.79
1.15
1.34
0.84
1.64
2.58
0.93
1.34
1.4
1.15
1.57
1.12
1.24
1.97
1.25
2.12
2.36
3.42
4.76
1.97
0.92
0.79
0.97
0.99
1.05
0.85
1.5
1
0.93
0.99
1.42
0.86
1.19
1.75
1.4
0.9
1.08
1.47
1.78
2.96
2.38
0.74
1.14
1.85
1.49
0.86
0.73
1.06
1.04
0.99
1.09
0.8
0.58
0.88
1.42
2.2
2.5
1.02
0.64
0.63
0.75
0.92
1.33
1.46
0.83
0.61
0.8
0.75
1.46
1.28
2.72
1.66
0.84
0.93
0.82
0.72
0.62
0.67
0.7
1.34
3.02
1.67
0.74
3.59
3.86
0.93
1.35
0.68
0.59
0.63
0.81
0.62
1
1.38
1.23
1.86
0.6
1.11
2.82
3.11
1.05
0.93
0.71
0.71
0.86
2.05
1.32
0.88
1.32
0.86
0.96
1.32
1.1
0.6
0.97
0.76
0.99
1.69
2.83
2.54
1.85
0.86
0.69
0.6
0.62
0.69
0.98
1.41
1.24
1.53
2.58
3.51
1.01
1.32
1.14
1.38
1.59
5.21
2.29
1
0.97
1.39
1.37
3.95
2.87
2.05
1.54
1.75
1.37
1.25
1.18
0.59
1.28
3.9
2.67
1.14
0.92
2.38
0.96
0.56
0.68
0.74
1.24
1.38
0.75
0.82
0.74
2.2
1.34
0.76
1.21
0.58
1.26
1.19
1.05
1.55
1.45
0.98
0.71
0.71
1.05
0.78
2.27
3.13
3.32
0.74
0.56
0.7
0.87
1.03
1.44
4.43
6.95
3.71
0.95
2.34
1.22
1.8
2.65
2.07
1.07
0.62
1.83
4.5
3.04
1.26
0.55
0.78
0.75
0.62
1.75
1.46
0.57
1.48
0.83
0.55
1.17
0.68
0.93
1.55
4.09
1.98
1.59
3.74
3.68
2.52
1.4
1.14
1.3
1.32
1.17
1.15
0.83
1.2
1.03
1.73
0.99
1.21
1.66
2.48
4.55
3.18
1.27
1.56
3.41
5.45
2.23
2.25
2.63
4.19
3.6
1.93
3.01
3.95
1.03
4.74
4.19
2.34
1.24
1.5
0.98
1.11
2.04
1.35
1.59
1.38
1.33
1.73
1.61
2.6
1.72
2.89
0.91
1.19
1.22
1.42
1.88
2.33
1.39
2.53
3.25
1.88
3.93
1.44
2.6
0.94
1.59
2.61
2.03
1.84
1.23
1.35
2.5
1.4
3.28
7.8
7.48
2.46
2.46
2.42
2.41
5.47
3.72
2.53
2.21
1.32
1.33
1.68
1.23
1.14
1.61
1.23
1.71
1.44
1.97
2.94
1.5
3.1
2.59
1.18
1.27
1.85
2.09
1.24
1.78
2.19
3.55
4.46
1.46
1.43
1.47
3.04
2.06
1.83
1.12
1.41
1.2
1.26
1.38
1.25
1.03
2.4
1.09
2.17
1.47
1.42
1.17
1.1
1.75
1.62
1.21
1.52
0.9
1.32
2.67
3.87
1.05
1.66
1.34
1.09
1.76
1.25
1.47
1.33
1.71
2.06
3.54
2.89
1.69
1.78
2.49
0.99
1.9
1.13
1.19
1.36
1.27
1.94
1.4
1.41
1.63
0.88
2.28
2.25
0.8
1.11
1.71
0.93
1.16
1.17
1.53
1.6
1.36
1.68
0.73
0.97
1.19
1.7
0.75
1.2
1.43
1.24
1.56
1.27
2.91
1.74
1.34
0.85
1.48
1.37
1.62
1.82
0.85
0.83
0.77
0.83
1.13
2.5
2.32
1.58
0.69
0.83
0.98
0.81
0.75
1.16
0.96
0.7
1.29
1.04
1.61
2.08
3.15
1.18
1
0.9
1.15
1.21
2.71
1.66
1.19
1.48
2.79
4.42
0.97
1.14
1.31
0.69
3.21
3.55
2.95
1.3
0.74
0.39
0.6
1.02
0.55
0.85
0.83
0.92
0.73
0.68
1.5
1.54
2.14
1.47
1.44
0.54
0.62
1.11
0.92
0.96
0.69
0.69
0.53
0.63
0.47
1.24
0.5
0.57
0.47
1.42
4.61
5.21
0.93
0.71
1.2
0.77
3.18
1.44
0.85
0.81
1.17
0.96
2.16
2.83
2.18
2.1
0.67
0.57
0.89
0.82
1.27
4.96
3.78
0.69
0.66
1.34
0.84
0.79
1.11
0.7
1.72
2.33
0.66
2.83
3.03
1.16
1.89
1.3
1.21
0.69
2.1
2.73
1.22
0.69
0.67
0.36
2.81
1.12
3.36
4.95
4.2
1.67
2.6
2.06
1.31
0.78
1.41
0.93
0.57
1.14
0.81
1.19
0.97
1.04
3.9
3.36
2.54
0.63
1.94
2.56
2.38
0.9
2.14
1.52
2.35
3.49
1.7
0.88
1.38
0.77
0.98
2.04
2.12
1.71
1.27
2.92
1.01
2.67
1.33
2.17
3.27
1.63
0.69
1.66
1.79
1.68
1.27
1.17
0.98
1.21
1.64
4.59
1.87
1.41
1.05
0.81
1.43
2.07
1.85
0.91
1.85
1.2
1.06
3.58
3.42
1.66
1.53
1.38
2.72
1.51
2.63
3.61
3.52
2.49
3.75
4.11
4.96
4.91
2.02
1.81
1.19
1.08
1.61
1.86
1.14
1.1
2.13
2.73
3.59
2.76
4.2
1.28
1.46
2.62
1.3
2.49
2.58
2.33
1.84
3.08
1.43
2.18
2.38
1.39
1.08
1.63
1.49
2.3
1.48
3.25
2.69
2.34
5.43
6.01
2.69
3.26
1.59
2.55
2.28
3.41
2.61
1.51
3.66
1.07
1.31
1.72
3.07
2.86
1.93
1.73
1.7
1.04
1.49
1.24
2.18
2.79
1.41
1.63
1.85
3.29
2.52
1.49
1.71
2.95
2.86
2.62
1.49
1.21
1.01
0.97
1.12
0.95
1.21
1.31
2.13
1.26
1.21
1.04
1.64
1.29
1.14
1.14
0.95
0.95
1.43
0.71
0.83
0.91
1.38
1.06
1.04
1.22
1.27
1.13
1.03
1.1
1.21
1.02
1.34
1.31
0.71
1.02
1.68
1.57
3.34
3.06
2
1.34
3.13
2.84
1.2
1.92
1.86
1.22
0.77
1.41
1.72
3.05
2.43
1.83
2.5
1.03
1.15
0.85
1.15
1.86
1.33
2.54
1.74
1.77
1.21
1.15
0.98
0.76
1.15
1.16
0.92
1.86
2.51
1.39
0.77
1.45
0.89
2.38
2.16
2.01
1.88
0.94
0.88
1.16
1.44
1.6
1.03
1.1
0.9
0.71
0.73
0.72
1.26
1.34
1.03
1.7
1.26
0.91
1.72
1.52
1.68
0.94
0.57
0.56
0.69
0.6
1.12
0.82
0.88
1.13
1.55
2.46
1.26
0.66
0.88
0.74
0.9
2.1
1.76
1.06
1.32
1.42
0.93
0.94
1.2
0.77
0.64
0.91
0.88
0.64
1.57
0.91
0.97
1.23
1.34
0.62
0.68
1.31
1.9
2.11
3.23
2.61
1.17
0.9
1.03
3.52
1.12
1.14
1.12
1.1
0.73
1.1
1.22
0.67
0.91
0.54
0.69
0.69
0.52
0.76
1.04
0.67
0.48
0.49
0.66
1.13
1.11
3.27
1.65
1.17
2.32
1.99
1.97
2.34
1.6
2.75
4.42
1.56
1.33
0.74
1.03
0.73
0.76
0.86
1.1
0.76
0.7
2.25
2.49
2.73
1.29
0.85
0.7
1.02
1.4
0.78
1.45
1.44
0.69
0.36
1.7
1.63
1.19
2.57
4.29
3.08
0.91
1.15
1.07
1.56
0.73
1.61
2.1
1.01
1.81
1.6
1.96
1.75
1.05
0.96
1.04
2.17
3.12
1.56
0.61
1.03
1.56
1.26
2.01
2.36
0.93
3.19
1.26
0.67
1.02
0.64
0.99
0.88
2.95
1.04
3.33
4.74
3.31
1.56
4.17
1.7
1.29
0.83
3.02
2.86
1.12
2.04
2.84
1.67
1.65
3.58
1.22
0.88
0.47
0.72
1.24
1.11
2.56
2.98
1.35
1.64
1
0.56
0.79
1.04
2.9
3.11
2.35
2
0.72
1.57
1.4
0.84
1.59
3.67
2.87
3.97
1.39
1.65
1.58
1.06
0.97
1.07
1
1.08
1.15
4.43
3.59
1.09
1.38
3.24
3.36
1.74
1.37
1.33
1.49
4.26
1.91
2.78
5.05
2.19
1.93
3.69
2.22
1.9
2.55
1.71
1.73
2.25
3.84
2.24
1.68
2.28
1.03
0.8
0.9
1.25
2.02
3.11
2.21
1.66
1.49
1.07
1.26
2.5
1.72
2.37
3.1
2.1
0.92
1.53
2.45
2.21
2.64
4.03
4.15
2.99
2.06
2.07
1.24
2.27
1.6
1.2
1.08
1.13
2.15
2.1
2.88
4.29
3.01
2.09
2.47
2.93
2.44
2.66
2.13
1.98
1.03
5.2
4.78
1.61
2.74
1.96
1.17
1.73
4.58
6.11
5.04
2.58
0.82
1.13
1.04
0.98
2.99
2.82
1.44
1.37
1.51
0.89
0.97
1.03
1.44
2.84
2.88
1.94
2.32
1.32
1.12
0.99
1.12
1.9
2.19
2.36
0.99
1.31
1.58
1.79
1.81
0.98
1.22
2.73
1.7
0.74
1.11
0.76
1.08
1.17
1.2
1.92
0.82
0.99
1.28
2.18
1.07
1.86
1.91
1.47
1.35
0.92
1.19
1.38
1.68
0.99
0.81
1.74
0.95
1.06
1.04
2.15
1.74
1.03
1.01
1.1
1.05
1.69
1.28
0.69
1.23
0.92
0.99
1.21
1.71
1.49
1.25
0.83
1.28
0.84
0.97
1.08
0.86
1.02
0.8
1.8
1.13
1.04
1.45
1.4
0.92
2.98
1.65
0.8
0.7
1.28
1.47
0.97
0.7
3.01
1.41
1.14
1.19
0.94
0.97
0.63
0.61
0.53
1.11
0.59
0.94
3
2.52
0.76
0.86
2.09
1.37
1.56
1.34
1.23
0.67
1.39
0.67
1.47
1.23
1.11
1.1
2
1.45
1.1
1.12
2.35
1.72
1.28
0.86
0.95
1.61
0.93
2.18
1.92
1.98
1.71
2.14
1.06
1.33
2.06
1.28
1.98
3.07
0.94
1.2
1.71
0.92
0.9
2.62
1.2
1.08
1.09
2.49
4.59
2.98
0.54
0.58
1.26
0.89
0.94
0.44
1.42
1.17
1.04
0.46
1.27
2.54
3.36
2.21
2.4
0.82
1.07
0.69
1.72
0.99
1.18
1.63
1.93
0.61
1.67
1.59
1.35
2.18
0.99
1.21
1.89
1.06
2.1
0.91
0.7
0.47
2.45
0.71
0.79
1.65
1.78
1.28
1.12
1.43
1.75
1.09
0.79
1.43
1.38
3.07
0.68
0.69
1.9
1.56
2.01
3.55
3.92
3.52
1.52
3.68
2.99
2.33
1.73
1.02
1.11
1.29
1.09
5.19
4.15
1.07
1.32
1.06
0.7
0.95
0.89
3.57
0.91
0.65
1
0.94
0.72
1.27
0.82
0.93
0.8
0.95
0.85
1.33
0.73
1.8
1.73
1.16
1
1.04
1.25
0.77
0.74
0.91
2.81
1.47
2.21
2.24
2.97
2.35
1.76
4.18
7.42
2.39
2.34
1.83
2.55
5.51
2.78
1.6
2.59
2.03
1.29
2.82
3.28
1.24
1.42
1.44
3.3
2.3
2.13
2.56
3.23
1.77
2.53
3.86
4.39
3.38
3.03
2.65
2.43
2.65
1.69
1.92
2.58
1.03
1.65
1.84
2.07
1.56
1.62
1.87
1.67
1.05
1.12
1.33
1.25
3.44
4.9
5.12
4.6
2.38
1.86
1.6
1.07
2.57
4.33
1.73
1.59
1.62
1.49
2.51
1.9
2.27
1.8
1.17
1.08
2.12
1.28
1.97
2.57
4.14
1.42
1.97
1.31
1.51
2.11
1.67
2.09
1.6
1.23
1.79
2.29
1.21
1.8
2.79
2.14
1.97
1.72
1.39
2.21
1.18
1.58
2.64
1.58
1.34
0.81
2.64
3.83
2.6
1.78
2.7
2.3
0.82
0.8
0.84
0.88
2.57
2.38
0.9
1.73
2.21
1.51
3.6
2.85
2.7
2.77
2.08
1.87
2.37
2.38
1.35
3.84
1.5
1.26
2.06
2.24
1.15
0.96
1.12
1.04
0.89
1.7
1.29
1.84
1.18
0.9
1.19
1.81
2.21
4.06
4.05
1.63
1.15
1.78
1.17
0.89
1.58
1.01
1.26
1.26
1.52
1.49
0.93
1.74
1.88
1.45
1.22
1.31
3.19
2.62
1.14
0.9
1.31
0.91
1.33
1.19
1.32
0.84
1.46
1.28
0.89
1.04
2.04
0.91
0.92
1.58
1.45
0.81
0.7
0.67
0.8
0.87
1.62
2.62
1.39
1.16
0.88
0.62
0.52
0.93
0.57
1.49
0.76
1.08
0.86
1.37
0.82
0.82
0.63
1.32
1.27
1.25
0.88
0.88
1.51
0.89
0.96
1.51
1.64
1.65
2.17
0.83
0.8
0.85
1.51
2.16
2.76
0.94
0.97
1.21
0.97
0.6
1
0.75
0.69
0.64
3.02
2.07
0.71
0.68
0.75
0.9
1.96
1.15
2.34
1.21
1.36
1.51
0.72
1.4
0.87
1.57
1.98
3.18
1.64
2.2
1.26
0.77
0.76
0.85
2.01
2.31
2.72
1.67
1.76
1.11
0.51
0.63
0.83
1.48
3.32
1.22
1.09
0.73
1.12
3.03
1.32
0.56
0.46
0.46
0.77
0.99
0.64
0.48
2.44
2.74
0.64
0.87
0.63
0.57
0.48
0.43
0.61
0.72
1.12
1.6
1.51
0.72
0.88
1.34
2.93
1.79
1.04
0.65
0.89
1.76
0.81
0.75
0.93
0.83
0.76
1.04
1.64
0.87
1.05
0.97
1.77
1.78
1.83
2.07
1.06
1.4
1.38
0.99
1.45
2.09
0.74
0.59
0.82
1.52
0.88
0.58
1.17
2.02
2.13
1.79
3.18
0.79
2.73
3.06
1.09
1.07
