19710101
0
5.15
3.59
0
0.12
0
0
0
0
0
0
0
0
0
0.24
9.85
0.03
0
0
1.28
3.22
0.61
0
0.03
0
0
2.85
0
0
0
1.92
0
0
0
0
0
0
0
0
0
0
0
0
0
13.94
0.97
2.19
1.35
0
0
0
0
0
0.65
0
0
1.74
0
0.01
0
0
0.66
0
1.51
8.51
0.94
0
3.09
0
0
0
0
0
0
1.39
3.77
0
0
0
1.14
19
0
0
0.9
7.97
0.01
0
2.31
1.13
0.52
3.3
3.83
0.76
7.68
0.25
0.36
0
0
0
0
0
0
0
0
0
0
2.69
0
0
0
0
0
0
0.15
0
1.84
0
8.14
0
14.49
0.05
0.58
5.34
0
0.29
2.87
0.14
0
0
0
0
0
0
0
0
0
0
0
0
0
0
0
0.14
0
0
0
0.47
0.13
0
4.36
7.87
2.9
8.29
2.8
0.53
0
0
4.19
9.66
0
0
0
0
0
0
0.01
4.45
2.12
0.51
0
0.41
0.67
0.07
0.3
8.34
0.01
22.76
1.7
9.49
0.8
1.48
0.03
0
0.7
0
0
0
0
0
0
0
0
0
22.8
0
2.02
0.56
24.93
17.78
0
0
0
0
0
0
0
0
0
0
0.97
0
4.43
0.09
0
0.05
0.19
3.58
0
0
8.93
0
0
0
13.71
0
0
0
0.18
0
0
0
0
0
0.11
8.03
0
0
0
16.29
0
0
0
9.52
0
0
0
0
0
0
0
0.02
0
0
0.39
5.21
0.02
0.01
5.02
0
0.01
0.33
0.07
0
0
0
0
0
1.08
0
0.01
16.47
0.05
0.03
0
0
0
0.01
0
0
0
0
0
0
0
0
0
17.52
2.05
0
0
0
0
0
0.01
0
0
0
0
0
0
0
0
0
0
3.53
2.11
0
0
0
0
0
0.23
0
2.21
6.43
0.01
0
0.07
0
0
0
0
19.87
0
1.2
19.76
6.43
0
0
0
0
8.13
4.58
3.12
6.32
13.62
1.64
0
0.01
0
0
0.17
0
0
0
0
0
0
0
0
0
0
0
7.34
0.23
0
0
0
0
0
0.01
0
0.26
0.91
0.16
8.36
0
10.68
5.26
0.05
0.19
1.36
0.18
0
0
0.17
0.2
0
0
0
0.11
4.26
1.28
0
0
0
0
0
0
0.01
0
0.74
9.02
8.04
4.25
0.09
0.33
0.02
0
0.15
0
0
0
0
0.91
0.85
0
28
2
0.74
0
0
0
0
0.4
0.23
0.27
4.12
0.01
0
2.2
1.2
1.67
7.61
1.05
0.34
2.11
6.56
0.36
1.37
2.33
0
1.4
0.51
0
6.53
2.81
0
0
0
0
0
0
0
0
0
0
0
0
0
0
6.13
3.03
0
0
0
1.57
0
0
0
24.23
0
0
0.67
0.04
0
0.86
4.92
9.4
1.73
0.77
10.79
0
0.2
0
10.57
5.85
0.03
0.8
0
0
0
0
5.67
0
0
0
0
11.75
0.02
0.08
9.13
1.34
1.1
7.12
14.41
1.29
3.84
6.68
7.25
6.8
3.21
0
2.28
10.54
0
1.54
0
0
1.87
0.14
0
40.86
1.9
0
0
13.29
4.81
5.08
0
0
0
0
0
2.7
0
0
0
0.02
3.36
0.02
0
0.07
28.24
4.72
4.24
0.74
0
0
17.11
0.6
0
0
0
0.23
0.31
10.84
0.15
0
0.03
2.53
0
20.67
4.91
0
0
19.66
18
24.2
52.21
30.2
12.31
5.3
0
2.29
0
1.39
0.51
4.14
11.65
1.23
6.27
15.21
0
0.08
33.21
25.08
4.19
0.57
7.72
1.72
3.84
0
0
0
0
0
0
0
0
0
0
0
20.68
0
1.18
23.12
7.91
0.74
0.09
0
0
1.73
0
0
4.34
0.07
0
0
0
0
0
0
0
0
0
0
11.71
0.21
0.1
0
0
0
8.62
3.65
5.05
3.62
0.2
0
2.59
0
0.01
0.04
0.14
0
0
0.58
0.01
0
0
0
0
0
0
0.16
0.18
5.18
0.9
0
0
0
0
0
0
0
0
0
0
1.6
0.14
0.95
3.13
0
0
0
0
0.64
0
0
0
0
0
0
0
0
0
0
0
0
0
20.02
0
0.03
4.56
10.71
0
0
37.51
0
10.32
0
3.86
12.23
1.15
0
0
0
0
0
2.08
6.31
0.04
0
0.13
0
0
0
0.09
9.28
0
0.13
0
0
0
0
0
0
0
0.09
0
0
0
0
0
0
0
0
0
0
0
0
0
0
1.92
0.25
0
0
0
0.23
0.25
0.03
0
0
0
0
0
16.29
0.04
1.78
0.04
1.17
0.08
1.31
12.37
5.88
0
0
0
0
0
0.84
1.77
6.78
2.59
0
0
0
0
0
0.01
0.07
10.53
0.1
0
0
3.13
0
0
0
0
0
0
0
0
0.12
0.28
0
0
0
0
0
0
0
0.03
0.1
0
10.48
0.69
2.39
0
0
0
1.68
3.57
1.03
0.36
0
0
0
0
0
0
0
0
0
0
0
0
0
0
0
1.47
5.67
4.91
0
0
0
0.69
0.91
0.39
0.23
0
7.6
1.98
8.84
0.29
0
3.54
6.76
15.91
4.1
0.53
0
0.04
12.64
3.44
0.09
0.21
0
0
0
0
0
0
0
0
0.14
0
0.03
0.07
0
7.4
0
0
0
9.7
0
0
0
0
0
0
0
4.1
2.43
1.22
0
0
0
0
0.37
0
0
0
3.76
0.19
0
22.51
14.14
0
0
0
0
0
0
10.6
0
0
0
0.03
0
0.44
6.12
26.19
1.77
14.47
0.01
0
0
0
31.02
0.06
0.01
0
0
0
8.07
13.52
6.01
0
0
0
0
7.12
4.45
0
0
0
0
3.4
1.47
0
0
16.22
0
11.18
0
0.08
0
0
0
0.02
0
0
18.36
2.27
0.3
0
0
0
0.59
0
0
3.05
0.15
0
0
0
0
0
0
0
3.2
0.91
0.01
0
0.3
0
0
0
12.67
11.9
1.18
0.25
0
0
0
0
0
0
0
0
0
17.58
0
0
0
0
0
0.02
3.19
4.91
3.55
0
0.84
2.13
3.18
57.1
19.67
1.88
5.03
0
0
0.9
0.41
0
0
0
0
0
0
0
0
0
0
2.91
0
0.43
0
23.62
0.54
15.3
0
0
0.01
0
1.61
0
0
0
0
0
0
0
0
0
0
0
0
0
30.36
0
0
0.06
0
0
0
0.44
0.01
2.09
0
0
0
0
0
0
0
0
0
5.4
5.66
0
0.01
0
0
0
0
0
0
0
0
0
16.14
0.02
0
0
0
0
0.14
0
0
0.41
0
0
0
0
0
0
0
0.99
0.03
0
0.14
0
0
6.81
12.45
2.78
0.04
0.46
1.27
4.13
0.24
0
1.91
1.09
0
0
0.09
0
8.34
1.89
1.81
4.03
2.64
0
0
0
0.01
0.01
0
0
0
0
0
0
3.53
0.23
0
0.73
3.78
0
19.42
0
0
0
0
0
0
0.06
2.67
0
0
0
0
0.59
0.25
0
0
1.81
0.48
0
0.32
0.03
0
0.85
0
0
10.38
16.18
10.34
0.45
2.11
0.37
0.73
0.01
0
0
0
0
0
0
0
0
0
0
0
0
0
0.48
0
0
2.65
0
0
0
0
0
0
0
0
0
0
0
0
0
0
1.41
0.02
0
0
0
0
0
0
0
2.07
2.42
0
0
7.24
21.93
0.34
3.46
2.02
3.69
27.31
0
0.03
5.22
14.34
1.72
1.99
0
0
5.02
0.16
0
0
11.54
0.6
0
0
0
0
1.29
0
6.34
0
11.24
2.76
0
0
0.09
0.04
0
4.19
3.51
0
0
0.59
0
8.47
6.79
0
5.66
8.55
0
1.3
2.51
0.01
11.13
0.25
0.2
1.69
0
0.37
0
0.67
0.19
0.18
0
0
0
0
27.01
0
9.18
0
6.14
0
0
5.59
0
0
1.84
0.01
0.01
0.03
0
0
0.32
0
5.22
5
0
0.43
0.31
0
0
4.37
5.27
0
0
0
0
0.11
0
0
0
0
0
5.06
0.06
0
1.11
7.45
18.66
4.98
0
0
0
0
0
0
0
0
0.27
43.45
1.3
15.03
0.11
27.59
31.7
13.55
5.36
0
0
2.63
5.81
0
0
7.13
0
0
0
0
0
0.44
0
0
0
0.23
0
0
0
0
0
7.3
0.88
10.15
0.12
33.35
4.15
5.91
0
0
7.36
6.41
0.22
20.46
0
19.16
4.89
2.71
0
9.45
1.69
0
0
23.32
0.08
0
8.93
0.54
0
0
0.06
37.4
8.69
0
0
0.01
0
2.15
0.01
4.88
0
0.01
2.32
0
0
0
3.79
5.62
6.85
0.15
0
0
0
0
0.01
0
0
0
0
0
0
2.91
0
0
0.15
1.35
0.03
13.95
0
0
4.77
0.02
0
0.14
0.22
0.01
0
0
4.45
0.02
2.08
0.01
1
6.62
0
0
0
0
0
0.13
0
0
0
0
0
0
0
0.26
0
0
1.49
0
0
0.21
1.4
0
0
0
0
0
0.03
2.79
0
0
0
0
0
0
0
0
0
0
0
0
0
0
0
0
0
0
2.03
0.1
0
0.47
0.08
0.35
1.24
0.23
0
0
0
0
0
0
0
0
0
0.11
9.15
0.02
0
0
0
3.49
0.48
0
0
0
0
0
0
0
0
0
0
0
0
0
0
0
0
0
0
0
9.32
2.51
8.43
0
6.29
4.01
8.38
2.86
21.62
0.74
0
0.09
0
0
0
0
9.9
5.18
0.88
0.24
0
1.56
0.04
0
0.75
0
0
0
0
16.27
0
0
0
0
1.73
10.65
0
0
0
0
0.43
0
0
0.03
0
0
0
0
0
0
0
0
0
0
0
0.04
0.34
0.17
1.46
0
0
1.05
0
5.71
0
0
0
0
0
0.38
0
2.82
3.42
10.45
0.59
0
2.02
0.17
0
0.61
0.44
5.55
0.1
0.26
0
0
0
0
6.1
10.47
0.24
0.22
0
0.15
0
0.04
0.75
0.6
12.57
2.28
7.85
0.4
0
0.56
22.05
2.72
0
0
8.73
13.21
22.3
43.88
2.55
0
0
0
0
0
0
0.01
6.53
0.18
45.54
0
2.51
9.03
1.46
3.17
1.62
10.55
0
0
0
1.1
5.6
2.2
0.09
0
0
0.26
0.77
0.19
1.18
4.95
0
1.44
0.76
0
2.85
0.35
0
0
0.07
2.06
0.12
0
0.02
0.18
4.45
4.58
0
0
0
0
2.4
24.77
3.69
0
1.33
1.6
4.23
4.85
0.09
1.56
3.97
0.29
0.34
26.22
0
0.5
0
0
0
3.77
8.69
0.01
0
0
0
0
0
0
0
0
0
0
0
0
0.01
0
0
0
0
1.13
0.04
2.46
0
0
0
1.22
0
0
0
0.04
14.61
13.67
1.44
0
12.6
15.98
4.2
0.33
0.13
0
0
0
0
0
0
0
0
0
0
0.17
0.63
0.17
0.13
0
0.01
0
0.01
0
4.55
0.22
0.09
0
3.05
1.82
0
0.08
8.12
9.12
0
1.68
0
0
0
0
0
0
0
0
0.02
0.09
5.24
0
0
0
0
0
0
0
0
0
0
0
0
0.02
0.64
2.94
25.31
0
0
0
0
0
0
0
0
0.07
0.06
0
0
0.13
0.09
0
0
0.03
0
0
0.97
0
0
0
0
0.17
0
0
0.01
1.64
0
0.47
0.77
0
0
0
0
0.12
0
0
0.06
0
0.25
0.06
2.5
4.96
0.01
0.22
0
0
0
0
0
0
0
1.02
3.45
1.07
0.38
7.93
2.2
0.86
0.23
0.05
0.02
0
0
0
0
0
0
0
0
0
0
0
0
0
0
0
0
0
14.24
7.38
0
0
0
0
0
0.26
1.99
0
0
0.59
0.8
0
0
0
0
0
0
0
0
0
0
0
0
0
0
0
0
0
7.6
0
0
0
0
0
0
0
0.19
0.46
0
0
0
0
0.1
5.16
4.61
22.06
0.84
45.05
0.16
0.09
0
0
0
0
0
2.79
0
0
0
0
0
0
0
0.83
17.45
0
0
0
0
0
0
11.98
17.62
7.77
5.62
0
0
0.62
4.55
0.38
0
7.71
5.31
0.19
10.32
0.33
0
0
0
0
0
0
0
0.63
0
4.73
0
0
7.74
0
0
0
0
0.27
0.25
0
0
0
0
0.06
0
0.4
0
0
0
0
0
3.46
0
0
0
0.24
0.02
0
0
1.39
0.91
0.58
0
0
0
0
23.65
25.27
1.57
4.82
0.61
0.25
3.56
5.79
0.05
0
0
2.17
8.6
0
0
0.72
0.22
0
2.73
0
0
1.55
0.11
1.07
1.2
0.03
0
10.9
5.13
0
0
0.07
8.52
1.19
0
0
0
0
0
0
1.79
5.87
0.13
4.66
0
12.93
15.36
0
0
0
0
0
5.62
0.01
0
0
2.35
6.72
6.7
4.63
2.78
0
0.02
0
0.58
0
0
0
0.01
0
0
1.37
2.6
0
0
0.34
0.12
6.33
0
0
0
0
0
0
0
0.66
0.21
6.75
13.92
6.49
1.34
0.63
0
0
0
0
0
0
0.17
0
0.52
0
16.72
0
0.07
0.03
5.52
2.84
0.06
0.14
4.08
0
0
0
11.15
9.38
10.34
6.83
0.79
0.01
0.22
0
0.06
3.5
6.3
0.94
0
3.33
1.26
0
0
0
0
0
1.39
20.63
10.65
3.94
0.05
0.43
6.81
0
7.06
15.9
0
2.04
0.04
0
0
0
0.19
0.09
0.31
0.04
1.07
0.12
0
0
0
0
0
9.98
4.09
0
0
0.88
5.63
11.32
2.46
0
0.09
0.06
0.2
0.96
0
0
3.52
8.48
4.62
6.28
0
0.29
0
0.38
0.2
0
0
0.09
0
0
7.94
0.88
0.09
6.61
0
5.68
0.15
0
0
0
0.05
16.72
0
0.05
0
1.53
1.9
9.78
1.89
0
0
0
0
0
0
0
4.51
7.47
0.34
0
0.07
2.48
0
0
0
0.22
0.01
0
0
0
0
0
0
0
0
8.63
4.04
0.59
0
0
0
0
0
0
0.19
0
0
0
0
0
0
10.95
1.65
18.89
0.02
0
0
0.72
9.89
0.39
0
4.36
21.1
7.68
0
0
0.72
0.69
5.38
0
0
0
0
0
0
0
0
0
7.2
0
0
0.02
0
0
0
0
0
0
0.25
0
0
1.76
0
0
0.01
0
0
1.76
4.41
1.29
9.01
0.28
4.46
0
0
0
0
1.7
0
0
0
0
0
0
0.42
4.53
0
0.02
0
0.18
0
0
0
0
0
0
0
0
0
0
11.96
0.02
0
0
15.21
0
7.9
0.25
0
0
0
11.6
2.61
0
0.62
8.83
0
0
0
0.01
0.6
0
1.06
0.02
13.49
1.35
0
0
0.02
14.68
9.89
0
0.01
0
0.11
0
9.14
0
0
0
9.1
7.75
0
0
0
0
4.52
1.45
0.08
0
0
0
0
0
0
1.27
14.53
0.01
6.83
4.15
2.32
0
0.05
0
5.29
9.76
0.47
32.43
0.07
0.18
0
0
0
0
7.08
0.34
0.64
0
0
0
0
0
0
0
0
0
18.16
0
0.01
0
4.5
0
0
0
2.59
3.7
3.82
0.32
0.19
0
0
0
0
0
0
0
0
0
7.07
0
0
0
0
0
0
0
0
2.25
0.36
0
0
0
0
0
0
0
0
0
0
0
0
0
0
0
0
0
0.82
0
0
0.02
0.12
0.01
0
0.45
0
0
0
0
0
0
0
32.26
0
2.67
0.02
0
0
0
0
0.06
0
0
0
0
5.26
0.03
0
0
0.83
0
0
0
0
0
9.84
2.98
0.6
2.88
3.48
0
0
0
0
0.94
0
0
0
0
0
0
0
0
3.55
0.01
0
0.33
1.26
0
0.4
2.19
0
0
0
0
0.18
0.94
0.75
0
0
0
0
1.21
0.22
0
0.01
1.36
5.38
0
0
0
0
0
0
0.8
0
0
0
0
2.81
0
0
0.75
1.74
0.3
0.03
0
0
0.07
0.01
0
4.93
7.7
0.01
0
0
0
0
0.05
0
13.23
0.34
0
0
0
0
0.15
5.45
1.46
0
0
0
0
0
7.66
0.88
0
0.1
0.03
0
0
0
0.45
0
0.28
0
1.12
0
0
0.67
0
0
13.4
2.94
0
3.28
0
0
0
0
0
0
6.31
1.25
0
0.04
0
0
0
0
0
4.2
20.54
15.46
0.62
3.48
0.18
0
0
0
0
0
0
0
0
0
0.46
0.57
0.54
0
0
5.38
0.47
0
0
1.63
11.3
1.37
5.2
0.64
0.99
0
0
17.09
3.25
0.2
1.95
1.11
0.99
12.26
3.02
1.4
21.22
0.04
0.04
0.01
0
0.35
2.78
8.35
0.1
0
0
0
0
0
0
0.03
0.03
33.21
0.01
38.04
4.18
9.65
2.92
0
0
0.09
0.07
0.58
0
0
1.03
0
0
6.61
7.65
0
0.21
0
0
0
0.03
1.66
0
0
16.78
3.91
0.8
1.49
10.16
3.34
0.09
6.52
1.14
0.39
3.16
0
0
32.41
12.01
1.33
9.13
0
0
0
0
0
0
0
0
0.42
0
0
0.05
6.16
0.57
0.89
0.01
0.15
0.47
12.07
3.73
0.31
0.8
0.25
0
0
0
12.06
4.68
0
0
0
0
0
0.26
0
0.51
0.04
0
0
6.06
0
0.37
0.72
0.03
0
0
0
2.75
0.71
0.02
0
4.02
9.94
0
0
0
0
0
0.03
0.03
0
0
1.04
0.03
0
0
0
13.47
4.73
0.46
24.97
13.39
2.95
1.45
0.68
0
0
0
0
0
0
0
0
0
0
0
0
0
0
0.75
0
0
0
0
0
0.49
0.58
0
0
0
0
0
0
0
0.07
0
0
0
0
0
0.01
0
0
0
0
0
0
0
0
0
0
0
0
0
0
0
0.29
17.04
13.76
0.52
0
0
0
0
0
0
0
0
0
1.03
0.01
0
0.04
0
0.51
0.13
0
2.95
2.81
0.71
12.18
0
0
0.81
2.3
0
0.22
0
0.09
2.88
2.56
0
0.21
3.35
0
0
0
0
0
0
0
15.74
9.55
11.2
0
0
0
0.02
3.76
0.03
0.01
0
0
0.23
0
0.41
5.83
0
0.13
0.04
1.21
17.25
1.47
0
0
0
0.05
0
0
0
0
0
8.47
4.57
2.26
0.85
0.02
4.18
9.1
9.96
11.83
4.55
0.06
0
0
0
0
0
0.02
0.04
1.21
0.43
0
0
0
0
0
0
4.27
3.13
0
0
0
0.25
0
0
0
1.95
0.08
0
0
0
1.18
15.48
0.33
0.05
0
0.66
2.18
2.45
8.73
0.51
0.79
0.01
0
0.11
2.3
11.5
6.38
0
0
0
0
0
0
0
0
0
0
0.01
0
0
0
0.16
0
0
8.93
13.79
6.82
7.57
13.53
1.06
3.71
3.47
11.56
3.92
0.01
3.68
0
0
0
0
0
0.56
0
0
0
0
0
0
0
0
0
0
0
0
0
0
0
0
0
0
0
0
0
0.03
0
0.52
0
0.49
0.64
3.9
12.18
0.17
4.54
2.25
17.35
23.02
5.92
32.75
1.67
17.41
8.55
25.35
3.67
0
2.28
0
0.42
1.62
0
16.18
0
12.76
5.99
7.75
9.22
0.01
0
0
0.56
1.04
1
0
0
7.44
17.1
2.31
0
2.14
9.3
0
0.12
20.22
12.76
15.84
0
0.06
0
4.14
5.97
2.44
0.05
5.53
0
0
0
14.02
14.85
0
0
0
2
12.82
6.6
0.72
0.59
0
0
0
0
0
0
31.57
3.82
0
0
0
6.32
1.14
1.92
0.72
0.24
0
0
0
0
0
1.54
8.28
0
0
0
0
0
0.11
0
0
0
0.02
0.01
0
0
0
0
0
0
0.49
3.33
22.9
0.04
0
0
0.75
2.57
0
0
0
0
0
0.85
10.16
0
0
0
0
0
0.13
0.48
0
2.52
0
5.68
2.14
0
0
0
0
0
0
0
0
0
4.94
0.19
10.84
0
0
0.04
0
0
1.02
0
0
0
13.26
23.32
0.97
0
0
1.17
22.58
6.67
10.41
11.39
10.97
0.33
0
0
0
0
0
0.28
0.07
2.34
0
0
0
0
0
0
0
0
0
0.02
0.03
0
5.02
0
0
2.9
4.33
0
0
0
12.4
2.84
0.85
6.06
3.02
2.73
0.17
0
0
12.1
2.67
0
0
0
0
0
0
2.24
3.61
0.55
0
0
0
1.67
0
0
0
4.06
9.67
1.16
0
0
0.13
0
0
6.6
0
0
0
1.47
0
0
0
0
7.57
0
0
0.01
3.08
0
1.13
0
0
0
2.49
0.02
0
0
0
0
0.46
0.04
0.01
0
0
0
0
0
0
0
0
0
0.02
0
0
0
0.23
0
0
4.66
0.49
0
0
0.16
0.34
0
0.21
4.13
0
0
0
0
6.3
0.64
0
3.54
0.9
0
2
0
0
3.33
0
0
0.07
11.06
1.36
0
0
0.05
0.63
0.15
0
0.18
0.01
0
0
0
0
0
0
3.74
4.62
2.99
7.18
4.71
0
0.18
3.73
0
0.18
0
0
0
1.28
1.02
0.54
9.23
11.81
0.57
0
0
10.36
3.39
0
0
0
0
0
0
0
2.66
1.23
0.63
1.52
0.33
0
0
0
0
1.43
0.41
0.57
0.43
0.68
5.05
0
0
0.91
1.42
0.42
2.29
0
1.82
0.5
0.95
0
0
0
9.1
0
8.46
8.77
0
15.23
1.92
0.28
7.11
0
7.47
1.31
28.66
0.57
19.78
1.35
11.83
0.91
0.35
0.01
0
1.82
2.66
0
15.98
0.28
1.6
0
3.95
0
0
9.08
0.17
0
0
4.15
25.83
0.01
0
0
0
0
5.97
0.55
0.01
7.32
0
0
0
0
10.43
0.03
0.02
0
0.32
0.63
8.48
0.01
12.41
0.99
0
0
0
0
0
1.27
0.08
0.12
0.18
10.21
0.02
0
0
0
0.01
0
23.11
13.6
3.04
0
0
0
0
0.1
3
7.17
6.25
4.5
0.06
0
1.54
0
0
0
0
0
0
0
0
0
0.15
0.03
0
1.58
0
0
0
0.22
0
0
0
0
0.06
0
0.56
47.61
9.62
4.11
4.98
16.03
1
0
0.24
0
9.23
0.91
0.06
0
0
0
0
0
24.97
0
0
0
0.09
0
0
0
3.64
9.55
8.99
13.13
5.78
5
0.09
1.02
0
0
8.49
9.47
0
0
0
0
0.92
0
0
0
0
0
0
0
18.59
6.62
2.3
3.77
3.08
2.36
0.31
0.01
0
0
0.35
0
0.51
0
0
0
0
0
0
4.8
2.51
0
2.83
9.7
1.62
0.54
0
0.18
0
0
1.46
0.04
0
0
0
0
0
0
0
1.55
0
0
0
0
0
0
0
0
7.07
0.07
0.04
0
0
0
0
0
0
0.26
0
0
0
0.48
0
0
0
0
0
0
0
0
0.18
0
0
0
0
0
1.89
3.54
0
0
0.01
0
0
0
0.56
1.57
0.76
7.41
6.19
0.96
1.58
0
0
0
0
0.89
3.1
2.71
1.62
0
0
0
0.27
0
0.52
0.37
1.08
1.8
0
0.02
3.01
0.96
2.99
0
0
0
0
1.08
0.05
0
4.15
0
0
0
0.01
0
0
0
0
0
0.58
0
0
0.99
0.28
0
0
0
0
0
0
0
0
0
0
0.13
0
0
0
9.57
0.03
5.8
1.22
0.16
0.09
0
19.56
4.74
6.1
14.77
0
0
0
0
0
0
18.48
0.03
0
0
0.72
0
0.01
0
0.79
0.36
0
9.67
8.03
0.44
0
0
0.48
9.48
3.86
0
0
0
0
0
0
3.1
0.01
4.81
7.39
0
1.54
0
0.24
0
0
0.01
31.14
52.74
27.01
0.04
0
3.98
1.42
18.73
2.5
0
15.82
0
0
0
0
0
0
4.12
0
0
0
0
0
0
0
0.19
2.11
4.65
2.65
0.18
0
0
0.03
13.45
0.02
0.1
0.01
0
2.25
15.58
0.01
0.29
0
0
0
0
0
0
1.09
0.31
0
0
0.04
0
0
0.87
0
0
0
0
0
0.07
4.26
0
0
1.23
18.4
0.06
6.96
3.55
0.01
0
0.94
5.81
0
0
0
11.45
0
0.01
0
0
0
0
0
13.31
0.94
0
0
17.68
3.67
0
0.81
0.53
0
0.26
0
0
0
20.69
14.55
0
0
1.23
10.04
1.34
2.53
0.13
8.82
0.49
0
0
0.04
0.19
0
0
1.9
11.35
0.12
0
0
0
0.03
0
0.03
0.02
0
5.43
7.6
0
0
0
0.3
8.68
0
0
0
0
0
0
0
0
1.93
0
0.64
0
0
0
0.44
0
0.92
0.61
0
0
0
0.17
0.05
0
0
0
0
0.35
0.53
1.1
2.11
1.43
0.27
0.85
3.64
0
0
0
0
0
2.08
4.75
4.42
0.62
3.98
6.58
0
0
1.47
4.1
0
19.39
15.94
0
0
6.84
9.87
7.82
0.03
0
0
0
2.77
0
0
23.06
1.22
0
0
0
0
0
0
0.59
4.35
0.04
0
0
0
0
0
0
0
0
0
0
0
0
0
0
0
3.34
0
0
0.31
0
0
0
0
0
0
0
0
0.28
0
0
0
0
0
0
0
0
0
0.21
0
0
0.66
8.41
0
0.47
1.92
0.49
0
0
0.33
3.11
0
0
0
0.19
1.3
0
0
0
0.21
0
0
0
0
0
0
4.8
0.67
0.02
0
0
0
0
0
0
0
0
0.43
13.88
0.19
0.02
0
1
0
0
0
0.01
1.18
0
0
0.22
5.32
1.67
0.14
0
0
0
0
0.09
0
0.06
0.6
0.01
0
0
0.01
0.74
1.64
0
0
0
0
0
0
0
0
1.98
8.08
4.31
19.61
10.57
0
0
0
0
0
0
0
1.72
2.95
8.38
2
2.03
28.53
0
0
0
4.99
2.76
0
0
0
0
0.02
0
0
0
0.19
0
0
11.3
6.41
18.08
10.39
0
0.02
1.9
0
0.64
0.34
0
6.4
0
1.58
0
0
0
17.03
0
10.12
0.92
0
0
0
16.17
0
4.57
0.23
0
0
0
1.01
26.72
0
0
0.05
0.49
0
2.26
1.7
0
0
11.43
13.02
21.58
6.48
10.14
0
0
0
0
28.23
0
0
1.63
11.59
0.16
1.21
11.85
7.56
20.53
1.38
0
0
0.91
8.14
0.37
5.82
29.94
0
1.52
15.68
1.78
0
0
2.16
0
0
0
11.69
4.39
0
0
0
0
0
0
0
0
38.06
0.23
1.44
0
0
0
0
0
0
0
0
0
0
0
0
0
13.94
0.08
0
0
0
0
0
0
30.41
3.57
0
1.58
13.24
22.53
3.65
0.63
7.71
0.88
0.24
9.2
0.01
16.04
2.97
0
0
0
0.57
0.23
0
0
0.46
0.97
0.23
0.03
0
0
0
0
0
0.36
2.36
0.31
0.01
0
0
0
0
0.27
0.03
0
0
20.28
12.74
0
0.23
0.01
0
0.06
0.04
0
0
0
0
0
0
0
0.01
2.07
2.94
4.39
0.25
0
0
0
0
0
0.45
3.04
24
0.09
0.07
0
0
2.2
0
0
26.2
3.06
0
16.79
13.86
3.84
6.44
0
0
0
0
0
0
0
0
0
0
0
0.91
0
0
0
0
0
0
0
0
1.51
1
11.41
0
0
0
0
0
0
0
0
0
0
0.02
0
0
4.31
0
0.01
0
0
0
0
12.05
5.99
2.07
3.7
12.35
13.01
0
0.08
3.97
0
0
0
0
0
0
0.07
0
0
0
0
0
1.9
0
0
0.09
0
0
0
0
0
0
0
0
0
0
0
0
0
0
0
0.03
0.05
0.1
0
19.14
0
9.67
9.85
4.44
0
0
15.93
0.09
0
0.57
0.14
5.46
0.12
3.07
0.09
0.55
0
0
0
0
0.05
0
0
0.96
0.74
0
0
0
0
0.8
18.26
0
0
0
0
0
0
0
0
0.58
0.46
1.02
3.01
0.4
0
0.93
36.02
0.84
0
0.09
0
0
0
0
0
0
0
0
0
0
2.25
4.33
22.21
4.47
1.72
5.96
0
0
0
0
0
3.98
0
0
4.44
2.22
0
0
0.93
2.32
1.76
0
0.15
0.03
0
3.1
0
0
16.93
1.08
0
14.45
0
0
0
5.28
0.99
5.46
0
0
2.33
0
0
0
0
0
0
6.67
0
0
7.22
0.72
3.66
0.07
0
0
0
0
8.35
2.98
0.01
0
0
0.23
0
0
0
0.14
5.5
0
0
0.73
24.72
13.15
0.02
5.79
0
2.11
0
0
0
0
0
0.03
0
0
0
0
0
0
0
0
0
0
0.25
1.1
0
0
0
16.75
0
0
0
0
39.27
0
0.06
3.39
1.33
0
0
0
10.25
1.01
0
0
0
18.99
4.56
0
0
0
0
0.11
0
0.91
1.05
0
0
0
0
0
0
0
0
0
0
0
0
0
0.28
0
48.37
0
0
0
0
0.72
43.17
0
0
0
0.19
0
0
0
0
0
0
0
0
0
0
0
0
0
0
0
0
0
0
0
0.36
0.82
0
0
0
0
0
0
0
0
0
0
0
0
0
0
0.72
30.77
0
0
0.07
0
0
0
0
0
0
0
0
0
0.16
0
0
0
0
0.06
0
0.7
1.66
3.18
8.86
1.11
3
0.66
0.39
0
2.76
0
0
0
0
0
0
0
10.8
7.74
0.01
0
0
9.53
0
0
0
0
0
2.03
2.34
0
1.73
0.27
2.31
2.51
8.02
1.12
0.77
14.23
1.6
0
0
2.66
4.8
0
0.15
1.17
0
2.3
0
2.89
1.76
0
0.16
0
0
0
0
0.04
0.07
0.25
0.31
0
0.82
2.55
0
0
3.11
23.28
2.8
4.39
4.15
0
0
0
8.92
2.69
1.02
0.32
0
0
0
0
0
0
0.46
0
0
0
0
0
0
0
0
0
0
0
0
0
0.39
0.76
0
0
11.51
9.09
0
0
5.89
8.61
0.44
0
0.01
0.33
0.16
4.78
0
0
8.69
2.68
0
0
2.45
0
0
0
0
0
0.61
0.91
0
0
0
0
0
0
7.1
0
0
0
0
0
0
7.54
8.22
0.66
7.96
1.11
0.05
1.52
3.01
0
1.89
0
0
0
20.37
1.53
0.55
3.58
1.29
1.18
1.53
7.52
6.82
1.35
0.31
0
0.66
0
0
0.02
0
0
3.63
0.56
0
13.69
2.37
0
0
2.87
9.05
0
3.53
0
0.02
1.66
0.04
0.65
9.22
0.96
0.27
0.13
0
1.04
22.73
2.94
0
18.63
7.57
0.25
0
2.71
2.57
0
0
0
0
0
0
0
23.81
5.03
0.04
0
1.38
1.48
0
0.02
6.2
0.03
0.01
2.26
0.96
5.66
0.01
0
0
15.88
0
0
0
0.01
24.56
3.43
0
6.35
0.03
0.57
1.22
0
0
0
0.48
0
0
0
0
0
0
0
0
0.75
0.28
0
0
0
0
0
0
0
0
0
0
15.06
0
6.94
0
13.38
0.01
0
0
0
0.58
9.67
0
0
0
0.59
9.95
12.19
24.92
7.2
19.85
1.2
0
0
0
0.01
0.14
4.21
5.9
0
7.71
0
0.13
0
0
0
0
0.3
0
0
0
0
0
0
0
2.98
1.11
0
0
0
0
3.02
1.05
1.2
0
0
0
0
0
0
0
0
0
0
0
0
0
0
0
0
0.19
6.84
4.62
12.16
1.65
13.98
0.25
0
0
0
0
0
0.71
0
0
0
0
0
0
0
0
0
0
0.17
0.09
0
0
0
0
0
0
0.36
0.4
4.25
0
1.49
0
0.01
0
0
1.2
7.53
4.57
0
0
0.15
1.93
0
0
0.01
0
0
0.3
0
0
0.17
0
0
0
0.01
1.06
2.84
1.39
0
0
0
0
0
0
0
0
17.48
0
0
0
0
0
0.8
0.41
0
0
0
0
0
0
0.88
2.65
9.5
3.72
0
0
0
0
0.01
0
0.01
0
0
0
0
0.05
0
1.81
0
0.05
0
0
0.13
7.24
0.87
0
0
0
0
0.14
0
1.18
10.59
0
0
0.07
2.26
0.52
23.5
6.13
20.08
0
3.97
3.76
3.74
0.3
0
0
13.28
0.4
0
0
0
0
1.4
0
0
0
1.62
0.19
3.73
0
10.46
0.12
3.67
0
6.57
0.48
0
2.28
1.28
0
0
0
0
1.01
3.93
0
0.23
4.23
13.48
0
0
0
23.29
0.8
0
3.61
8.18
14.87
0
0
0
0
0
0
0
0
25.46
1.87
0
8.13
0.44
22.56
9.2
0.98
0
0
0
0
0
0.2
0
1.21
0
3.38
0.29
0
0
6.13
7.5
27.28
1.25
1.14
0.7
0
5.67
2.69
5.32
2.44
9.68
0
0
4.7
1.53
3.35
3.51
0.02
0.53
15.86
0.62
5.24
0
4.19
21.8
4.74
0
0
0
0
0.02
4.38
0.08
1.9
0.01
0
0
0
0
0.03
7.03
0
0
9.23
3.43
0
0
0
0
0
11.31
0
0
0
6.86
0.65
1.81
0.88
13.7
0
22.96
0.26
1.44
0
0
0
0
0
0
0
0
7.44
7.63
3.11
0
0
0
0
0
0
11.86
0
0.48
0
0
0
13.03
0
28.24
1.31
0
0.81
0
0.58
0.57
0
0
0
0
0
0
0
0
0
0
0
0
0
0
0
2.26
0
0
0
0
0
0
0
0
0
0
0
0
0
1.29
0
0
0.04
0
1.6
0.17
0
0
0
0
0
0
0.63
0
0
0
0
0
0
0.07
0
5.87
13.97
0.13
0
0
13.48
0.65
0
0
0
20.54
2.09
8.72
13.72
0.99
0
0
0
15.73
5.73
22.56
4.04
0.51
7.87
1.87
0.49
0
0
0
0
0
0
0
0
0
0
0
0
0
0
0.02
16.52
10.49
0.09
0.25
0
0
0
0.02
0.03
0.22
0
0
0
0
0.48
16.27
0
0
31.14
1.47
7.02
0
9.92
2.06
2.97
0
0
0
0
0
0
4.02
0
0
1.32
0
0
0.01
0
0
0
0
0.01
0
26.49
0
0.36
0
0
0
1.26
4.26
8.23
2.45
0.2
0
0
0.26
0.07
9.37
26.97
12.31
0.6
0.01
0
0
2.08
12.44
1.36
0
0.02
0
0
0
1.52
0.13
0
0
0
1.64
3.33
0.75
9.56
1.39
0
0
2.28
0.02
1.92
0
0
1.31
6.08
2.57
0.29
0
0
0
0
0.28
0.06
0.1
0
0
24.47
0
0
0
0
5.3
0
0.68
0
0
0
0
0
0
0
2.22
1.76
1.48
2.59
4.14
0
0
5.48
0
6.38
1.21
0.07
0
0
0
0
0
0
0
16.9
9.4
0.21
0.04
0
0
0
0
0
0
15.16
0
0
0.48
0
0
0
0
0.43
4.68
0
5.8
0.41
0.06
0
0
7.56
0
0
0
0
41.32
1.34
0
0.04
1.47
2.62
31.6
3.32
1.91
0
0
0
0
0
2.33
10.09
0
4.14
3.16
0
3.18
21.19
0.05
0
4.82
1.65
0.08
0
0
0
0
9.98
0
0
2.29
0
0
0
3.25
9.42
0
0
0
18.6
0
0
0
0
0
0
0.32
0.11
0
0
0
0
31.9
0
0
0
0
0
9.43
0
2.43
0
0
1.03
9.42
0
0
6.42
0
0.03
0.02
0.01
0
0
0
0
0
0.82
10.19
0.85
0
0
23.86
24.03
0
0
1.04
24.05
0
0
0
0
0
2.24
0.03
0
0
0
0
7.8
8.3
0
0
0
0
0
0
0
10.43
0
0
0
0
0
0
0
1.25
0
0
0
0
0
0
0
0
0
0
0
0
0
0
0
0
0
0
0
0
0
0
12.09
0.07
0
0.07
28.93
0
0.06
10.63
1.95
0
0
0
0
0
0.87
0
0
0
0
0
0
0
0
0
0
0
0
0
0
0
0
0
0
0.27
1.45
29.45
2.58
0
0
0
0
0
0
0
0
0
0
0
0
0
0
0.21
0
0.01
0
0
17.35
3.46
0
0
0
10.82
0
0
0.25
0
0
0
0
0
0
0
0
0
1.56
6.96
0
0
0
0
0
0
0
13.76
15.08
0
0.08
19.24
0.59
0
7.36
7.53
0.03
0
0
0
0.15
0.01
0
0
0
0
0
0
0
0
0
0
0
0
0
0.05
0
0
0
0
1.58
0.51
1.15
0
4.34
6.06
1.43
17.74
17.94
0
0
0
0
0
0
0.07
1.1
2.71
6.48
0
0
0
0
0.03
0
0
0.56
0
0
0
0
0
0
0
0
18.96
7.02
0
0
0
0
0
1.5
0
28.03
2.53
0.13
13.84
2.48
6.3
0
0.25
0
0
0
0.56
1.79
17
5.82
0.74
0
0
0
0
0
0
0.01
17.46
0.86
0
0
0
0
0.04
0
0
0
0
0
0.41
4.9
8.28
17.92
12.58
0
0.01
0
0.65
7.13
2.83
14.66
1.82
0.04
7.17
0.21
0.22
0.14
1.41
0.03
1.34
4.14
0
0
0
17.88
5.66
0
0.28
0
0
0.05
2.71
7.18
1.36
0
0
0
0.48
0
0
0
0
0
3.25
28.24
5.2
1.11
0
3.56
9.31
6.69
0
5.6
0.28
0
0
0
0
0
0
0
0
0.09
0
0
0
0
12.63
0
0
0
3.04
0
5.15
1.31
0
0
0
0
0
0
0
0
49.4
34.31
0.28
6.69
0
0.18
6.09
1.15
1.71
28.42
67.58
2.69
0.02
3.64
0.18
2.55
1.18
0.91
2.1
2.9
0
2.83
0.12
0
14.54
0.03
0
0
0
0
0
11.32
0
0.08
1.44
0
0
0
0
0
0
0
0
27.76
0
0.32
0.03
0
0.01
0
0
0
0
0
0
0
0.28
0
0
0
0
11.45
0
10.05
14.39
0
0
0
0
0
0
0
0
0.01
0
3.73
0.09
0
5.47
0.01
2.22
0
0
0
0.05
3.96
0
0
0
1
4.49
0.24
0.98
7.53
0
0
0.01
0.06
0
1.83
4.33
0.01
0
0
0
0
0
0
3.87
0.15
0.13
19.18
17.57
0.67
1.24
6.39
0
1.53
0.16
0
0
3.68
4.92
0.08
3.61
8.31
2.71
9.29
9.15
0.01
0.24
0
0
0.7
2.75
1.43
0
0
0
0
0
0
0.68
0
0.35
4.03
2.46
3.39
1.15
0
0
0
0
0
0
0
0
0
0
0
0
0
0.01
0
0
0
5.97
0
0
0
0
0
0
0
0
0.22
0
0.09
0.29
0
3.52
3.62
0
0
26.59
1.42
0
0
2.83
15.89
0.13
0
5.22
0
0
0
0
14.13
2.33
3.77
10.47
0.01
19.68
0
0
0
0
0
0.02
0.05
2.95
0
0
2.49
7.86
0.18
2.03
8.11
0
0
0
0
0
0
16.34
0
0
0
0
0
0.12
0.13
0.18
0
0
0.06
0
0.57
0
0
0
15.22
0.2
1.69
0.27
3.39
0
0.27
0
1.06
5.41
0
0
0
0
2.38
0.09
0.64
2.51
4.08
2.47
0
0.92
0.87
0
0
0
0
0
0
0.28
2.97
0
4.45
0
0
0
0
2.2
1.88
0.02
0
0
0.01
8.9
1.54
3.39
0
0
0
0
0
0
0.89
0.81
2.35
0
0
0
0.1
21.85
0.01
0
0
0
0
0.98
11.7
0.47
0
0.01
5.29
7
0
0
0
16.49
0.38
0.35
0
0
2.2
6.8
0.21
0
0
8.76
0.91
0
0
3.78
3.22
0
0.01
10.45
0
0
0.94
0
0
0.34
0
0.09
14.99
0.21
0
0
0
0.01
8.95
0.91
0
0
6.28
0
22.34
0.91
0.21
0.05
4.43
3.6
0
0.44
0
0
0
0
0
19.4
0
22.65
0
0
0
0
2.84
7.56
0
0
0
0
0
0
0
0
0
0
0.06
5.8
0
0
0
4.85
44.26
6.47
1.92
0
20.39
0
0
0
4.18
0
0
0
19.67
0
0
2.06
0.02
0
0
0
0
0
6.77
40.57
4.41
6.07
0.08
0.03
0
0
0
0
0
0
0
0
0
0
0
0
0.49
0
0
0
0
1.82
13.15
38.27
1.72
0
0
0
0
0.08
0
0
0
0
0
0.73
22.98
9.79
0
0
1.07
2.93
0
0
0
0.35
0
0
0
3.68
0
0.01
0
0
0
0
0
0
0
0
2.15
1.19
0.01
0
0
0
0
0
14.73
0
0
0
0.19
0
0
0
0
1.86
0.31
16.29
0.29
2.1
2.73
0
0.72
0
0
0.01
0
0.1
0
0.08
1.74
0
0
0
0
0.48
0
0
0
0
0
0
0
0
0
0
0
0.5
0
0
0
0
0
1.77
0.69
0
0
0
0.02
0
0
0
0
0
0
0
0
0
0
0
0
0
0
0
0
0
0
0
0
0
0.55
0.35
0
0
0
0
0
0
0
0
0
0
0
0
0
1.58
0
0
1.15
0.05
0
3.02
3.74
2.72
0.04
2.51
0.13
0
12.65
0.03
0
0
0
0.08
0
0
0
0
0.95
0.03
0
0
0
8.64
0
0.82
8.8
0
4.33
0
0
0
0
0
2.14
0.1
0
9.43
8.53
2.96
0
1.91
0.02
0.15
0
0.01
0
0
0.02
4.93
9.19
3.34
0
0.14
2.6
2.29
0.01
0.07
1.17
0.03
0
0
0.01
5.41
0.3
0
24.01
10.97
1.88
0
0
0
0.99
0.03
0
0
0
0
0
8.93
5.93
17.39
24.29
4.3
10.86
2.33
7.22
1.5
0
0
0
0
0
0
0.37
0
0
3.18
7.06
24.36
0.15
0.03
4.77
0
5.98
0.44
0
0
0
0
1.24
0
0.04
3.37
3
12.15
1.21
10.09
3.15
1.63
4.39
0.56
0
0.26
0
9.2
0
0.03
0
0
10.24
5.13
0.14
0
0
0
0
0.06
0.57
0.43
3.29
1.85
0
0.05
0
0.43
0
0
0
0
0.23
17.7
9.53
8.24
0
1.1
0
0
66.04
0.82
1.05
1.45
0
0
0
0
18.86
10.72
0
0
0
0
0
0
0
1.09
6.63
30.31
0.05
0
0.02
0
0
1.3
25.28
20.52
18.78
3.85
5.97
0.01
0
5.62
7.45
12.26
0.97
0
0
0
0.06
0
3.95
0.86
0
0.12
0.01
0
0
0
0
0
0
0
0
0
0
0
14.34
17.79
0
0.03
0.04
0
1.47
0
0
0.01
1.44
2.31
0.05
0
0
0
0
0.28
0.13
0
0
0
0
0
0
0
0
0
0
0
0
0
2.7
0.02
0
0
0
0
0.11
0.17
10.96
0
0.02
0
0
0
0
0
0
0
0
0
0
0
0
0
12.82
0
0
0
0
0
0.03
0
0
0
0
0
0
0
0
0
0
0
0
0
0
0
0
0
0
3.81
0
17.22
0
0
0.95
0.04
0.25
0
0
0
0
0
0
0
0
0
0
0
0
0
0
0
0
0
0
0
0
0
0
0.35
0
0.12
0
0
0
0
0
0.22
0
31.12
0
0
1.26
0.01
0.07
0
1.04
0
0
0
0
0
0.77
0
0
6.21
0.04
0.12
0.4
0.29
0
0
0
0
0
0
0
0
0
0
0.38
4.42
0
0
0
0
0
0
0
0
0
0
0.25
0
0
0
0
0
0
0
0
0
0
0
0
0
0
17.66
0.27
7.95
0
6.49
0
0
0
0
0.53
5.68
0.04
1.43
18.46
0
0
0
0
0
0
0
3.04
0
0
2.72
5.67
5.85
5.47
4.24
10.01
0.81
0.93
0.23
0.02
0
0
0
0
0
0
0
0
0
2.39
0.83
0.83
0.88
0
0.08
0.01
0.01
0
3.29
1.79
2.97
0
0
0
1.36
0
6.23
23.96
0
0
0.05
0
0
0.05
0
3.68
0.09
4.08
0.12
15.44
0.1
25.33
18.21
3.5
0
1.57
0.19
4.92
0.85
0.25
0
15.12
0
0
9.55
0
1.87
0
0
0
0
2.15
0
0
8.66
0.03
5.72
1.79
0.39
3.55
0
0.12
0
28.6
0
0
0
0
0
0
11.37
0
0
0
0
0
2.93
0.13
0
0
0
0
0
0
0
0
0
0
0
0
2.17
4.11
0.03
0
0
7.29
0
0
0
11.17
0
16.91
0
0
0.93
22.17
0.03
0
0
0
0
0
0
0
0
0
10.94
0.2
0.01
8.64
0.91
0
28.35
0
0
0.07
0.08
0.36
0
0
0.15
0.01
0.29
0.43
0
6.48
7.23
0.12
0.22
9.88
0
0.28
6.18
0.04
0
0
4.1
0.3
0
3.04
2.51
0
0.9
9.04
0
0
0
0
0
0
0
0
0
0.02
0.77
10.35
0
0
0
0
0
0
15.83
0
9.95
0.52
33.75
29.33
1.45
3.89
0.03
2.02
0
0
0
0
0
0
0.63
0
0
0.03
0
0
0
0
0.15
8.69
0.01
3.34
0.99
0.05
9.37
6.75
11.05
0
0
0
6.54
0
0
0
0.42
5.64
0
5.9
5.47
4.62
0.28
0
0
3.26
2.38
2.82
2.98
0
0
0
0
0
0
5.81
2.68
2.16
0
0
0
1.83
1.14
0
0
2
3.72
0
1.19
5.54
0
0
0
0.02
2.43
0
0
0
0
0
0
0
0
0
0
0
0
0
0
0
0
0
0
0
0
0
0.03
0
12.58
0.67
7.28
0
4.25
4.3
1.59
0
0
0
0
0
0
0
0
0
0
0.01
0
0
0
0
0
0
0
0
0
0
0
0
0
0
1.95
0
0
0
0
0
0
0
0
0.87
0
0
0
0
0
7
0
5.29
0
10.31
2.64
0
0
0
2.38
0
0.2
0.01
1.64
0.01
0.47
0
0.13
0.14
2
2.66
0.29
4.14
2.72
16.02
0.24
0
0
0
0
1.55
0.02
0
0
0.06
0
0
0.04
4.66
22.05
2.05
0
0.71
0
0.01
0.73
15.53
0.04
2.63
0
2.08
0
12.08
28.69
15.75
2.45
0
0
0.06
0
0
0.01
2.76
0.07
0
0
0
0
5.65
0.5
4.17
11.08
0
6.3
0
0
0
6.1
0
0
0
0
0
0
4.51
2.26
5.07
0.75
3.87
0
0.01
16.1
0.04
19.68
37.95
2.08
0
0
0
0
0
1.35
0
0
0
0
0
0
0
0
12.1
29.12
0
0
23.32
0
0
0.89
20.84
0
0
9.58
7.39
0
9.01
19.55
4.88
0
0.02
8.35
2.33
0
0
0
0
0
0
0
1.41
0
0.25
0
1.56
7.8
0
0
25.87
0
0
0
0
0
0.95
12.7
9.57
0
2.05
0
0
0
0
0
0
0
0
0
0
0.13
0
0
0
7
1.77
4.36
14.95
0.28
0.21
0
0
5.66
0
3.26
18.18
0
0
0
0.06
0.05
0
0.26
0
17.81
0
0
0
0
0
11.15
0.75
0
0
2.71
0
0
2.99
0
0
28.13
7.84
0
0
0
0.01
0.43
0.1
0
0
0
0
0
0
0
0
0
22.14
0.2
2.36
0
0
8.34
0
0
0
0
1
7.18
21.1
6.84
0
15
18.06
24.42
6.16
1.83
7.9
0.14
0
0
0
0
0
0
0
0
0
0
0.06
2.94
0.05
0
0
0
0
0
0
0
0
0
0.04
0
6.98
4.31
7.76
0.31
0
0
0
0.77
0
0
0
0
0
0
0
0
0
0.04
0
0
0
2.78
0.02
0
0
0
0
0
0
0
1.16
1.5
7.04
0.06
0
0
0
0
0
0
0.55
0
0
0
0
0
0
1.66
0.24
0
0
0
4.42
0
0
2.66
2.35
0
7
0
0
0
0
0.99
0.32
0
0
0
0
0
0
0
0
0
0
0
0
0.99
1.83
0
0
0
0
0
0
0
0
0
0
0
0
4.4
9.27
0
1.81
3.32
5.1
31.12
0.07
6.68
0
0
0
0.82
0.94
0
0
2.07
0.13
0
0
0
0
0
0
4.09
0
0.78
0.01
0
0
0
0
0
0
1.26
0
0
0
2.43
0.22
9.87
0.07
0
0
0
0
0
0
0
0
9.71
5.25
4
0
0
0
0
0
0
1.13
2.85
6.35
1.64
3.33
3.33
0
0
0
0
0
0.49
0
0
14.24
0
19.42
0
0.12
0.28
0.69
0.57
0.17
4.65
1.53
35.94
1.99
0
0
0
0
0
2.98
7.97
0
0
0
0
0
0
0
0.31
0
0
0
0
0.17
0.01
5.03
0
2.9
0
0
1.12
5.29
0.34
0.1
0
4.54
0
0
3.2
0
0
0
0
0
0
0
0
0
0
0
0
0
0.01
0
0
0
0
0
0
0
0
0
0
0
0
0
0.13
0
0
0
0
0
0
1.56
3.77
0
0
0
0
0
0
0
0
26.79
0
0
17.54
0
0.01
0
0
0
0
0
0
0
5.59
0
0
0
0
0
0
0
0
0
0
0
0
0
0
20.53
0.08
0.02
0.02
1.34
14.71
13.75
0.27
7.69
0
0
3.31
0.02
0
0
0
0
6.21
38.1
6.51
1.02
0.09
16.01
0.05
0
0.05
2.53
0.25
0
0
36.42
24.03
1.97
0
0.04
33.47
0.47
0
0
0
0
0
1.58
2.41
0.24
0
0
0
28.08
14.56
0
0
0
1.36
0
1.51
0.2
0.02
0.03
0
0.24
2.48
0
0
0
5.77
1.06
29.66
0.34
1.1
5.01
7.86
4.33
0.31
0.05
0
0
0
0.02
0.02
0
0.05
0
0
0.01
0
0
0
0
0
0
0
0
0
0
0
3.01
0
0
0
0.67
0.02
0
0
0
0
0
0
0
0
0
0
0
0
0
0
0
0
0.52
0
0.36
0
1.7
0
0
0
0
0
0
0
0
0
0
0
0
0
0
0
0
0.05
0
1.45
0
0
0
0
0
0
5.11
8.12
0
0
0
0
8.33
2.91
0
0
0.97
0.01
0
0
0
0
0
0
0
0
0.02
0.11
0
0
0
0
0.23
2.04
3.66
0.1
0
0
0
0
0
0
0
0
8.49
0
0
2.18
0.7
0
0
1.05
14.39
0.92
0
0
0.59
0
0
0
0
0
0
0
0
0
0
0
0
0
1.59
0.74
0
0.3
5.11
0.39
5.42
13.61
2.34
0.19
0.24
0
0
0
0
1.98
0.13
0
0
0
0
0
0.03
0
0
0
0
0
0
3.11
0
0.95
1.76
0
0
7.66
0
0
0
0.4
0
0
0.01
0
16.94
0
0.01
2.84
0
19.43
0
0
1.71
0
0
10.88
2.62
1.82
0.54
1.31
2.16
0
0
0
0
0.01
0
0.03
2.37
0
0
0
0
8.79
4.29
0.61
0.26
1.25
1.37
0
14.41
0.21
1.29
0.41
0.21
0.02
0
3.41
3.46
0
0.63
0
0
0.6
0
0
0
0
26.42
6.12
0
1.67
5.75
1.86
0
0
0
0
0
0
0.5
0
0
0
0
0
0
9.03
15.02
0
4.03
0.77
0
0.27
0.34
0.03
0.16
9.04
10.24
0.38
0
0
0
0
12.91
0
0.01
0
1.92
0
0.17
5.73
0.08
0
0
0
0
0
0
6.6
1.05
0
4.97
20.16
0
0.03
13.56
2.85
1.62
0
0
0
0.51
0.83
0
0
0
0
3.79
2.92
0
0.83
8.95
0.17
0
17.84
15.96
19.1
0.15
0
0
0
0
0
0
0
0
0
0.4
0.3
16.11
2.06
0
4.03
2.44
0.03
5.66
11.68
10.49
0.05
0.08
0
0
0
1.71
8.99
0
5.93
0
0
0
0
0
6.04
28.9
0.09
0
0
0
0
0
0
0.63
0
0
0
4.1
0
0
13.59
0
2.55
0
0
0.11
0
20.89
0
0
20.71
9.16
22.95
2.15
0
0
0
0.17
12.83
0
0.02
4.04
0
0
0
0
0
0
0
0
0
0.09
0
0
0
0
0
0
0
0
0
0
0.01
4.85
0
0
0
0
0
0
0
0
0
0
0
0
5.55
0.54
0.01
1.28
1.5
3.69
0.3
0
0
0
0
0
0
0
0
0
5.53
0
0
0
0
0.12
0.43
0
0
0
0
0
3.49
0.14
0.2
0
0
0
0
0
0.05
0.13
0
0
0.56
0.13
0
0
0.69
0
12.37
0.67
0
0
0
0
18.25
8.86
0.31
5.73
2.51
0
0
0
8.77
27.48
23.21
4.32
0.64
0.01
0
1.11
14.21
1.64
0
0
0
0
0.22
0
0
1.92
0
0
0
0
3.92
0
0
0.71
9.15
0
0
0
0
2.18
0.05
0
0.31
0.04
0
0
0
0.38
9
2.39
0
0
0
0.86
1.99
1.12
3.28
0.67
11.01
2.57
0
0
0
4.01
16.93
4.36
0
0
0
12.2
1.89
1.36
28.6
0.29
0
0
9.22
0.24
0
0
0
0
0
1.8
0
0
0
0
27.46
0.53
0
0
0
0
0
9.79
0.53
7.72
0
4.31
6.42
0
12.67
0
0
0.3
0
0
10.52
3.83
10.13
0
0
0
0
0
0
0.49
0
0
0
0
0
0
0
0
0
0
0
13.82
0
0
10.17
0.18
26.2
0
0
0
11.42
10.68
3.17
12.73
0
11.04
2.68
26.95
9.61
0
0
0
4.07
0
0.86
0
17.38
10.3
0
0.14
0
0
0.16
0.56
0
0
0
0.35
13.74
0
25.05
8.49
0.01
0
0
0
0
0
0
0
0.58
11.58
0
0
0
0
3.9
7.75
13.66
0
0
5.98
0
0
0
0
0
0
0
0
0
0
0
0
0
0.22
0
0.98
34.51
0
9.2
0
28.46
0.2
0
0
0
0
0
0
0
0.01
2.95
0
0.38
14.11
18.78
0.19
0.27
0
0.94
1.05
0
0.83
0.09
0.04
0
0
0
0
0.11
0.05
0.22
0
0
0.01
0
0
0
0
1.14
6.05
0
0
3.14
4.89
0.47
0
0
0
0
0
0
0
0.13
8.02
17.12
1.64
0.32
3.11
0.02
0
0
1
0
9.4
0
0
0
0
0.6
0.73
0.1
0
0
0
0
0
0.13
0
0
0
0
0
0.11
8.06
0
1.26
0.04
5.83
0.35
0
5.63
0.08
0.14
0
0
0
0
0
0
0
2.14
0
0
0
0
0
0.01
0
2.24
6.08
0.04
6.68
3.94
11.3
0
0
0
0
14.98
0.27
0
34.99
0.24
0
0
35.36
0.14
25.24
0
1.34
0
0
0
0
0
0
0.16
0.31
0.07
4.07
0
0
12.52
4.06
0.11
0
0.93
0
0.13
0
15.4
0
2.32
0
0.02
0.11
0
0
0
0.01
0
0.31
0
0
0.55
1.16
0.36
0.62
3.68
0.07
0
0
0
0
0
0
0
0
14
8.66
1.27
0
4.16
0
3.21
0.7
0
0
0
0
0
0.03
0.51
5.76
0.71
0.01
20.55
1.47
0
0
0.01
8.31
6.61
6.19
11.69
4.11
0
0
0
0
0
0
0
0.12
6.22
12.17
3
0
0.68
9.73
4
33.8
0.95
0
8.59
0
1.42
0.06
14.71
0.15
2.97
2.85
0
0.91
0
0
4.33
10.49
0.99
3.06
5.58
4.9
0
0
0
0
0
13.12
0.01
0.47
13.52
5.57
0
0
0
0
0
0
0
0
4.54
13.45
0.08
3.46
0
0
0
0
0
0
0
0
0
18.2
7.92
0
0
1.11
5.29
0
0.34
4.75
0
0.24
13.5
8.42
0
0
0
0
0
0
0
0.01
0.6
18.22
0.09
2.1
0
0
0
1.42
0
2.25
45.76
0.26
0
0.31
1.72
0.26
11.13
10.97
0
0
0.12
9.76
0
0
0
0
3.5
26.12
12.88
0
0
0
17.66
0
0.03
0
0
0
0
0
0.14
14.08
2.45
0
0.02
0
0.12
0
0
0
0
0
0
0
0
0
0
0
0
0
0
0
0
0
0
0
0
0
0
0
0
2.19
0
1.01
0.2
7.08
0.21
0.01
0
0.5
0.03
0
0
0
0
0
0
0.91
0.02
0
0.87
15.68
0
0.02
0
0
0
0
0
0
0
0
3.86
1.48
0.55
0.35
0
1.34
8.1
7.42
16.71
4.37
0
0
0
0.64
3.06
27.44
1.23
0
0
0.23
0.17
0
0
0.08
0
0
0
0
26.14
0
0
0
0.45
16.51
4.55
1.04
0
0
0
0.44
5.02
20.02
0.98
0
0
0
0
0
0
0
0
0
3.14
1.47
0.5
0
4.34
8.81
0.69
0.69
4.74
0
0
0
0
0
0
14.54
1.42
0
0
1.12
1.49
0
0
0
0
8.33
0
0
0.04
0
0
10.44
0
0
0
0
0
0
0
0
0
0
0.77
0.76
0.14
0
0
0
0
0
0
0
0.02
8.16
1.35
0
0
0.01
0.91
0
0
0
0
0
0
0.31
0
0
0
0
0.31
0.14
2.9
2.51
32.37
20.67
27.17
0.43
0
0
0
2.16
0
0.01
11.01
0.24
8.22
1.27
0
0
0
0
0
0
0
0
2.35
0
0
0.01
0
0.01
1.81
5.63
0
1.59
0.01
0
0
6.67
20.07
0.93
0
1.67
24.03
8.24
4.46
0.01
0
0
0
0
27.68
0
7.79
0.01
0
4.83
10.02
10.99
0.85
0
0
0
0
0
0
0
0
0
0
0
0
0
0
0
1.47
0
0
0
0
0
21.73
3.58
11.01
17.18
6.23
0
5.78
2.84
0.86
0
27.09
0.72
21.99
35.19
0
0
0
0.03
0
2.09
0
0.9
9.86
0.05
0
0
7.05
0
0
0.55
0
0
0
0
0
9.25
3.36
0
0
0.44
0
2.28
0
0
0
2.62
0.25
0
0
4.07
1.88
0
0
2.6
43.99
2.88
11.08
14.45
1.04
0.1
0
0
0
0
0
0
0.53
3.14
0
0
3.76
0
1.82
0
5.9
31.26
15.81
0.67
4.14
0
2.23
0
1.91
0
0
1.92
1.19
3.19
0.88
0
0
0.51
2.66
0.74
4.31
13.34
42.71
1.19
1.57
0
0.99
0.26
0
0
0
8.6
0
1.57
7.61
0.24
0
0
0
0
0
0
0
0
0
5.78
5.16
0.61
0
7.38
11.48
0
0
0
0
0
0.01
0.65
4.64
0
0
0.25
0
0
0
0
0
0.01
0
0
0
0
0
0
0
0
3.56
2.38
6.58
0.04
10.09
7.56
9.81
0
0
5.62
2.79
0.04
4.49
0
3.15
0
0
0
0
0
0
0.03
0
0.47
0.28
0
0.26
5.04
1.38
0
0
0.03
0
0.34
10.74
0.2
6.6
3.78
5.86
0.46
0
0
1.97
1.26
0
1.15
3.41
3.82
5.38
3.92
0.01
0.09
0
0
7.22
2.89
1.36
0
0
0
0
0
0
0.04
0
3.93
0.14
0
0.04
0
2.09
0
0
0
0
0
0
0
0
0
0
0
0
0
0
0
0
0
0
0.71
0
0
0
0
0.03
0
0
0
0
0
0
0
2.25
0.18
0
0
0
0
0
0
0
0
0
0
0
0
0
0
0
0
0.05
0.26
4.28
3.38
0.91
2.12
0.49
2.9
0.12
0
0
0
0.89
0
0
4.05
0.02
0
0
0
0.14
0.64
0
0
0
0
0.02
1.71
0
0
1.3
2.17
0
0
0.06
3.37
1.86
0
0
0
0
0
1.86
0.02
0.73
0.13
0
0
0
0
0
3.2
0.73
2.03
0.12
0
0
0
0
0
0
0
0.14
0
0
0.15
34.87
13.9
6.94
7.11
0.03
1.97
4.64
1.22
0
0
0
0.32
0.96
11.82
0.1
0
2.32
0
0
0
4.84
0
2.62
0
27.21
0.14
0.47
17
2.52
9.18
3.19
0
12.69
3.39
10.3
0
0
0
0.32
0
9.5
1.4
0
0
0.01
25.53
15.6
15.93
1.12
0
2.94
8.76
0.82
3.64
6.23
0.77
2.07
10.25
7.57
1.29
0
0.65
0.2
11.66
12.6
6.57
0
0
0.23
4.14
0
25.71
2.37
0
0
0
0.32
8.09
0
0
1.17
0.08
0
0
0
0
0.29
0
0
0.11
0
0
0.32
0
0
0
0
0
0.12
7.12
16.18
0
0
0
0
0
0
0
7.76
22.41
0
0.01
0
0
0
20.12
0.49
0
0
0
0
0.93
0
0
0
0
0
0
0
0
0
0
3.8
1.76
0.48
0
0
0
0
0
0
0
5.1
1.25
2.69
0
0
0
0
0
0
0
0
0.45
0
0
0
0
0.18
1.34
0
0
0
0
0
0
0
0
0
0
0.69
6.98
1.14
0.04
0.79
10.31
23.05
0.65
0
10.69
0.93
0.12
0
0
0
0
16.29
2.38
0.01
0.55
0.39
0.07
5.15
6.25
8.22
2.07
16.7
0
0
0
0
0
6.27
0
0.49
5.86
0
0
1.29
5.42
0
0.26
0
10.65
0.39
0.07
0
0
0.01
7.53
0
0
0
0
0
0.13
0.01
0.85
0
0.39
0
0
0
0
0
0
0
0
0
0
0
0
0
0.86
0
0.62
2.1
0.03
0
0
0
0
0
0
0
0
0
0
0
0
0
0
0
0
0
0
0
0
0
0
0
0
0
0
0
0
0
0
0
0.88
0
0
0
5.65
15.67
0
0
0
2.48
0
1.77
0
0.19
0.58
0
0
0
0.05
0
11.74
15.24
0.28
0.25
1.83
0.48
0
0
0
0
0
0
0
0
0
0
0
3.71
0
0
5.89
7.57
1.15
1.92
4.39
0.18
2.79
0
1.25
4.52
0
10.21
0.09
8.7
0
0
0
0.18
0
6.62
0
0
0
0
0.88
0
0.72
0.98
2.61
8.28
0
0
0
0
0
0
0
0
2.86
0
0
0.25
4.04
5.73
7.97
0
9.42
0
0
4.16
0
0.15
0
0
0
0.46
0
0.41
0
0.33
0.57
0
0
0
9.05
0
0.02
6.55
10.9
6.93
0
3.13
4.18
3.5
0.12
0
0
0
4.43
0
1.81
0
0
10.35
13.55
1.03
32.03
0
5.09
0.46
0
0.13
0.02
45.81
2.51
2.57
0
1.45
9.88
1.44
25.87
0
0.5
9.91
0
0
0
0
0
0
0
0.58
0
0
14.18
0
1.56
10
0
0
0
14.27
0.25
0
0
0
0
0
0
0
0
0
0
0
0
0
0.53
0.13
0.35
23.01
0
19.88
0
0
28.82
0
0
0
0.11
0.08
0
9.04
0
56.11
0.15
0
0
0
0
0.13
53.39
7.13
7.96
0.25
15.36
1.81
0.44
0
0.12
0
0
0
0
0
0.13
0.89
34.84
0.01
0.73
3.18
0.02
0
0
14.59
5
0.13
1.12
0
0
1.68
8.22
0
0.18
0
0
0
9.7
18.48
0
0
0
0
0.36
5.49
0.01
0
0
7.18
0.04
0
0
1.71
3.6
64.48
4.67
0
0.01
0
0.09
12.4
0
0
0
8.83
0
0
0.8
0
0.06
0.04
0.78
7.89
1.37
0
0.03
1.53
0
0
0.26
0.14
7.55
0.2
0
14.11
0
0
0
0.17
0
0.23
0.07
0.9
0.47
2.36
0
0
0
0
0
7.62
1.53
0.31
0.07
0
0
0
0
0
0
0
0.05
0
0.01
2.09
0
0
0
0
3.65
0
3.91
4.08
0.01
0
0
0
0
0
0
0
0
0
0
0
0
0
0.68
0.79
0.86
0
0
0
0.02
1
0
0
0
0
0
0
23.51
0.24
0.01
0.19
4.14
0.2
0
0
0
0
0.04
1.07
0.71
4.26
0
0
0
0
0
0
0
0
0
0.14
1.95
0.84
2.79
0
0
0
0
0
0
0.01
0
0.28
1
0
0
0
0
6.9
0.04
0
0
0
7.92
23.22
1.11
0
0
0
0
0
0
0
0
5.69
2.17
0
0.45
1.76
0.45
4.93
0.82
0
26.4
7.86
2.65
1.63
1.24
0.02
1.3
2.41
1.81
0.9
0
0
0
0
0
2.75
1.28
0
15.2
1.89
0
0
1.24
0.85
0
0.02
4.43
2.54
19.79
8.64
0
0
0
0
52.78
2.98
0.22
0
0
0
0
0
0
0
0
0.05
0
0.18
0
14.62
0
0
0
18.4
0
0
20.91
0
0
0
0.03
0
0.78
0.99
0
0
28.97
0.09
0
0
0
0
0
0.79
0
0
0
2
0
0
0
0.6
23.7
0
15.8
18.07
9.44
0
0
6.66
0
0
0
0
0
0
0.68
13.87
0
0
0.12
6.35
0
0
0
0
0
0
0.77
7.42
0
0
2.77
7.69
0
0
7.13
0.55
1.58
1.57
0
0
23.16
0.89
0
0
23.8
0
0
0
0
0
0.64
0.01
0.09
3.54
16.37
0
1.94
1.64
4.18
1.96
1.21
0
0
0
0
0
0
0
0
0
0
0
0
4.91
2.41
0
13.91
0
0
0
0
0.61
0.09
5.06
0
0.19
0.43
0
0.57
16.71
0
0
0
0.01
0.21
0
0
0
0
0
0
0
0
0
0
0
0.45
0
3.33
0
1.87
9.65
0
0.01
1.84
0
0
0
0
0
0
0
7.38
0.15
3.75
15.71
0
0
0
0
0.05
0.03
0
10.95
0
24.79
0
15.25
0
0
0.01
0
0
0
0
0
0
0
0
0
1.05
0.47
0
0
0
0
16.71
0.11
16.19
0.07
3.17
2.59
0
0
0
6.99
0
0
0
0
0
0.19
4.01
0.01
15.97
0
0
0
1.24
1.04
0
0
0
0
0
0
0
0.13
0
0
0.05
0.01
0
0
0
5.85
0
0
0.79
0
0.05
0
0
0
0
0
0
1.19
0
0
0
0
0
0
0
0
0
0.52
0
0
0
0
0
0
14.63
0
0
0
0
0
0
0.42
0
0
0
0
0
0
18.74
0
0
1.04
0
0
0
0
0.05
0.09
0
0
0
0.02
0
0.93
6.52
0
0.1
0
0
0
0
0.03
0
0.53
0
0
11.01
0.07
0
4.43
0
0.06
2.99
7.1
0
0.03
0
0
0.02
0.32
0.16
0
0
0.17
0
0
0
0
0
0
0
0
9.42
0
0
0
0.1
0.61
1.23
4.44
0
0
0
0
0
0
0
0
0
0
11.58
0
0
0
0
0
0.9
8.62
3.75
0.34
23.52
0
0
0
0
0
1.3
0.64
0
0.31
0
0
0
0
0
8.38
0.78
0
0
0
0.03
0
0
0
11.86
0
0
0
0
0
0
0
0
8.54
3.77
3.04
0
0
0
0.04
0.47
0
0
0
0.16
0
0.25
11.54
3.02
0.01
4.63
1.93
0
25.53
6.97
0
0
1.13
2.13
0
0
0.83
0.66
0
0
5.67
0
12.43
0
0.09
2.07
0
0
0
3.38
8.85
0
0.24
0.83
0.77
0
0
0.21
0
3.54
0
0
0
0
0
0
0
0
0.32
0
0
0
0
0.04
0
1.2
35.95
1.16
13.79
2.15
0.83
0
0.26
2.91
0
0
0
0
0
0
6.94
0.03
39.6
0.01
0
0
0.75
2.2
0
0.14
0
0
0
0
0
0
2.4
13.76
9.95
2.47
0
0
7.89
1.99
0
18.31
5.52
0
0
0
0
0
0
12.49
0.11
2.7
0
0
0
0
0
0
0.02
5.42
0
0
0
13.4
8.54
0
4.12
4.52
2.47
7.14
1.83
0.03
2.07
0
0
0
0
0
3.59
6.97
11.02
4.13
3
0
0.36
0
0
0.69
9.73
0.89
0
0
0
0
0.11
0.09
0.3
0.64
0.75
0.73
0.1
0
0.4
0.04
0
0
0
0.08
17.42
0
0
0
0.46
0
0
0.01
0
0
2.46
13.67
15.84
1.12
14.33
3.05
0
0
0.18
0.22
0
0
0
0.22
11.63
0
0
0
0
0
0
0
0.08
0
0
0
0
0.05
0.35
0.66
1.6
5.32
0.44
7.98
0.01
0.08
1.5
0
0
0
0
0
0
0
0
0
0
0
0
0
0
0
0
0
0
0
0
0
0
0
0.04
0
0
0
0
10.06
0
3.92
0
1
3.36
0
0
0
0
0
0
0
18.83
1.58
0
0
0.2
0
10.92
0
0.21
1.7
0
0
9.79
8.32
0.11
0.1
0
0
0.1
0
0
0
1.97
5.75
0
12.62
10.98
0
2.28
5.23
0
0
0
0
2.15
0.25
0
7.21
1.38
0.01
0.52
0
0
0.34
3.59
0
0
0
0
0
0
0
3.53
0.6
0.06
0.25
6.05
0.17
0
2.36
0
0
0
0
0
0
5.42
0
0
0
0
0
0
0
0
0
0
0
7.57
3.22
0
0
19.96
0
0
7.3
0
0
0
0
17.73
0
0
0.17
0
1.94
7.16
0.01
0
0.21
0
4.55
0
0
0
0
0
4.78
0
0.02
4.95
0.14
0.9
1.91
0.02
0
0
9.94
0.31
0
0.35
0
0
0
0
1.34
7.36
1.53
0
8.33
3.13
0.1
0.12
1.31
0.05
0
0
0
0
1.77
0
0
0
0
0
0
0
0
0
0
10.99
0.04
0
0
0
0
0
0
0
1.93
0.12
0
0
0
0.17
0
0
0
0
0
0
5.27
0.42
0.99
0
21.21
14.24
3.64
0.58
18.17
8.36
0.01
0
0.14
0
32.82
3.48
8.82
12
0.44
0
0
0
1.6
17.71
7.06
4.85
0.33
0
0
0.24
1.02
0
0
0
3.96
0
0
0
0
0
0
0
0
0
0
0
0
0
0
0
0
3.74
0.05
0
1.76
0.01
0
0
0
0
0
0
0
0
0
0
0
0
0
13
5.19
0
1.28
3.07
8.27
0
0
0
0
0
0
0
0
0.3
0.09
0.01
0
0.36
1.91
0
0.2
0.37
0
0
0
0
0
2.13
0
0
0
0.15
1.22
4.96
0.05
0
0
0.03
2.35
0.11
0
0
0
3.91
0.03
0
0
3.96
0
0
0
0.28
0.22
0
0
0
0
0
0
0
0
0
0
0
0
4.57
0.27
0.09
0.09
0.06
0
0
0
0
0
0
0.14
0
0.06
0
0
0
0
0
0
0
0
0
0
1.96
4.38
0
0.09
1.79
0
0
0
0.1
0
1.64
12.49
3.04
0
0
1.51
0
0.21
0
0
0
0
6.4
0.65
0.57
0.88
0
0
0
0
0
0
0
0
0
0
0
0
0
0
0
0.05
0.66
4.02
0.71
0.15
0.14
0
0
0
0
0
0
0
0
0
0
0.26
0
0
0
0
0.48
3.28
1.32
19.76
4.1
0.64
0.15
1.01
7.77
3.49
3.23
3.59
0
0.02
4.32
1.6
0
0.34
13.59
0
0.57
0
0
0
0
0.33
0.08
0
0
0
0
0
0
10.5
3.19
8.33
0
0
0
0
0
0
0.32
0
0
0.04
15.86
0
1.44
0.17
0
0
0.48
1.23
0
0
0
0.03
4.76
2.94
0
4.35
5.31
0
0
0
0
0.24
0.04
0
0
0
0
0
0
0
7.26
1.97
0
0
16.75
0.03
0
0
0
0
12.03
0
6.34
2.16
0
0
0
0
0
0
24.71
7.46
2.61
0
4.12
0
0
1.78
11.3
0
13.68
0
0
0
0
0.71
31.14
11.61
0
0
0.56
17.8
0
14.4
6.36
0
0
0.02
20.45
5.05
0.07
0.19
0.63
1.9
0.22
0
0.7
0.11
1.81
1.58
0.04
0
0
0
0
1.12
0.02
0.04
1.56
1.1
0
0
0.16
0.43
0
0
0.4
0
13.69
0.14
0
0
0
1.38
0
0
0
0.11
9.26
4.57
4.18
18.99
3.6
2.74
0
0.02
0.03
0
0
0
0
0
3.81
0
0.55
0
0
0.11
9.95
16.72
15.23
0
0.04
0
0
18.98
10.38
0.21
0
0
0.54
10.35
0
0.28
0.02
0
0
0
0
1.48
0.03
0.01
6.17
3.96
1.74
0.02
0.04
0
0.02
0
0.09
0
0
0
0
1.04
2.51
0.14
0.57
0
0
10.52
0
0
0
0
0
0.05
5.5
0.04
0.21
10.17
5.62
8.24
15.6
5.43
3.73
0.03
0.08
0
0
0.24
0
0.02
4.03
0
0.32
0
0
0
0
0.09
0.01
0.85
0
0
0
3.18
0.17
0.3
3.49
0
0
0
3.24
0.37
11
8.63
0.84
6.4
2.08
0
0
0
0
0
0
0
0
0
0
3.43
3.71
0
0
0
0
0
0.1
0
0
2.6
0
0
0.23
12.46
0
0
0
0.45
0
0.03
1.36
0
0
0
0.15
0.16
0
0
0
0
0
0
0
0
0
0
0
0
0
0.52
0.73
0
0
0
0
0
0.11
0
0
0.18
0
0.44
0
0
0
0
0
0
0
0
0
0
0
0
0
0
0
0
0.69
0
5.72
0.38
0
0.52
0.01
0
0
0
8.97
0.43
5.15
0
0
0
0
0
0
0
0
0
0
0.38
0
0
9.85
2.37
0
0
0
0
0
0
0
0
0
0
0
0
12.51
0
1.6
0
0
0.01
0
0
0
0.17
7.45
0.52
0
0
0
0
14.41
0
1.56
0
0
1.79
5.24
0.44
1.08
0
0
4.4
0
0
0
0
14.2
0
1.58
9.25
0.01
0.1
0.04
6.32
0
1.57
0
0
0.44
6.34
0
0
0.03
0
0
0
3.05
0.02
9.15
0.21
0.19
1.23
0
0
0.04
0.51
0
4.33
0
0
0
0
5.55
0
0
0
0
12.24
3.44
19.13
0.05
0
0
5.93
0
0.24
2.16
0.62
0
0
1.31
0
0
0
0
0
0
0
0
0
0.68
2.64
0.41
0
0.11
2.38
0
0
0
0.07
0
0
0
0
0
11.96
8.99
25.64
0
0
0
0
0
0
0
0.43
18.85
9.6
3.11
2.03
1.15
0
0
0
0
0
0
0
0
0
5.83
0.4
0
0
0
0
27.65
0
0
0
22.08
37.09
2.86
0
2.87
0.31
0
0
0
0
0
0
0
0
0
0
0
1.87
10.65
0
17.1
1.84
0
0
0
0
4.77
4.93
0.63
11.16
3.44
0
0
0
1.93
1.31
0
0
0.02
0
0
0
0.08
0
0
3.55
0
0
0
0
0
0
0
0
2.3
0.33
1.62
2.84
0.02
0
0
0.13
0.02
0
0
0
0
0
0
0
0
0
2.71
1.23
0.4
0
0
0
0
8.32
0.27
0
0
0
0
0
0
1.69
6.01
15.82
0
0
0
0
0.91
0.45
0.07
0
1.17
0
0.32
0.49
0
0
0
0
12.06
1.41
0
0
0
0
0
0
0.21
0
10.48
0
0
0
0
0
0.04
0
0
0
0
0
0.15
0.28
0.02
0.01
0.04
0.18
0
1.06
0.62
0
0.06
0
0
0.04
1.41
11.18
1.81
0.03
16.99
0.8
7.48
0
0
0
0
0
0
0
13.92
8.74
0.24
0
0
0
0
0
0
0
0
0
0
0
8.83
4.9
25.55
18.24
6.18
0.74
0.02
0
0
0
0
0
0
0
5.99
10.24
14.45
0.56
0
0.75
1.04
0.01
1.92
6.3
0.83
0
1.37
0.47
3.26
11.03
6.93
0
0
1.54
4.97
0.01
0
0
0
0
0
0
0.01
0
2.01
8.87
4.56
2.89
2.57
0.19
0.09
0.01
3.12
5.41
0
9.85
0.07
0.12
0
0.04
0
0
3.53
0.54
0
0
0
4.89
1.93
0.12
0
0
2.9
14.48
1.53
0.47
4.15
0
0
0
0.1
1.17
21.59
17.27
1.71
0
0.1
0
0
3.99
3.64
14.35
0
2.73
0
11.44
32.09
0
0
19.6
5.87
0
3.17
10.47
0
0
0
3.47
0
0
0
0
0.53
0
0.03
0.14
1.29
0
0
0
1.35
0
0.32
3.31
0.37
0
0
0.28
0
2.09
0.01
0
0
1.58
0.07
3.24
0
0
0.13
9.98
0
15.77
0
0
0
4.98
0.54
0
0
0
0
0
7.01
19.67
0
0
0.39
1.35
13.97
0
0
0
0
2.86
0.43
0
0
0
0
0
0
0
0
0
0
4.16
0
0
3.47
0
0
0
0
0
2.61
0.93
2.29
6.57
0.13
0
0
0
0.11
0.04
1.12
0
0.01
0
0
0
0
0
10.72
22.61
0
1.23
1.25
3.05
4.08
19.88
7.39
0
0
0
3.85
8.01
0.35
0
0
0
0
0
0
2.41
0.6
0
0.01
0.33
0.01
0
0
0
5.93
12.33
3.6
0
0
11.64
0.03
0.31
0
0
0
0.54
0
0
0
0.02
0
0
0
0.03
0
0
2.73
0.06
0
0
0
1.02
0
0
0
0
0
0
0
0
0
0
0.15
4.75
0.05
0
0
0
0
0
0
0
10.15
8.73
2.78
0
0
0
0
0.65
0
0
0
0
0
0
0
0
0
0
0.31
0
0
0
0
0.1
0
0.77
0.71
0
0
4.14
0.09
0.91
0
0
0
0
0
0.05
8.17
7.52
0
0
0
0
0
0
0
0
0.23
0
0
0.31
0
0
0
0
0.31
18.37
0.23
12.07
0.01
4.9
0.03
0
0
0
0
6.54
0.79
0
0
0
0
4.55
0
0
0.01
0
0
0
0
0
0
0.49
0
0
0
0
0
3.17
0
6.82
0.01
0.67
2.79
0
0
0
0
0
0
0
0
0.09
26.33
4.15
3.46
5.28
0.53
0
0
0.39
0
3.89
8.64
8.36
0
0
0
0
2.42
0.11
2.68
0
0
0
0
0
21.78
9.24
4.36
0
5.35
0.43
0
0.05
0
0
0
0
0.61
0
5.06
16.17
0.94
0
0
0
0.04
0
0
0
0
0
0
1.13
0
0
0
0.01
3.01
1.03
0.6
4.06
0.38
0.39
0
1.8
0.02
0
0
3.6
0
0
0
0
0
0
0.45
0
0
0
7.39
6.68
3.17
15.03
11.36
24.32
0.39
0
4.03
21.98
0
6.33
19.02
5.78
2.18
14.27
15.08
0.46
0
0
0.86
0
0
2.74
0.26
7.04
2.28
1.88
0.14
0.59
8.54
0
0
0
0
0
0
0
21.2
1.02
0.03
2.3
1.63
0
0
0.55
1.06
0
10.77
50.15
0.6
7.78
11.66
0.01
0
16.51
19.97
12.72
1.21
0
0.05
0.84
5.93
0
0
0
0
0
0
0
0
0
0
0
0
2.58
1.11
0
0
6.73
0
0
6.58
3.3
7.01
15.21
0.44
0.48
0
0
0
0
0
10.11
0
27.55
0
0
0.61
0.82
0.04
0
0
0
0
0
0
0
0
0
0
0
0
0
0
0
0
0
0
7.77
0
0
0
0
0
0
0
0
0.03
0
0.27
0
0
0
2.29
0
0.07
0
0.15
0.65
0.37
0.45
0
5.42
0
0.63
0.05
0
0.04
1.9
2.24
2.46
16.14
7.73
18.71
1.95
2.13
0
1.72
0
0.08
5.41
14.88
13.28
0
0
0
0
0
2.86
0
0
0
0.18
0
0
0
0
0
0
0
0
0
1.81
15.71
11.61
15.75
0
3.39
16.81
16.62
0
1.66
9.71
1.79
0.04
0
0
0
0
0
0
0
0
0
0
0.09
0
0
0
0
0
0
0
0
0
0
0
0
0
0
0
0
0.06
0
0
0
0
0.31
0
0
0
0
0
0
1.43
0.72
0.8
0
5.11
0
0
2.11
7.67
6.27
1.41
0
0
0
0
0
2.89
10.05
0
0
0
0
15.87
0.62
0.36
0
0.26
0
0.05
0
0
0
0
0
0
0
0
0
0
0
11.32
1.52
0
0.26
0
0.7
4.65
0.05
1.65
0.28
0
0
0
11.23
9.65
0
0
0
0
6.1
0.47
0.84
0.03
0
0
0
9.83
0
0
0.13
7.42
11.22
25.98
9.94
2.02
0
0
0
0
1.9
1.24
0.42
0
0
0
0
0.48
22.44
0
0
5.79
1.07
8.82
0.3
4.23
0
3.29
17.79
0
0.45
0.03
12.75
25.82
14.8
0.04
0.86
18.03
1.85
0
1.06
6.93
0
0
1.4
11.29
0
0
0.3
0
0
0
0.83
0
0.04
0
0
2.61
0
0
0
0
0.2
0.11
19.23
0
2.18
3.27
7.16
0
0
0
4.01
0
1.58
1.86
0
5.07
0
4.12
0
0
0
0
0
0
0
0
17.77
0.48
0
0.05
0.4
9.18
9.81
0.02
0
1.78
0.25
13.52
5.41
0.89
4.53
9.38
0.04
0
0
2.64
25.98
3.83
1.86
0
0
0
0
0
0.99
2.74
7.47
0.02
31.96
14.3
0
12.79
4.58
10.95
4.3
0
0
0
0
0
0
0
0.53
0.18
0
0
0
0
0
0
2.92
3.43
0.19
6.71
1.97
0.1
0
0
0
0
0
0
0
0
0
0
0
0
0.17
11.98
0
0
1.8
0
0
0
0
0
0
0
0
0
0
0
0
0.05
0
0
0
12.62
0.04
0
0
0.23
0.17
0
0
10.56
0
0.73
0
0
0
0
0
0
0
0.14
0.92
0
0
0
0
0
0
0
4.92
2.97
22.7
0
0
0.07
0.22
0.1
0
0.03
0
0
0
0
0.23
0
0
0
0
5.91
5.12
0
0
0
0
0
0
3.5
0.04
0
0
0
0
0
0
0
0
0
0
0
0
0
1.74
0
0
2.13
0
0
0
0
0.25
0
0
0
0
0
0
0
0
0
9.52
0.12
1.03
4.08
11.01
8.54
0
0.13
0.84
0
0
0
0
0
0.16
0.24
0
0
8.85
0.18
0.25
0.7
0
0
14.58
0
0
1.58
0
0
0
0
0
0.07
0
0
0
18.82
0.09
0.35
0.35
0
1.88
1.24
0
0
0
0.8
14.2
0
0
0
0
0
0
0
0
0
0.17
48.34
1.69
0
0
19.18
4.49
0
0
0
0.19
0
0
0
0
0
5.56
0
0
0
0.22
0
0
0
0
0
0
0
0
0
0
0
0
0
0
0
0
0
0
0
0
0
0
0
0
0
2.23
17.05
3.44
1.5
0
10.67
0.34
0
4.51
0.72
0
0
11.64
1.56
8.25
0
0
0
0
0
0
0
0
0
0.33
7.47
0.94
0.05
0.1
0.52
2.85
3.06
16.5
3.62
19.4
7.09
0.17
0.13
0
0
3.65
0
0
0
0.12
0
6.8
0.03
0
0.61
0.06
0.07
0
0
0.04
8.9
0
0.02
0.45
0
1.56
0
15.71
0
0
1.36
0.09
27.34
3.55
1
0
0
0
0
0
0
0
0
0
0
0
0
7.16
0
0
0.02
4.08
11.72
16.56
0
0
0
2.22
0
0
0
16.27
0.03
5.22
3.44
3.17
2.24
0.02
0
0
0
2.59
0.19
0
28.68
1.66
2.5
2.98
0
0
0
0
0.72
27.27
4.61
0.07
0.07
0
18.68
0.87
9.62
18.67
25.12
0
0
2.47
1.44
0
0
0.15
0
0
0
38.56
0
0
0
0
0
0
0
2.1
40.21
2.63
0
0
0
0.09
0
0
4.43
0
0
0
0
0
0
0.31
0
0
0
0
0
5.49
0.04
0.28
0.51
14.26
12.54
0.31
1.69
2.61
0.6
14.37
0.08
1.44
0
0
0
0
0.92
0
0
0.07
0.68
8.72
0.06
2.47
0
0.54
0.27
0.01
0.03
3.79
5.75
0
0
0
0
0
0.01
9.66
0
0
0
0
0
0.18
0.36
4.45
0.09
0
0
16.36
0
2.41
0.1
7.31
10.82
0
3.79
6.43
0.49
0
0
0
0
0
0
0.03
0.17
0.98
0
0
0
0
0
0.55
0.54
0
0
0
0.64
0.15
0.07
0
0
0
0
0
1.44
0
0
0.13
0.09
0
0.39
0
0
0.58
0
0
0
0
0
0
0
0
0
0
6.97
0.27
0.98
0.55
0
0
0
0
0
0
0
0
0
0
0
0
0
0
0
0
0.5
0
0
0
0
0
0
0
1.73
0
5.94
0.18
0
0
4.29
2.39
0
0
1.47
1.1
0
0.1
0
1.43
0.32
0.92
0
0
5.48
5.16
26.7
0.09
0.15
0
0.24
0
0
0
0
0
4.2
0
0
0
0.47
0.66
0
0
0.06
0.71
3.08
0
0.33
6.92
2.64
0.3
0.55
1.43
0
6.99
5.42
0.38
0
1.14
1.07
0
0
0.32
0
8.32
0.08
0.09
0
0
0.02
0
0
0
0
0
0
0
0
0
3.16
0.09
2.35
11.91
4.3
3.05
0.2
1.06
0.02
0
0
0
0
0
1.07
0
2.06
3.24
21.38
1.02
23.44
2.56
6.39
2.15
0
0
9.71
0.59
0.7
1.71
0.39
1.59
4.19
7.71
0
1.23
0
0
0.72
8.96
0
1.38
5.46
0
0
12.78
0
0
0
3.34
0
4.68
10.16
2.68
0.03
0
0
0
40.79
27.28
0
0
16.86
0.81
0
17.49
2.12
0.92
20.17
0.06
0.14
0
0
0
0
1.05
0
1.91
0
0
8.24
0.58
0
0
17.61
0.15
0
0
0
0.2
0
33.39
5.18
0
0
0
0.02
0
0
24.59
1.84
0
0
0
0
0.04
0
0
0
0
0
0
0
0
6.93
0
0
0
0
9.49
0.41
16.04
1.64
0.03
0
0
0
0.04
0.44
2.74
0
0.31
7.63
0
0
0
0
0
0
0.02
11.82
0.7
0
0.21
0.05
0
0.53
0
0
0
0
0
0.02
6.4
0.04
0
0
0
0
0
0.07
0
0
0
0
2.86
7.14
0.29
0.18
7
0.01
0
0
0.39
3.2
11.78
1.11
0.08
0
0.01
0.18
3.64
0
0
2.94
0
0
0
0
2.18
0
0
0.17
0
0
0
5.14
0
0.46
6.06
2.77
0.5
0.65
0.1
2.63
0
0
0
0.56
3.1
11.56
1.36
0
2.14
2.46
13.05
18.49
2.9
0.39
0.02
0
0
0.18
0.9
0.02
0.08
0
0
0
0
0
0
0
0
0
0
0
0
0
0
0
0.04
2.19
7.19
0.14
0
0
0
0
0.01
23.52
0
17.05
0
0
2.6
41.63
6.93
0.17
0
0.22
3.57
11.26
3.99
0.14
0
0
5.36
16.97
0
0
0
0
0
0
0
0
0.92
0
0
0
0.47
1.4
0.79
2.31
0
0
0
0
0
1.52
0.72
0.92
17.56
6.32
1.32
0
0
0
0
0.26
0
0
0
0
0
0.42
2.8
0
0
0
0
0
0
0.38
0
0
28.92
1.07
1.99
0.34
0
0
0
0
0
0
0
0
0
0
0
0
0
0
0.04
0.02
0
5.11
0.39
0
3.82
5.73
0
0
0
0
2.85
8.23
5.08
0
0.12
0
0.35
0
0.09
0
0
0
0
7.19
14.76
4.7
0.12
0
3.36
0
0
2.47
0
0
4.64
0
1.17
0.28
4.55
12.43
1.65
1.27
8.29
0.04
0
0.5
0
0.26
0.11
1.2
6.59
0
0
0
5.33
0.18
0
0
0
10.24
0
0
0
12.47
0
23.58
28.79
6.32
8.89
16.02
2.11
13.58
8.04
0.07
17.9
0.47
0.1
5.48
19.06
4.44
6.41
6.64
4.71
5.88
0
0
0
0
7.42
0
0
12.56
0
0
0
0
0
14.28
0.01
0
0
0
0
0.21
0
0
0
15.07
21.27
0
0
0
0
0
25.23
0.1
0
18.9
1.2
0
0
0
0.01
0
0
0
13.73
0
0.34
0
0
0
0.02
3.56
0
0
0
0
3.67
36.1
0.92
0
0
0
0
0.39
1.36
0
2.06
0.78
0.06
0.71
13.67
0.9
0
0
0
0
0
0.24
0
0
0
0
0
0
9.78
0.5
0
0
0
0
0
0
1.25
16.92
5.58
9.85
0
0
0
0
0.61
0.05
0
0
0
0.77
9.63
1.01
0
0
0
0
1.53
0
0
0
11.19
1.24
11.82
0.05
16.33
0.1
8.03
0.55
2.94
0.07
0
0
0
0
0
0.04
0.04
0
0
0.14
0.07
0.64
0
0
0
0
4.39
0
3.91
7.13
0
0
0.04
0
0
2.59
16.01
0.06
0.22
2.46
0.27
0.73
4.07
0.09
0.05
0
2.61
10.9
0
0
0.01
0.02
0
15.49
0.46
2.33
0
0
0
0.07
0.39
0.01
0
0.71
7.46
1.8
2.99
16.68
11.09
0.16
0
0
0
0
0
0
3.92
0.93
1.03
0
4.14
0
0
0.51
0
0
0
0
0
2.25
0
0
0
0
0
2.68
6.18
0
0
0.92
8.4
5.66
0
0
0
0
0
0
0
7.21
1.99
0
0
0
0
0
12.25
0
0.02
2.4
0.03
0
1.06
0.04
0.15
0
0
0
13.86
0
0
0
0
0.26
0.21
0
0
0
0
0.26
4.4
0
0
0
0.21
0
0
0
1.26
3.46
2.46
0.36
0
11.26
4.78
0
0
0
0.46
0.65
3.94
3.37
4.72
7.03
0.38
0
0
0.18
0
0.99
2.17
0
0
0
0
1.03
0
0
0
0
0.25
0.05
0.45
2.26
7.29
0
0
0.09
0
0
0
0.22
4.38
1.62
15.86
4.03
0.5
0
0
5.08
0.97
1.72
0.17
0.13
0.21
0
0.42
2.45
0
2.89
10.75
5.23
15.82
10.96
0.89
0
0
0.29
0
0
0
0
0
0
0
21.76
15.29
0.74
1.73
0.43
4.25
4.5
0.01
0
0
1.8
0
0
0
0
0
0
0.38
0.35
0
0
0.09
0
0
0
0
0
0
11.2
0
19.61
0
45.01
0.04
0
0
0
0
14.31
20.12
0.45
0.49
0.29
0.09
24.78
3.51
0
0
0
15.25
0
19.29
13.36
1.24
0.93
5.42
0
0
0
29.86
11.34
1.4
0.58
0.49
1.61
0
0
0
0
0
5.81
0.55
0
39.87
9.99
0.28
5.05
1.94
0
0.32
0.3
8.36
0
0.05
0.74
4.08
0.95
0
0.02
0
0
0
0
21.88
42.12
23.81
1.12
0
0
0
0
0
36.46
10.96
0
0.25
0.4
0
0
0
0
0
7.74
1.04
0.07
0.02
0
0
0
0
0
0
0
0
13.88
4.96
0.54
7.62
0
0
0
4.68
6.73
0
0
0
0
0
0
0
0
0.71
0
0
0
0.17
6.56
5.98
4.69
0
0
0
0
0
0
3.9
4.79
9.41
0.14
13.22
1.49
0
0
0
5.16
0
27.08
0.12
2.55
11.47
12.93
7.96
0
0
0
0.01
0.62
4.42
4
0
0
0
0
0
0
11.47
1.48
0
0
0
0.04
0.79
7.67
2.9
0
0
0
0
0
0
0
1.18
0
0
0
0
0
0
0
0.31
0
0.26
0.32
0
0
0
0
0
10.2
0
0
0
0.44
0.43
0
0.43
2.79
0
0
0
0
0
0
0
0
0
0
0
0
0
0
0.03
0.01
1.79
0
0.84
4.22
0.99
0.04
0
0
0.35
0.01
0
0
0
0
0
0
0.34
1.72
0
0
0
0
0
0
0
0
0
0
0
0
0
14.02
0.8
0.67
0
0
0
0
0
0
0.22
4.48
0.15
0.01
0
0
0.02
0.92
0
0
11.37
0.04
0
0
0
0
0
0
10.41
0
0
0
0
0
0
0
0
0
0
0
0
17.22
15.85
0.82
0.75
1.23
4.17
17.63
0
7.82
0
0
0
0
2.62
0
0
0
6.25
0
6.63
11.04
0
0
0
0
0
0.43
0
0
0
0
0
3.53
5.42
0
0
0
10.24
0.2
2.6
17.64
0.15
0
20.02
7.12
2.01
0
0
0
0.31
2.56
0
0
0
28.85
4.78
0
0
0
10.81
11.39
0.13
0.19
0
0
0
0.22
0.32
1.61
0.1
1.3
0.39
0.36
0
0
0
0
0
0
0
54.66
0
0
0.05
0.99
1.55
10.19
1.7
9.26
7.82
20.02
0.34
0
0.32
32.81
0.23
0.71
0.83
0.68
0
10.01
8.67
0.07
0
0
12.99
2.28
0
0
0
0
0
14.7
0
0
0
21.01
0.14
0
0
0
0
0
0
11.69
0
0
0.22
0
12.4
1.17
0
0
0.1
0
0
0.05
0
0
0
6.48
0
1.22
0
0
0
0.76
26.19
0
0
0.08
0
0
0
0
0
0
0
0
0
0
0
0
0
0
39.64
0
0
0.68
0
0.9
0
0
0
0
0
0
17.57
9.04
0
0
9.86
3.1
0.09
3.98
0.49
0
0
0
0
0.47
0.12
0
0
0
0
0
0
0.18
0
0
0
0
0
0
0
0
0
0
0
0
0
0
0
0.08
0
0
0
0
0
0
0.77
0.23
0
1.52
0
0
0
0
0
0
3.45
0
7.06
7.51
21.15
0.04
0
0
0
0
0
0.34
0
0
0.04
0
0.04
0
0
0
0
5.69
0.05
0.84
0
0
0
0
0.01
0.55
0
0
0
0
0
0
0
0.18
0.16
1.54
0.01
0
0.13
0.12
0
0
0
0
0
0
0
0
0
0
0.53
0
5.62
1.48
0
0.68
0
2.03
0
0
0
1.64
0.01
0
0
4.3
0
0
0
0
0
1.38
0.46
0
0.08
0
0
0
0
0
0
0
0
0
0
0
0
0.03
0
0
0
0
0
0
0.79
0
0
0
0
0
0
0
0
0
0
0
0.05
0
0
0
0
5.95
2.38
5.65
0.1
0
0
8.24
0.26
0.92
0
0
0.08
0
0.1
0
0.07
0.61
11.41
0.08
2.33
0
0
0
0
0
0
0
0
27.99
7.79
0
1.15
4.56
0
0
0
0
17.14
0
0
0
0.1
0
0
0
0
3.09
17.05
0.5
0.47
0
0
0
0.73
0.04
2.46
14.11
0.21
0
0
8.96
0.04
0
0
0
19.1
4.76
8.75
3.19
0.05
0.01
0
0
0
0
0
0
0
0
0
1.8
10.02
0
0
0
0
0
0
0
3.57
0
0
0
0
0
11.42
2.35
17.31
0
1.74
24.21
2.8
0.12
0
0
6.57
0
6.88
0
0
34.15
6.58
1.41
0
0.01
11.58
0.02
0
0
0
3.63
0
0
0
0
0
0.04
0.22
1.57
0
0
0
0
0
0
0
0
0
0
0.17
0
0
0
5.71
0
0
0
0.03
4.42
7.16
0
0
0
0
0
0
0
0
0
0
42.46
5.28
0.03
0
0
0
0
6.12
0
0
0
0
18.62
0
0
0
0.03
0.14
0.47
5.13
0.73
0
0
0
0
6.07
0
0
3.28
0
0.22
4.34
0
16.03
11.89
0
0
0
0
0.08
0
0.36
1.16
0
15.08
27.11
9.29
0.03
0
5.2
7.06
1.99
0
0.02
39.82
0
0
0
0
0
1.4
9.94
0
0
0
0
0
0.42
0.45
0.28
0.12
0.62
0
0
0
0.01
0
7.98
4.11
0.11
0
3.77
0
5.99
0
0.09
7.14
1.26
0
0
0
0
0
0.28
4.39
0
0
1.21
0.09
0
0.3
0
0.31
0
0
6.97
0.73
0
0
0
0
0
0
0.04
4.34
0.6
6.3
4.31
1.09
0
0
0
0
18.99
11.48
0.03
15.16
1.1
7.86
0.03
0.41
12.2
3.38
0.05
3.51
0
0
0.01
3.03
0.11
0
0
0.03
22.99
0
0
6.46
1.91
0
0
1.32
1.22
7.13
5.67
12.18
3.28
0
0
0
0
0
0.28
3.15
16
11.4
5.69
21.79
9.63
0.75
0
0
0
0
0
0
0
0
0
15.15
7.41
0.01
0.32
4.78
4.58
0
0
0
16.55
0
0.25
0
0
1.21
6.15
14.02
4.81
0
0.91
4.6
27.22
6.81
1.38
20.45
1.68
0.1
4.16
0
0
0
0
1.4
0
4.42
0.32
0
0
0
0
0
0
0
0
7.09
0.04
0
0
0
0.02
0
0
0
4.27
11.66
0
2.2
10.38
0.56
0.39
2.18
0.39
0.79
3.7
0
0.05
0
0
0.97
6.45
0
0
0
0
0.01
0
1.18
11.14
2.07
0.74
0.09
0
19.8
6.69
2.99
4.17
1.22
3.85
0.04
0
0
2.29
0
4.23
4.82
0
0
0
0
0
0
0
0
0
0
1.17
4.62
11.54
0
0
0
0
0.04
0.76
0
0
0
0
0.19
1.95
0
0
0
8.14
6.5
0.08
0
0
0.13
0
0
0
0.46
0
0
0
0
7.55
0
0
0
0
0.03
0
0
0
0
0
0.3
0
0
0
0
45
0.26
0
0
9.57
1.63
0
0
0
0
0.54
3.53
0
0
6.74
8.93
1.57
2.95
12.22
0.04
0
0
0.03
5.05
0
0
0
0
0
0
1.16
12.67
27.81
1.08
1.2
0.14
0
0
13.4
7.51
2.29
0
0.13
0.02
0
0
0
0
1.98
1.83
1.15
27.36
12.37
0.02
0
0
0
0.47
2.63
0
0
0.19
0.2
4.49
2.18
0
0
1.91
1.87
0
0
0
0
0
0
0
0
0
0
0
0
9.15
0
0
0
0.36
13.5
8.68
14.18
0.11
0
0
37.21
13.03
6.2
0.07
2.89
2.56
0.11
0
0
0
5.13
11.43
0.56
14.2
22.55
11.8
0
0
0
0
0
0
0
0
0
0
0
0
0
0
0.34
0.03
0
0
0.11
0.03
0
0
0
0.06
0
0
0
0.26
0
0
0
9.52
0.02
0
1.2
1.37
0.46
0
0
0
0.7
3.66
0
0.31
0.09
0.09
0
0
0
0
4.47
0.01
0
0
0
2.21
0.36
0
0
3.6
12.81
0.2
0.65
1.4
3.03
0.81
3.24
1.82
7.26
6.17
0.17
0
0.18
0.05
7.19
0.53
14.68
0.85
19.84
4.84
4.94
0
0
20.17
6.06
0
7.6
0
0
3.02
1.2
0
0
0
0
0
0
0
3.26
0
0.17
0.04
0
0
0
0
0
0
0
0
0
0
0
0
0.11
0
0
0
8.35
0.99
0.52
0
0.39
0
0
0
0
0
0
0
0
0.63
6.86
0
8.14
0
0.63
0
0.03
0.53
1.2
2.07
0.02
0
0.05
5.22
1.8
9.58
0.04
0
4.69
21.56
0
0.22
0.57
1.46
0.86
0
1.99
0.23
0
0
0
9.94
0.11
7.33
0.58
31.33
4.4
13.54
0
10.84
11.82
2.3
0.53
0
0
0
0
3.83
0
0
4.77
2.58
0.01
0
0
0.18
0.04
1.06
1.82
0
0.23
0
0
0
0
0
0
0.14
0
0.94
0
0
0.09
0
2.22
7.11
0
0
7.65
7.4
4.25
0
0
0
23.34
5.62
0
4.33
0
0
0.1
0.1
0
1.16
6.82
11.43
1.51
0
1.24
1.85
0.19
0
2.54
0
0
0
0
21.47
0
0
0.56
0.57
17.23
2.17
0.1
35.44
1.18
0
0
0
8.39
2.22
0.07
0
0
38.22
0.03
4.19
16.13
17.88
32.55
0.58
0
0
0
0
21.71
0.03
0
4.26
1.59
0
0.94
0.91
0
0
0
34.17
10.58
15.31
3.17
2.69
4.58
3.26
0.07
0
2.92
3.44
25.56
40.56
4.88
3.02
3.84
4.72
0
0
0
0
33.53
0.17
0
0
1.05
2.29
0.19
0
0
0
1.34
0.36
0
0.85
0
0
0
0
0
0
0
0
0
0.08
0.2
0.1
0.63
0
0
0
65.86
2.6
6.33
0.62
0
0
0
0
0
0
0
0
0
0
0
4.23
0.57
3.6
1.3
0.01
0
0
0
0.34
0
0.11
0.09
19.7
0.32
0
0
0
0
0
0.07
0.19
0
0
0.74
0.71
2.84
7.36
3.15
2.45
2.11
1.55
14.09
9.59
0.07
0
0
0
0
0
0
0
4.8
0.04
0
0
0
0
0
0
0
0
0.22
7.07
1.11
0.64
0
0
0
2.42
0.14
2.78
0.03
0
0
0
0
0
6.18
0
0
0.83
0
0
0.02
0
0
1.75
0.41
0.02
13.35
2.86
0.12
0
0.56
0
1.16
15.18
0
5.08
0.02
0.15
0
0.46
0.09
0
0.87
2.29
0.23
0
0
0
0
0
0
0
0
0
0
0
15.98
1.72
16.15
0
0
0
0
0
3.27
0
0
0
0
0
0
0
0
0.17
0
0
0.61
0.26
0
0
0
0
0
0
0
0
0
7.51
5.75
4.01
0
0
2.68
0.07
0
0.18
0
0.01
0
0
0
1.37
0
1.14
1.9
0
0
0
0
0
8.44
0
0
0
0
0
0
0
0
0
0
7.32
0
0.03
4.17
2.85
0.73
0
0
0.87
0
0
3.27
0
0
0
13.24
0.56
6.43
0.06
0
0
1.16
12.07
3.95
45.45
5.75
0
0.7
3.13
0.04
0
0
2.56
0
1.11
0
0
0
0
0
0
0
0
0
0
0
0
0.89
1.35
0.28
0
0
1.51
4.7
0.03
0
26.92
1.1
0
0
4.68
0.07
0
0
0
0
0
0
0
0
0
25.9
3.47
0
1.4
10.12
1.98
0.13
0
0
0
0
0
0
0
0
2.28
1.28
20.71
0.48
1.73
0.09
2.85
1.26
0.09
0.23
1.52
0
0
0
0
0
0
0
0
0
0
0
0
0.52
22.79
0.94
0
0
0.38
0.04
0
0
0
0
0
0
0
0
0
0
0
0.32
2.29
15.24
10.15
3.05
0.05
0
0
1.11
0.06
0
0
0
0.14
0
0
0
1.38
0
0
0
0.61
4.67
29.66
0.05
0
0
0
0
0
0
0
0.79
0
3.01
2.85
2.31
0.05
15.41
20.46
0.25
11.74
22.17
24.74
2.58
0.22
1.58
26.17
0.12
0
0
0
0
0
0
0
0.33
0.22
0
0
0
0
0
0
0
0
0
0
0
0
0
0
0
0
0
0
0
0
0
5.67
0.8
0
0
0
0.17
0
0
0
0
0
0.12
0
0
0
0.13
0
0
0.76
0.19
0
0
0
0
0.02
0.04
0.04
0.38
0
0
0
0
0
0
0
0
0
0
0
0
0
0
0
1.47
1.1
1.42
1.37
3.73
0
0.11
3.11
0.22
24.75
0
0
0
0
0
0
0
0
0
0
0
0.94
0.13
0.45
0
0
0
0
0
0.07
0
0
18.3
0
0
0
0
0
15.92
15.39
0
12.43
7.49
9.35
10.38
1.87
0.96
13.37
5.72
0.02
0
0
2.32
0.03
1.2
0
0
1.75
7.07
0
3.23
12.23
0
0
3.68
4.94
0
0
0.58
1.79
0.17
0
0
4.32
0.1
0
0
0
0
0.83
0
0
0
0.21
0
0
0
5.07
0
0
0
0
0
0
0
0
0
8.02
0
0
0
0
0
0.49
0
0
0
0
0
0
0
0
2.99
0
0
0
18.33
0.04
0
0
24.88
7.57
4.67
1.1
0
0
0.05
1.2
0
0.12
2.01
6.76
7.91
9.68
0.94
0.5
1.43
0
7.47
0.68
0
0
14.76
2.76
0
0.16
0
0
1.74
0.83
0.01
7.32
16.63
0.61
12.6
9.82
0
0
0
3.34
2.66
2.24
14.29
0.48
5.34
6.35
0
0
0.24
26.08
13.1
0
0
0
8.5
2.04
0
2
0
0
0.07
0
0.01
0
0
0.14
1.06
0
0.07
0
0
0
0.03
56.91
0
0.1
4.35
0.42
0
0
0
8.89
0
0
3.74
2.82
3.45
7.49
0.16
0
0
4.45
0.04
0
0
0
6.42
0
0
0
5.52
12.23
0
0
0
0
8.3
10.56
0.04
0
19.51
0
8.84
0.54
0
0
0
0
0
0
0.33
0
0
0
0
0
7.48
4.73
12.02
0
0
0
0
0
0
4.98
0
0
1.97
2.16
0
0
0
0.13
0
0
0
0
0
0
0
0
0
0
8.07
2.86
5.22
0.19
0.04
0.26
0.62
0.01
15.17
2.31
0
0
0
4.11
0
0.11
2.46
16.38
14.19
2.11
0
0
0
22.31
0.01
0
0
0
0
0
0
4.23
0.84
0
3.91
32.27
0.31
8.38
0
0
33.63
8.94
0
0
0.03
2.57
0.1
0.01
4.89
0.04
0.01
0
0
0
0.02
0.17
0
0
0
0
0
0
0
0
0
0
0
0
0
0
0
0.01
0
0.37
0
0
0
0
0
0
0
0
0
0
0
0
0.26
5.94
0
0
0
0
0
0
0.04
0
0
0.23
0.55
0.28
0
0
0
21.03
0
0
0
0
0
0
0
0
0
0
0
0
0
0
0
0
0
0.76
1.37
0
0
9.27
10.51
18.77
0
0
0.22
0.11
0
0
0
0
0
0
4.23
0.04
0
0
0
0
0
1.43
0
0
0
8.44
0.56
0
0
0
0
1.61
0
0
0.57
0
0
0
0
0
0
0
0
0
0
0
0
0
0
0
0
0
0
0
0
0
0
0
0
0
5.05
0.61
0
0.98
0
0
0.01
0.34
0
0
4.88
0.16
0
0.02
0
0.83
0
0
0.43
0
0
0
0.12
10.34
15.15
0
0
0.65
0.04
6.11
1.26
1.2
2.25
1.24
0.85
0.17
0
0
0
4.46
5.9
1.69
0
0
0
0
3.27
0
0.03
8.19
4.08
0
0
0
0
0
0
1.03
0
10.17
0
1.98
0
3.17
3.93
0
0
3.27
0
4.39
0
0
0
0
0
0
0
0.02
0.27
0
0.01
10.35
19.04
0
0
17.91
0
0.3
0.03
0.01
0
0
0
0.44
13.47
0.67
5.41
0
12.66
6.19
0
0.03
1.13
0
0
0
0
0
0
0.01
3.5
17.24
1.66
7.75
0.83
0
0
0
0
0
0
0
4.23
0
14.3
0
0
0
26.37
2.08
0
0
0
0
0
0
0
15.79
0
0
0
0
0
0
0
12.14
3.58
0
0
0
4.53
8.54
0.19
4.01
0
7.86
2.36
0
0
0
7.62
1.59
0
23.64
16.89
28.1
28.07
38.61
48.42
1.2
0
0
0
3.38
2.38
0.26
0.01
0
0
0
0
0
1.93
0
1.55
2.32
0.04
0.05
0.23
0.09
0
0
0
0
0
0
0
0
0.01
0
0
27.83
2.49
0
0
0
1.28
0
0.74
0
0
0
1.34
0.25
0
1.32
10.16
6.41
6.16
0
0.07
0
25.68
0.24
0
0
0
0.87
0
0
0
0
0
0
0
19.51
0.14
0
0
24.2
1.3
0.38
0
0
0
0.09
0
0
21.44
0
0.02
1.69
11.83
0
0.26
13.51
0
0
0
0
0.04
0
0
0
0
0
0
0.89
19.1
0
0
0
8.46
0
0.21
0.02
0
0
0
0.01
7.41
3.44
0
1.06
3.26
1.7
0
0.05
0.94
0
0.24
0
0
0
0
0
0
0
0
0
0
0
0
15.47
6.58
2.47
0
0
6.77
16.79
2.08
0
0
0.53
6.41
1.17
0.02
0
0.06
2.85
0.2
7.7
5.73
2.48
6.27
3.87
0
0
2.17
0.9
0
0.07
1.96
0
0
7.03
2.12
4.31
0
0
0
0.01
0
1.94
6.36
5.45
8.74
19.29
1.51
1.86
0
0
0
0
0
0
0.09
3.81
0.04
15.84
0.58
12.02
0
0
0
0
3.34
0
1.45
0
1.31
0.25
0
3.26
0
0
0.19
0.38
0
0
0
0
0
0
8.92
0
0
13.14
0
0
0
0
0
20.51
0
11.65
0.02
0
0
0.34
0
16.47
2.32
2.47
1.39
34.9
2.45
0.85
0.14
0.04
0
0.63
0
0.31
5.68
0.29
0.2
0
0
0.08
4.69
0
0
3.35
0.42
3.7
0
0.47
8.06
9.54
34.11
0
0
0
40.82
2.43
2.67
0
0
0
0
0
0
4.21
0.41
0.46
2.09
1.16
7.25
5.98
1.1
0.46
0
0
0
9.16
0
19.94
9.24
0
0.06
0
31.75
6.31
0
1.13
28.71
13.81
0
0
0
0
0
2.01
6.55
1.5
0
0.18
0.13
0.65
0
0
0
0
0
5.94
0.21
0
0
0
1.34
0
0
7.74
0
0
0
11.49
0
0
0
0
0
0
0
0
0
11.26
12.31
2.53
0
0
0
0
7.3
3.67
6.55
3.25
15.81
0
0
0
0
0
0
0
0
0
9.63
0
0
0
0
0
0
0.02
2.04
5
0.14
0
0
0
0
0
0
0.98
0.12
0
0
0
0.29
0
0
0
0
0
0
0
0
0
0
0.01
0
0
0
0
0
0
1.67
0
0
2.75
12.62
2.42
0
0
0.8
4.73
0.01
0
0
0
0
0
0
0
0
0
0.01
0
0
0
0
2.01
3.93
6.41
0.28
0.16
0
1.33
18.14
19.25
1.06
0
0
0
0
0.09
0
0
0
0
6.38
0.09
0
0
0
0
0
4.21
0.34
0
0
0
0.06
0.19
0
0
0
0.31
0
0
0.04
0
0
0.17
0
0
0
0.72
0
0.68
0.05
0.14
0
0.22
0.39
0
0
0
0
0
0
8.41
1.92
0
0
0
3.81
0.07
0
0
0
3.11
5.05
0
0
0.17
0.01
0.16
9.87
0
0
0
0
0
0
7.85
0.04
0
0
0
0
0
0
0
0
0
0.49
0.44
0
0
0
0
0
0
0
0
0
7.92
0
0
0
0.1
1.04
0
1.31
0
0.79
0
0
0
4.29
5.98
0
0
0
0
0
0.02
11.26
0
0.02
0
0
0
0
0
0
0.06
0
11.23
0
0
0
0.01
12.01
10.31
0.04
0.5
2.48
0
0
0
0
0
0
0
0
1.97
0
0
0
4.22
0
0.12
3.94
0
0
12.67
11.59
11.2
0.54
0
0.23
7.78
3.23
0
5.42
6
2.5
14.76
0.32
0
1.76
2.27
0.56
0.02
0.35
0.41
0
0
0.01
8.71
19.56
47.73
3.77
0
0.68
0
0
0
0
0
0
0
0
0
0
0
0
0
0
0.86
1.88
0
2.23
4.66
0.59
37.93
5.35
0
0
0
25.18
0
0
0
0
16.77
3.88
0
0
7.13
9.38
0.55
0.61
0
0.01
2.64
0.47
0
0
0
3.9
6.07
0
0
0.14
0
0
0
0
2.63
38.6
11.01
0
0.08
13.87
0
8.83
3.19
0
0
0
0.2
6.33
0
0
0
0
21.68
0.15
0
1.32
0
0
0
0
0.11
1.53
0
1.85
1.42
0
0
0
0
0
0
0.03
8.42
0
0
0
12.61
4.67
11.46
4.32
0
0
0
0
0
0
0
0
0
0
0
0
0
0
0
4.15
0
0
0.72
0
3.3
0
24.05
0
0
0.47
0.13
0.05
0
2.22
2.21
0
0
0
0
0
0.37
0
0
0
0
0
0
0
0
0
0
0
3.02
4.94
3.46
0.35
0
0.42
5.63
5.66
21.84
3.64
0.12
12.27
0.73
0.09
0.19
15.94
11.97
0
12.32
1.23
6.22
0.27
0.07
15.79
0
0
0
0
0
0
4.69
3.8
0
0
3.68
10.64
0
0
0
0
0
0
7.79
0
0
0.9
7.85
0
0
0
0
0
0
0
13.56
38.46
0.09
0
0.06
0
0.5
0
0
0
0
0
0
0
1.07
0
0
0
0
0
0
0
0
0
0
0
0
0.07
0.36
0.14
0
0
0
0
0
0
0
0.13
7.07
0
0
0
0
0
0.09
2.55
0
0
0
0
0
0.64
0
0
0.01
0
0
0
0
0
0
0
0
0
0.23
0
4.42
25.22
0
0.03
0
7.28
0.35
11.47
0
3.36
2.98
0
0
0
0
0
0
0.9
0
0
0
0
0
0
0
0
0
0.23
0.9
3.35
0.03
0
0
0
0
0
0
0
0
0
0
0
0
0
0
0
0
0
6.43
0
0
0
0
2.31
5.24
0
0
0
0
0
0
0
5.11
0
5.08
5.88
2.31
8.77
0
0.19
3.37
0
0
0
0
0
3.37
0.46
0
0
1.1
4.35
2.57
0.01
3.31
0
0
0.19
7.3
0.06
3.16
0.85
0
0.13
0
0.03
2.57
0
0.33
6.34
1.27
5.82
0
0.5
0.73
0.12
1.23
0
0
0
5.07
2.29
0
0.08
24.21
27.19
14.91
1.03
0
0
2.63
4.09
0
0
0
26.54
0
11.17
2.63
0.96
0
0
13.99
0
0
0
0
13.71
0
0
0
0
9.76
0.12
0
0.19
0.11
22.15
0.6
2.4
30.47
13.48
2.96
0
0
0.26
0
0
0
0
20.67
9.99
2.57
0.69
0
0
0
0
7.02
0
28.74
23.2
8.3
1.05
21.86
11.42
0.98
0
0
0.44
0.1
0.07
0
0
0
0
0
4.44
23.91
0.82
0
3.51
0
0
0.19
0
0
0
0
0
0
0
0
0
0
0
0
0
0
0
0
0
1.5
37.22
2.02
28.89
1.69
0.01
0
0
0
39.15
0
3.25
0.53
7.3
0
0
1.88
21.88
3.54
6.61
0.05
18.39
6.06
0.19
0
0
0
0
0
0
0.07
0
0
6.97
0
0.3
0
0
0.14
0
0
0.24
0
0
0
0.05
0.01
0.21
0.09
0
0
0.28
0.49
13.15
0
0
1.69
0.14
0
0
0
0
0
0
0
0
0
0
0
9.36
2.94
0
0
1.44
0
5.12
37.33
1.85
0.11
0.08
0
0
0
0.76
0.19
0.33
0.89
1.48
0.29
1.19
0
10.85
2.71
0
0.03
11.75
5.01
0.16
0
