20010101
5.48
3.61
1.78
3.26
3.87
3.76
3.12
1.57
5.26
6.03
3.87
6.1
5
7.38
7.53
1.46
2.82
4.1
3.69
2.15
1.68
2.01
1.31
1.41
2.3
1.29
5.16
3.52
2.85
1.96
4.59
5.36
7.21
6.23
4.59
6.72
8.3
6.25
8.87
6.81
7.26
10.85
10.51
6.2
8.15
10.85
11.33
9.24
10.27
7.58
6.04
8.3
10.42
6.09
6.95
11.95
6.73
12.98
8.4
8.37
10.75
4.65
7.9
4.61
11.47
13.86
9.48
12.49
11.74
13.31
15.66
2.17
11.38
11.75
14.67
12.57
14.84
7.4
11.96
2.89
2.37
12.98
12.66
15.1
12.61
4.83
9.57
8.11
7.27
10.29
18.57
20
18.32
18.62
7.13
18.99
14
1.83
7.72
14.57
4.52
13.03
18.55
17.54
20.44
13.76
11.49
19.52
12.6
7.2
7.75
10.02
20.23
22.61
23.39
5.55
24.69
22.47
23.5
22.41
24.55
24.97
24.92
21.86
19.89
17.97
12.03
17.3
20.81
25.36
19.29
23.73
25.25
26.55
21.41
25.78
26.93
20.44
20.05
26.02
17.19
21.65
26.32
29.55
23.37
28.79
23.04
20.29
20.34
26.49
14.55
22.88
24.86
14.04
12.86
20.78
24.44
20.16
26.29
15.27
21.76
4.71
28.29
26.96
14.31
25.87
22.94
10.92
17.09
10.94
9.07
28.12
14.08
23.33
29.14
28.3
29.05
27.68
19.95
13.77
26.86
7.84
23.28
24.43
15.93
22.37
22.02
25.26
23.52
14.05
20.4
27.02
12.79
24.17
25.81
22.35
15.15
3.05
23.93
22.64
12.89
2.27
8.32
5.15
11.21
13.88
19.75
17.41
23.96
24.87
20.25
25.45
23.99
22.61
23.3
23.31
23.85
22.39
23.58
24.16
23.87
20.16
7.36
25.28
24.23
21.52
21.38
22.96
21.54
21.7
20.55
21.69
17.45
10.84
17.2
15.26
19.18
21.55
19.29
14.86
21.78
20.72
5.93
14.17
9.26
19.37
16.36
3.6
3.34
11.79
7.57
6.15
13.81
8.1
12.11
16.78
9.01
3.76
6.7
4.31
11.69
10.76
18.33
14.8
12.89
3.68
13.97
4.52
6.92
15.93
16.58
14.49
7.38
10.43
14.21
13.17
11.54
10.28
13.34
10.6
13.31
9.47
9.74
11.28
12.4
12.52
11.43
11.16
10.14
6.5
2.77
1.57
1.62
8.76
7.68
8.98
2.42
2.38
5.91
8.63
5.64
2.89
4.69
9.32
6.67
9.03
9.37
9.77
8.77
3.55
4.64
3.4
2.69
6.63
2.87
1.68
1.37
5.54
8.53
8.44
8.08
4.26
2.47
6.22
7.3
6.85
4.6
4.37
6.05
3.59
1.49
2.17
5.27
1.62
6.19
2.57
2.08
1.11
2.54
1.69
2.62
5.66
6.14
6.96
1.86
1.53
4.42
5.49
6.6
4.53
2.7
2.49
6.6
6.39
5.84
4.36
2.76
7.53
3.93
2.61
4
3.7
3.36
2.08
2.64
3.94
2.85
5.97
6.24
5.56
6.39
4.65
3.01
5.83
1.35
0.89
3.23
1.41
1.6
1.57
1.4
1.79
2.04
5.92
6.32
1.04
7.32
7.26
2.54
5.61
2.37
2.52
5.48
6.79
7.8
6.51
6.09
8.41
8.34
6.3
7.83
5.69
2.32
4.58
5
3.45
8.84
6.35
7.79
2.16
7.39
6.38
5.33
3.42
7.77
3.18
3.99
13.02
7.29
8.04
5.78
11.09
7.59
1.84
9.24
8.52
8.27
14.94
14.03
7.74
13.93
14.74
14.34
7.89
16.72
13.69
8
11.08
10.23
7.93
14.85
10.39
7.55
7.6
7.58
7.81
8.2
7.85
7.74
7.76
12.72
16.19
18.01
18.38
15.7
7.15
16.95
15.41
7.16
16.74
13.05
17.12
17.29
6.74
6.16
6.27
6.2
6.9
6.6
6.44
17.17
6.86
6.5
10.27
9.77
18.75
17.78
13.95
7.27
18.63
14.45
6.34
22.79
19.73
19.7
23.65
21.1
17.33
21.55
7.45
14.88
17.22
21.6
15.02
10.33
18.95
16.47
14.24
19.26
23.46
22.21
20.88
21.99
16.49
7.65
10.45
17.58
11.46
7.94
7.69
5.57
7.86
7.61
8.08
8.39
8.23
1.09
1.58
1.18
1.22
0.46
0.5
0.19
0.78
0.44
0.09
1.42
1.45
1.28
1.01
1.17
0.91
25.22
28.84
29.09
28.88
27.86
27.1
27.36
26.34
13.71
28.86
29.48
7.84
21.91
27.74
28.34
25.29
25
9.72
28.95
28.37
16.63
28.68
26.67
25.66
27.36
23.67
21.2
25.48
20.41
17.46
23.39
9.61
20.36
21.85
26.75
14.29
24.51
18.1
21.87
25.37
27.18
22.45
18.44
22.53
15.55
17.25
18.14
22.15
15.25
18
8.83
6.24
11.09
20.47
20.22
4.56
6.88
10.01
8.34
14.13
19.93
21.67
20.11
20.95
20.37
13.89
11.21
17.31
20.69
21.44
19.26
13.05
14.49
12.17
17.71
19.18
16.91
15.86
19.54
15.19
16.04
15.49
17.14
17.87
17.33
10.25
12.29
18.21
13.17
18.39
8.92
12.99
13.78
18.21
14.84
9.96
11.27
3.52
3.47
2.69
3.14
11.57
7.86
5.69
15.09
16.2
15.28
12.31
11.28
6.37
12.64
7.17
11.24
12.64
3.62
3.69
1.14
1.05
5.39
9.46
8.24
7.75
8.56
4.11
8.7
10.91
6.59
5.29
10.65
7.39
9.01
9.79
6.54
10.72
10.14
2.33
1.58
4.96
2.9
3.4
1.99
4.47
4.39
2.88
2.81
4.13
8.03
3.62
8.78
5.25
3.73
7.14
3.39
4.64
3.61
6.4
6.94
6.67
1.93
5.22
5.43
4.52
3.93
3.5
1.56
1.8
4.22
3.37
0.84
1.16
0.8
0.94
0.99
0.84
2.82
3.43
5.61
3.02
1.53
1
1.23
0.71
2.35
1.79
2.82
4.17
5.75
3.35
2.92
1.72
1.31
2.19
2.07
1.84
1.84
4
2.27
1.14
3
2.8
4.05
3.39
1.74
2.76
1.41
6.05
2.14
3.23
6.39
7.29
5.96
3.46
7.37
6.8
6.45
3.07
3.12
3.15
2.11
1.65
5.53
4.24
3.56
4.13
5.11
3.8
6.89
6.97
2.35
8.21
9.04
7.04
1
5.27
6.34
9.68
4.62
7.16
3.4
3.03
10.82
9.7
11.09
9.04
5.3
11.02
11.76
5.76
5.29
7.62
9.11
8.84
12.14
13.35
12.17
13.56
12.3
13.1
10.64
4.35
10.78
6.29
4.37
4.24
12.53
10.6
11.82
11.08
5.88
13.75
3.78
11.35
7.21
16.72
13.5
10.98
15.18
19.3
19.08
18.76
18.99
18.06
15.63
17.4
17.66
15.64
14.92
9.13
20.52
11.14
4.92
12.98
13.91
16.41
13.09
15.89
15.12
9.81
4.54
7.44
21.07
12.76
9.87
21.37
18.49
16.18
18.68
21.59
22.59
22.34
12.07
17.49
22.2
22.31
8.74
22.58
21.97
15.58
15.78
20.57
8.73
25.58
26.65
25.83
26.17
22.26
21.63
20.35
19.81
24.84
22.98
8.66
21.86
26.79
26.43
24.04
23.62
5
7.13
14.17
27.52
26.26
24.53
19.94
21.09
23.92
25.51
26.23
25.49
17.57
18.76
20.75
26.07
26.67
26.9
26.21
25.53
26.78
26.61
24.86
28.06
22.78
23.95
17.22
20.91
23.84
6.04
23.41
17.27
26.47
28.01
27.22
20.08
26.11
26.36
23.4
23.29
12.95
27.46
27.03
20.83
17.9
14.96
19.05
16.66
26.69
27.74
18.51
20.82
27.43
19.34
13.49
26.61
26.31
25.87
23.08
26.61
26.68
26.92
26
24.26
10.15
25.87
16.07
25.18
26.11
23.12
17.74
8.86
8.46
21.97
24.35
24.82
21.44
23.27
20.43
24.71
24.41
23.32
24.43
25.4
24.76
19.27
16.53
16.88
19.44
21.96
21.09
17.08
19.57
18.96
21.23
21.03
21.04
12.22
22.4
20.99
19.88
12.71
12.15
2.59
19.71
13.36
18.27
16.88
21.36
14.86
17.45
14.38
7.11
3.05
12.91
12.01
3.56
18.08
19.2
18.78
17.99
17.83
17.84
17.72
17.69
17.56
16.83
5.19
16.52
17.41
16
14.64
1.89
16.13
12.51
14.1
11.21
8.75
9.87
10.1
4.66
8.31
11.43
9.1
10.96
6.76
9.38
11.37
12.18
8.01
11.46
10.03
5.6
4.89
5.01
3.08
4.3
6.19
11.76
10.64
7.91
10.13
2.54
3.43
8.04
6.38
3.8
9.55
9.37
9.86
4.88
3.66
5.89
2.44
2.68
8.45
6.16
7.8
3.67
4.68
2.51
1.39
3.3
7.22
7.47
5.12
5.21
6.11
5.15
5.93
1.88
4.27
2.65
2.97
2.29
1.73
2
1.51
1.19
1.47
2.21
5.85
6.46
6
5.3
3.66
3.58
4.99
2.99
3.98
3.31
2.57
5.55
5.61
5.3
2.84
1.88
5.8
5.99
6.49
5.21
5.23
3
1.35
2.24
1.32
2.06
1.36
2.65
4.64
3.61
6.18
2.71
3.4
1.21
2.13
5.04
3.55
2.73
5.31
2.57
6.39
1.22
2.78
4.79
2.64
6.4
5.65
7.61
8.01
6.47
6.07
2.24
5.6
7.82
7.92
8.86
8.19
5.42
3.6
4.69
8.1
3.23
7.36
8.31
10.04
6.92
3.63
9.05
4.72
4.28
4.47
4
11.76
8.22
8.11
8.87
8.22
2.3
1.39
4.13
12.51
2.88
6.43
9.32
11.05
9.12
11.58
7.55
15.21
8.79
15.26
5.79
5.49
7.68
15.18
13.75
8.62
11.6
9.36
15.48
15.68
16.64
17.2
15.7
11.31
11.67
5.13
1.91
2.58
5.09
11.49
7.35
7.66
17.47
13.6
16.35
10
14.22
16.44
16.26
3.45
4.49
5.81
19.83
10.17
3.63
14.29
8.75
3.86
4.7
14.31
17.77
4.86
12.27
13.43
3.76
20.97
22.84
22.67
5.42
13.22
17.53
18.58
22.65
23.07
14.84
16.88
20.4
22.58
12.82
14.89
12
12.23
9.09
21.79
15.53
17.24
24.39
8.73
26.64
23.27
18.77
12.09
25.29
18.13
26.86
23.81
7.05
14.59
21.99
20.77
27.32
22.71
8.23
9.69
27.58
28.23
16.24
8.23
11.43
7.72
4.67
19.08
26.5
27.47
26.45
21.05
17.45
13.51
8.11
25.66
23.92
14.98
26.89
18.19
19.95
11.06
20.01
24.54
27.07
24.34
4.89
26.71
23.01
19.47
16.62
21.48
24.84
3.37
27.66
24.1
26.69
21
15.86
21.88
17.44
25.55
11.82
19.7
21.54
9.31
8.92
22.18
24.8
26.7
20.16
24.94
25.75
21.53
21.78
19.25
18.66
13.33
10.65
8.86
8.35
10.67
26.05
18.38
20.1
20.12
22.98
22.98
17.65
10.85
20.68
18.58
23.27
22.48
21.93
6.19
20.57
20.97
24.16
23.8
22.75
23.22
19.7
15.28
20.1
21.92
18.67
11.81
3.2
18.95
22.11
21.74
19.45
4.52
12.03
8.5
17.59
18.42
16.27
20.45
16.9
17.94
21.35
20.77
19.82
16.49
18.85
19.18
7.66
8.72
18.73
19.15
15.08
14.97
12.14
13.09
11.83
2.36
9.21
10.82
8.49
8.58
14.15
9.36
7.77
8.79
9.48
13.92
13.12
13.31
9.31
11.79
6.01
1.35
7.25
7.68
1.08
1.12
1.97
1.99
4.52
10.88
7.6
10
6.4
1.44
2.51
6.41
7.53
6.9
6.94
8.17
7.21
4.28
3.2
5.63
2.97
2.07
4.35
4.62
6.73
6.29
4.27
2.37
4.93
2.75
2.62
1.49
3.62
2.59
3.62
5.96
6.19
2.89
6.9
7
2.74
5.63
7.72
7.44
7.08
3.29
5.8
3.21
1.07
1.27
5.11
2.92
3.05
2.36
4.3
2.89
0.94
1.32
1.13
2.81
0.94
0.7
0.74
0.77
0.7
0.84
1.98
5.61
6.07
6.14
3.33
2.38
4.94
4.05
0.95
0.85
1.23
4.71
2.45
5.91
2.12
3.92
5.23
2.54
5.66
3.7
4.9
6.59
4.14
6.36
4.32
6.28
2.16
3.69
5.32
7.32
7.31
1.92
4.65
3.17
4.3
6.16
5.37
3.67
5.17
2.56
4.52
6.83
6.65
7.54
4.11
7.18
4.25
2.39
6.28
9.03
9.24
8.3
10.25
10.56
10
5.85
3.63
6.8
9.5
5.61
2.6
6.3
7.54
3.67
10.35
3.23
7.92
7.12
10.94
4.39
9.76
7.2
13.7
14.96
14.99
14
4.35
10.36
12.54
15.71
7.02
6.03
16.01
14.88
13.99
13.77
17.06
15.21
16.45
16.9
11.09
3.74
18.03
16.53
15.53
14.85
16.24
9.47
12.76
12.13
12.8
13.52
5.34
16.21
19.47
19.86
20.23
20.34
20.39
19.43
16.34
18.19
2.76
5.95
2.86
5.79
8.45
15.04
19.85
21.36
10.64
4.93
6.95
5.04
23.44
23.87
23.5
20.28
15.96
11.4
21.81
17.96
24.9
19.86
23.49
24.35
20.18
12.62
11.76
24.26
19.76
17.09
11.67
14.22
20.87
25.98
26.08
21.6
13.24
16.09
13.37
4.46
7.17
28.94
28.26
24.41
20.16
23.53
28.73
28.2
28.14
27.26
27.63
28.02
18.38
25.91
24.04
27.98
23.77
13.31
16.98
12.36
15.84
8.58
8.77
18.75
15.66
28.8
25.6
18.33
23.08
24.78
16.66
28.55
26.41
29.78
20.76
28.66
28.88
26.25
14.9
19.88
21.04
18.33
16.73
6.89
9.2
27.03
26.89
6.7
27.55
19.2
6.8
5.8
15.22
11.09
4.09
19.29
25.46
27.2
20.84
22.65
22.45
13.59
24.85
13.26
18.19
10.64
20.16
23.37
18.96
23.96
24.55
24.64
22.95
23.96
26.04
24.25
6.18
4.02
15.58
18.98
7.11
19.86
23.28
24.3
18.63
10.21
21.47
20.74
5.2
5.71
5.72
19.14
17.1
15.66
5.77
9.02
16.49
11.23
22.07
9.16
8.63
9.65
18.75
19.47
16.62
18.22
17.91
19.16
14.61
20.49
19.31
19.7
20.22
15.59
11.36
10.2
18.28
16.88
15.84
12.9
18.27
4.48
3.75
3.69
4.67
7.37
6.29
12.65
15.34
14.72
13.98
11.43
11.64
3.44
13.9
15.07
10.67
3.15
4.09
8.93
10.89
11.49
7.7
8.58
11.88
6.34
10.6
9
8.55
9.86
12.54
10.28
12.17
11.57
7.04
3.91
8.82
10.29
7.92
7.43
8.5
9.61
8.69
8.99
8.89
5.74
6.07
3.45
3.27
5.94
3.93
3.74
3.84
5.66
7.74
2.78
4.74
1.92
1.39
1.76
4.99
3.7
5.74
5.29
6.82
4.94
3.2
2.66
6.37
2.17
4.98
2.4
1.62
2.57
3.63
2.09
2.55
2.33
3.41
5.79
1.75
0.92
4.53
5.59
5.33
3.96
6.02
4.87
2.46
2
4.33
1.64
5.17
5.78
4.72
3.89
3.78
1.8
4.77
2.59
4.78
2.06
1.94
1.99
2.06
3.11
4.21
1.65
1.32
3.52
1.99
1.37
1.64
3.27
2.61
5.12
3.5
6.55
4.99
2.51
3.03
5.41
2.54
2.5
2.31
5.97
5.52
7.35
4.38
5.85
8.03
7.88
7.29
5.42
5.99
3.95
4.38
7.67
4.01
2.89
2.55
4.97
7.8
9.91
5.27
5.74
9.57
6.38
5.66
7.91
4.84
7.1
6.26
4.72
3.96
9.13
10.68
9.32
9.75
8.22
5.42
2.35
4.37
8.12
11.37
11.39
13.05
5.87
12.14
1.42
2.76
11.75
15.6
14.6
6.88
2.56
11.36
7.32
6.56
5.69
7.37
6.72
7.04
6.84
17.19
17.84
15.49
12.52
13.17
18.46
11.34
8.04
16.04
14.18
9.77
17.28
7.41
17.29
17.6
8.58
14.27
7.57
6.48
21.32
21.65
19.32
17.43
7.44
7.05
9.41
11.91
16.8
5.72
16.24
14.35
17.43
20.73
20.71
20.81
20.94
23.17
20.69
17.12
5.96
5.76
2.13
2.69
16.03
17.6
22.32
22.8
21.84
20.45
14.51
18.83
26.35
26.13
25.57
26.96
23.42
13.71
25.67
21.15
17.2
24.98
4.76
16.21
5.73
25.9
22.76
3.59
25.04
19.19
18.59
13.58
5.91
3.43
22.27
20.81
4.24
6.38
18.92
17.83
10.82
21.92
25.47
26.91
14.91
19.03
27.77
27.08
27.78
28.83
22.43
22.52
21.66
26.6
25.85
21.17
25.23
24.25
26.46
26.48
26.49
26.5
25.85
10.72
16.6
10.39
8.05
5.58
22.43
27.53
27.97
25.32
26.83
24.1
25.07
23.86
23.28
25.52
24.87
28.71
27.16
28.26
27.32
27.55
27.56
24.25
24.93
14.63
18.85
22.66
24.14
18.95
24.46
23.3
18.87
20.16
10.12
7.3
7.39
10.08
15.53
14.27
4.74
12.44
23.22
18.99
14.8
2.81
14.64
16.97
23.45
20.05
23.39
21.49
16.3
18.34
17.37
16.76
16.07
20.11
8.11
16.19
18.19
14.02
20.33
8.77
14.16
22.22
20.83
15.6
17.16
15.55
17.46
16.7
11.34
21.24
20.95
18.32
19.89
19.42
18.4
9.7
4.98
14.63
5.73
7.83
16.96
15.81
15.73
17.59
15.89
15.24
15.87
10.16
14.17
14.6
12.58
11.59
9.7
13.13
1.68
10.12
14.73
13.82
14.21
14.01
13.4
12.57
12.66
9.89
8.09
11.1
11.27
12.7
12.59
10.5
6.33
9.3
9.98
9.11
2.09
7.04
8.8
6.29
4.14
3.42
10.62
10.02
1.79
9.75
6.79
4.47
3.89
2.78
9.28
8.81
5.15
7.54
5.37
3.73
4.55
3.92
6.82
7.95
4.9
4.93
4.68
1.82
2.93
1.4
3.65
5.72
5.97
3.62
1.71
2.32
1.74
1.83
2.3
2.12
2.81
2.99
3.19
5.71
3.77
6.06
2.39
2.41
4.44
3.22
4.53
4.61
1.58
1.34
1.05
1.8
2.46
4.71
1.77
2.8
2.3
0.83
3.18
5.29
5.94
2.1
2.88
3.39
3.18
1.47
2.25
3.75
2.71
3.54
3.96
5.23
4.2
4.24
5.32
6.05
6.85
5.87
5.22
6.79
5.76
5.5
3.64
1.37
2.66
5.4
1.07
0.9
2.72
5.61
7.8
6.65
6.42
6.92
6.34
8.7
8.5
8.17
7.7
7.93
9.73
5.98
2.94
8.42
5.29
6.53
6.65
7.07
4.94
11.16
2.99
2.56
8.7
8.38
7.74
10.19
4.05
7.92
6.72
6.53
4.89
4.31
7.9
4.91
6.47
2.58
3.03
13.7
14.23
13.09
9.99
2.24
4.88
9.05
14.67
15.93
15.85
15.47
16.7
16.22
13.3
15.7
1.69
5.56
6.64
12.73
6.24
2.48
15.67
14.4
16.25
15.08
7.33
13.76
14.75
13.72
18.97
16.54
10.01
20.71
20.33
17.78
19.37
19.71
18.03
17.09
21.31
21.45
22.31
22.81
22.03
22.9
10.51
19.25
22.78
23.18
23.83
23.51
9.31
20.47
21.09
22.63
25.27
24.29
20.37
24.5
23.49
15.39
11.68
17.63
16.87
24.82
17.42
8.29
20.28
25.91
13.16
23.78
26.25
7.18
18.12
22.58
25.68
20.56
20.2
24.83
25.67
26.58
25.78
25.81
25.12
21.51
13.76
18.33
5.92
21.32
26.03
21.5
18.1
16.76
19.01
18.25
21.18
20.11
21.61
23.4
23.49
21.48
25.58
27.04
27.29
25.68
25.27
22.25
22.84
25.14
24.99
22.24
19.36
23.66
27.27
13.81
11.31
18.34
20.11
18.56
27.53
26.85
24.87
3.89
22.27
20.15
26.26
25.05
23.47
8.88
22.08
17.85
21.76
27.97
27.63
28.43
27.28
26.53
25.66
25.71
26.57
25.08
26.86
16.38
22.5
27.26
23.34
20.14
18.62
2.46
19.17
26.68
26.8
7.25
23.56
23.27
24.72
22.4
20.59
18
13.08
9.04
9.4
20.98
23.02
23.81
24.09
23.66
22.77
12.24
9.31
19.11
18.68
19.58
20.97
16.28
20.85
18.19
16.72
5.81
3.38
14.27
14.45
17.23
15.71
6.1
11.21
3.95
3.25
10.71
9.15
14.27
13.47
12.56
16.4
19.42
10.18
16.85
15.66
5.49
17.85
17.42
18.28
18.44
16.82
17.49
15.5
8.98
5.12
12.86
15.56
16.4
15.31
12.62
11.16
4.88
6.09
6.38
11.98
13.86
12.15
7.74
9.5
8.37
5.9
13.5
13.22
12.3
11.13
2.8
10.87
5.57
4.58
2.41
1.96
1.14
2.29
1.03
3.06
0.36
2.94
1.88
5.82
9.91
7.67
6.05
3.77
8.78
3.86
7.2
4.55
1.48
6.35
5.12
6.91
6.9
3.26
2.24
3.73
3.11
1.65
3.44
3.14
4.88
5.07
5.37
4.92
1.6
5.7
5.62
7.25
7.86
4.39
6.05
3.5
1.02
3.1
5.85
5.15
2.81
3.04
3.7
2.25
2.03
1.01
3.99
2.34
3.75
2.21
2.13
3.14
3.09
2.13
1.37
1.34
1.15
1.47
2.15
1.52
1.08
1.02
0.86
1.17
1.94
2.83
2.02
1.18
1.41
1.72
1.68
3.83
6.03
2.5
1.66
2.75
4.94
2.33
2.4
4.99
4.57
2.01
2.89
2.2
5.6
7.13
2.02
6.56
7.41
5.41
8.62
2.12
2.1
5.6
5.87
5.47
5.81
1.4
5.71
6.63
4.27
5.21
9.93
7.76
9.2
8.32
9.8
8.94
10.64
7.54
6.62
9.96
12.16
5.86
11.52
11.75
10.54
9.27
10.34
12.42
12.6
12.77
8.79
7.66
8.73
4.24
11.08
7.9
3.36
7.61
8.58
4.23
3.73
11.35
14.96
4.91
7
14.94
6.32
12.08
12.06
13.1
8.02
15.73
12.68
9.14
8.62
5.66
10.42
12.22
14.21
10.79
14.09
10.97
20.68
20.46
19.3
7.82
14.3
11.59
17.4
18.55
7.95
8.29
18.53
17.89
15.67
5.33
14.76
20.84
11.2
12.3
13.21
14.89
16.82
22.63
17.92
18.05
13.28
23.73
12.76
22.85
24.15
25.09
15.93
16.35
14.19
21.09
24.93
24.55
20.2
17.75
24.26
27.19
23.83
22.7
27.22
25.38
24.82
23.5
22.19
22.15
19.22
10.31
20.24
5.8
13
18.95
17.38
20.19
24.13
21.13
27.46
25.53
25.27
24.3
28.47
26.93
25.09
21.06
13.36
5.75
22.72
10.15
15.15
24.55
26.91
19.77
15.95
17.61
21
23.02
22.23
15.46
17.52
26.93
21.61
25.49
27.66
26.26
26.62
27.42
26.13
18.1
23.71
26.42
14.56
25.29
28.18
26.16
19.95
23.64
27.73
23.64
7.82
19.38
19.82
28.23
27.18
19.69
8.08
18.07
20.57
20.18
10.18
27.47
22.9
10.13
15.08
3.05
12.38
13.02
19.49
25.61
24.54
25.1
15.34
23.38
22.36
21.22
23.99
22.19
13.81
23.69
22.3
16.64
15.44
23.47
25.2
24.34
22.7
22.43
18.03
12.74
21.64
23.94
24.16
21.08
21.03
21.42
12.26
13.33
19.59
19.91
20.71
19.19
16.96
15.26
21.97
17.87
20.98
20.51
19.21
18.07
19.46
17.91
18.98
20.23
19.03
19.17
15.4
9.98
4.79
3.6
3.16
14.46
16.29
13.77
5.18
4.32
7.52
8.5
12.48
6.21
11.57
7.42
9.36
16.43
14.42
9.7
8.14
3.18
2.99
15.02
10.48
8.26
10.82
11.09
11.37
11.62
10.33
11.22
9.7
9.9
9.87
3.48
11.83
11.29
11.12
8.81
8.1
4.51
7.13
3.37
4.1
8.1
8.14
8.32
6.95
8.95
4.96
3.56
9.69
6.94
6.17
6.31
2.23
1.46
4.7
4.82
3.12
2
2.01
2.19
3.41
5.13
7.29
8.59
5.52
5.73
1.73
5.63
6.61
2
2.38
6.67
6.45
6.52
1.98
2.08
3.19
3.59
1.88
1.37
2.27
2.13
2.9
2.17
6.45
2.85
1.9
0.71
1.27
1.38
1.48
1.03
0.88
1.08
1.03
3.44
6.24
4.48
4.9
2.58
2.2
2.65
2.09
4.53
4.55
1.87
1.83
1.27
1.41
6.06
5.3
4.14
2.05
1.56
6.07
6.62
3.36
1.87
0.95
1.18
1.14
2.5
6.23
4.66
3.15
5.96
6.18
1.36
3.83
2.54
3.83
4
4.57
0.86
1.9
4.14
3.12
3.86
1.84
2.21
1.31
2.35
5.4
8.94
5.4
1.42
8.07
4.6
6.39
5.85
8.63
7.96
7.95
7.39
3.61
9.61
10.45
8.59
3.59
4.72
7.29
6.87
7.98
7.92
7.09
8.43
11.66
4.16
4.23
3.57
1.36
7.1
2.87
14.75
4.37
13.07
6.62
9.66
10.09
13.92
6.97
9.24
9.88
16.96
4.61
11.01
14.9
17.65
12.43
6.24
14.82
11.74
12.68
15.63
2.87
9.91
8.58
6.62
17.89
15.68
19.37
18.84
18.27
19.33
21.21
20.15
21.23
21.13
21.37
20.97
21.31
21.99
19.99
12.66
19.36
14.26
15.52
18.45
24.32
7.01
22.93
22.72
20.35
16.6
16.26
13.33
19.04
21.92
16.08
20.81
17
23.52
13.94
18.43
24.42
24.65
24.17
24.51
17.31
7.27
6.77
14.4
21.07
26.87
22.56
25.33
26.18
26.59
20.86
21.3
19.04
24.91
24.25
7.18
21.62
17.98
8.43
20.11
16.16
22.3
20.26
17.09
16.08
19.19
11.7
28.45
27.09
21.94
19.31
27.97
24.75
29.29
19.57
15.08
24.52
28.57
29.36
3.96
25.72
4.39
5.26
8.56
24.99
16.7
18.19
11.96
19.47
26.8
20.35
20.91
24.51
23.09
18.71
22.27
20.91
10.39
20.65
5.37
23.35
24.42
22.05
27.25
25.29
27.39
27.33
7.98
23.8
22.62
26.78
26.57
25.97
26.62
15.95
21.62
27.17
20.66
26.21
24.08
21.4
25.26
25.48
20.78
7.48
15.01
19.43
19.25
18.42
12.37
22.16
16.03
18.21
13.11
16.03
23.11
23.75
22.89
21.79
18.93
20.81
22.97
13.69
21.37
18.88
21.8
21.78
19.27
20.43
4.96
20.46
21.87
21.92
17.9
19.26
4.32
14.8
20.97
20.08
19.69
17.58
16.06
9.5
17.21
15.52
8.67
12.85
15.67
9.67
9.72
14.14
16.12
16.5
16.79
16.49
15.33
15.07
15.78
15.25
14.44
12.76
13.3
11.1
4.3
12.66
14.18
13.37
13.01
12.22
12.38
6.56
6.05
8.8
1.26
8.95
7.56
6.48
8.03
6.29
6.68
6.73
5.45
10.32
6.74
6.95
1.73
8.95
3.76
8
7.67
3.94
8.16
8.85
4.81
6.3
2.48
3.79
4.96
1.22
2.82
1.6
5.38
2.21
2.73
7.68
7.45
6.2
5.86
5.93
7.01
2.79
7.24
6.72
2.01
2.92
2.46
5.56
6.58
3.74
4.28
2.48
3.57
4.15
2.03
4.34
2.5
1.18
4.22
2.68
3.9
0.81
2.05
5.13
1.71
1.94
1.45
1.57
2.63
1.74
3.49
4.27
0.93
4.55
4.44
4.12
3.05
2.82
2.74
5.38
2.03
4.55
3.87
3.21
3.22
1.93
2.5
4.55
5.5
0.97
2.38
1.86
1.16
1.45
1.87
2.53
3.45
1.41
1.34
2.5
6
1.81
4.64
3.38
4.95
2.39
2.82
3.47
3.33
6.06
4.88
8.49
4.26
5.42
2.46
4.15
8.9
8.65
4.1
7.75
3.43
2.07
4.72
4.8
3.95
3.63
3.33
5.36
9.84
9.1
5.55
7.75
9.42
7.87
5.25
4.08
12.18
9.35
7.77
10.03
11.98
3.51
13.87
7.89
11.16
7.06
11.23
3.04
14.21
11.82
9.1
11.89
9.04
4.46
4.84
11.9
10.42
8.33
10.35
6.99
13.11
15.07
13.14
14.89
14
4.85
13.91
11.63
13.21
15.75
13.49
15.43
17.45
15.31
5.58
19.56
11.59
20.38
7.87
3.93
21.37
21.62
18.61
19.13
12.2
10.94
4.28
5.45
11.03
10.73
15.16
23.68
14.47
16.96
19.02
19.83
12.91
11.86
22.47
19.69
22.39
17.72
24.71
25.61
24.74
17.88
13.91
10.96
14.31
5.87
24.15
22.28
14.76
17.88
19.35
19.67
10.77
7.19
15.03
6.12
2.59
7.11
14.18
16.84
10.65
17.48
24.66
27.54
24.99
25.33
23.41
25.47
22.03
23.47
15.23
7.15
5.62
5.53
11
9.67
29.48
28.73
25.07
27.62
29.5
25.32
27.79
28.55
27.22
17.64
25.58
6.8
10.59
18.58
11.92
9.08
7.02
16.02
27.88
25.14
13.09
10.03
27.54
28.27
28.9
28.83
26.08
25.4
23.96
27.24
19.85
15.93
23.85
28.83
28.79
28.23
26.55
27.4
19.37
26.95
24.06
25.91
25.44
19.86
24.64
20.66
26.32
26.62
23.41
8.3
5.06
7.88
19.77
17.79
16.81
5.11
17.43
26.26
26.63
13.31
22.04
18.5
9.84
10.21
24.48
12.86
21.89
23.62
24.24
20.38
18.9
17.56
13.37
20.81
17.25
17
17.17
22.28
22.77
22.75
10.61
6.86
22.07
17.78
4.58
17.48
5.32
6.06
18.77
14.9
9.62
9.48
20.94
10.85
3.74
3.9
12.4
7.37
7.28
11.55
15.54
18.91
15.42
5.81
3.59
7.47
11.19
18.44
18.26
17.85
17.35
15.94
5.78
3.07
8.78
11
9.87
7.53
7.64
4.32
3.39
5.91
5.86
1.4
10.93
10.55
13.25
12.71
12.66
10.09
7.46
10.28
9.42
5.08
2.7
2.26
1.56
1.81
10.69
11.55
8.78
7.54
1.03
3.28
10.76
9.87
10.37
10.06
7.9
5.69
5.39
2.84
8.39
9.57
8.11
7.03
2.17
5.64
3.29
7.55
5.12
6.84
8.16
6.43
5.03
3.78
3.09
1.9
3.38
2.11
2.02
3.76
6.9
6.5
3.47
6.06
1.57
4.41
4.04
1.69
1.79
1.89
5
3.65
4.61
4.12
2.95
0.78
3.99
2.69
2.32
5.71
5.15
4.13
4.31
3.57
2.27
3.24
6
4.86
2.36
4.73
3.83
1.83
2.79
5.55
4.16
4.2
1.93
1.16
1.68
1.02
4.68
2.96
1.16
5.24
5.04
2.06
5.6
2.9
1.41
3.06
2.36
3.34
4.49
5.78
4.3
2.63
0.98
3.94
3.68
4.77
7.42
7.02
3.19
5.2
1.49
5.03
4.84
2.88
2.07
3.72
5.66
6.59
8.84
9.35
8.4
10.29
9.87
9.62
9.69
6.97
3.21
3.62
1.19
1.94
2.26
1.94
2.17
6.99
4.26
5.87
6.14
11.64
12.91
11.88
7.49
4.63
8.53
2.98
7.65
3.46
10.77
8.92
13.12
11.81
15.91
14.78
9.41
14.41
15.46
12.55
11.78
15.13
2.96
5.3
3.79
3.25
14.76
15.7
18.02
17.36
18.39
18.53
14.67
2.82
6.72
18.18
20.25
17.51
7.37
18.95
17.8
14.31
15.88
8.81
17.83
16.98
22.28
21.94
16.06
11.01
17.9
10.2
13.15
11.31
16.89
18.89
21.11
23.27
23.72
23.31
22.98
20.23
19.69
5.2
12.76
14.41
12.15
14.56
11.59
22.44
15.26
25.52
27.05
26.92
27.17
7.67
24.67
25.78
26.26
26.1
23.89
21.71
4.8
21.61
20
25.62
25.83
26.59
23.29
24.69
25.69
25.06
26.74
28.56
27.5
11.02
27.56
28.94
27.73
16.64
23.79
20.14
18.98
23.72
24.66
20.57
19.38
10.29
27.9
29.87
26.05
26.1
16.82
26.27
27.46
22.2
18.96
9.95
25.78
26.61
28.94
25.41
9.53
23.08
11.93
27.55
29.1
25.16
25.82
25.65
16.96
12.18
14.95
14.48
23.03
25.77
26.21
27.82
27.67
24.09
27.03
23.46
21.89
18.37
25.97
26.92
20.89
20.99
12.34
14.12
20.01
7.31
3.23
3.93
3.69
22.95
0.74
18
12.87
14.98
16.34
23.69
21.57
3.88
22.58
19.82
22.13
13.26
19.38
20.85
25.59
22.03
17.89
23.69
22.45
22.53
23.19
23.64
18.52
21.36
21.56
21.54
21.89
22.31
21.57
21.95
20.73
17.51
20.31
19.98
19.94
18.71
18.69
21.61
19.94
18.37
20.7
17.43
9.09
10.14
20.12
19.72
15.3
19.64
16.89
12.33
17.57
16.98
17.13
11.24
7.89
15.5
13.4
15.77
14.74
16.89
16.4
15.23
15.45
16.6
15.91
15.34
15.35
14.9
13.43
13.84
12.7
0.2
8.87
9.32
4.75
10.12
7.22
6.45
11.53
12.89
12.73
12.79
12.38
11.74
2.32
8.44
8.48
1.24
1.26
1.13
2.68
1.65
2.83
3.29
6.86
7.69
2.77
2.94
2.59
8.56
8.26
5.87
5.94
5.99
2.45
2.55
8.31
8.08
8.15
7.74
5.12
2.82
1.82
2.14
1.18
0.89
1.4
1.41
1.55
1.23
0.96
2.36
2.45
5.87
3.09
1.22
1.26
1.08
1.21
3.81
0.91
4.15
3.09
6.08
2.41
3.31
1.98
2.27
3.77
3.58
1.01
3.57
2.14
6.33
1.62
6.52
3
4.27
2.06
4.48
5.94
1.53
3.67
1.3
1.3
1.95
5.94
2.72
5.58
2.54
3.75
1.7
5.04
5.14
3.89
4.01
3.9
5.08
6.76
6.37
6.52
5.46
5.67
3.1
6.52
2.87
1.12
6.65
7.59
5.5
3.43
8.1
7.56
8.86
7.35
3.77
9.26
8.15
6.57
6.98
4.01
2.59
7.85
3.69
3.65
9.53
8.91
6.03
4.39
5.23
8.63
9.55
4.92
9.84
5.6
5.74
9.93
6.96
12.75
11.71
8.74
11.42
10.92
9.1
12.79
4.18
9.81
5.12
12.64
14.91
12.43
14.35
14.71
15.51
12.21
12.74
15.74
3.07
2.62
8.1
12.09
17.11
17.33
17.61
15.95
9.26
15.45
17.63
17.71
16.67
17.05
18.6
20.13
19.32
18.28
7.89
7.17
19.98
18.43
20.89
19.06
19.21
16.91
5.62
3.77
17.02
22.87
19.67
16.36
8.6
16.05
4.89
10.43
8.39
15.68
11.11
18.67
19.83
14.5
7.48
15.14
13.01
22.55
25.13
25.72
25.43
25.14
25.49
24.58
23.85
15.39
12.29
23.92
24.03
9.09
25.32
27.34
26.1
26.18
20.5
17.81
9.16
18.25
9.91
26.1
28.91
28.48
27.38
10.03
2.19
21.88
22.83
22.88
22.51
27.1
16.68
22.99
19.03
17.72
20.27
11.89
26.5
16.21
21.59
24.94
25.9
23.69
10.35
14.14
12.59
6.89
16.2
26
28.58
29.9
28.89
29.6
27.35
27.41
25.57
19.11
24.3
27.99
5.82
23.97
24.47
22.66
25.52
27.84
26.15
27.38
24.66
25.37
24.28
24.66
26.81
28.03
26.51
24.61
23.79
17.5
9.24
22.28
8.88
19.77
19.73
19.18
25.02
24.68
6.21
14.36
21.67
16.34
13.41
18.98
22.65
24.27
18.94
24.58
19.39
26.14
25.5
20.29
23.71
24.79
24.45
22.5
17.46
17.98
20.83
10.23
20.82
22.7
23.2
22.41
20.51
19.97
22.45
23.19
23.74
19.52
20.19
16.27
21.32
21.69
10.44
16.49
22.47
19.59
20.71
9.07
6.32
18.67
18.06
13.29
15.04
16.28
21.03
20.91
20.62
20.12
19.54
14.01
4.03
5.06
12.1
17.14
16.55
17.07
9.67
16.06
17.94
15.56
15.65
14.7
16.73
15.46
7.98
12.83
8.73
10.42
12.33
3.94
13.73
13.09
11.96
13.82
9.1
12.67
10.01
2.84
8.19
3.19
4.67
6.02
10.13
1.93
7.75
10.86
9.21
8.24
8.44
8.41
3.17
2.28
1.37
1.49
1.83
3.15
4.91
9.64
9.58
1.65
4.53
8.25
7.37
1.24
5
6.59
9.08
7.11
5.42
7.31
1.09
4.44
6.52
6.76
3
4.29
2.59
2.71
2.27
2.06
2.49
1.84
3.04
3.17
2.96
4.32
5.65
5.02
2.88
3.18
1.33
5.51
2
3.46
3.1
5.63
2.03
6.29
4.49
4.78
6.08
6.3
3.38
1.39
2.31
1.09
1.2
2.53
2.85
1.1
1.64
1.5
5.36
2.63
0.91
4.89
2.44
6.27
6.86
5.6
3.33
1.16
4.31
3.86
3.08
1.22
2.44
1.77
2.51
2.26
2.65
4.67
1.73
1.72
2.69
3.46
2.67
3.05
3.77
4.91
2.59
3.29
3.3
1.94
6.14
5.67
6.6
3.43
4.72
7.73
9.23
5.13
0.95
5.93
4.18
3.15
1.86
10.02
7.4
4.56
4.15
8.57
3.55
3.3
4.14
7.06
8.52
8.67
6.5
8.66
5.66
9.05
6.79
7.33
4.18
6.7
1.74
4.03
7.46
2.82
14.89
14.93
14.98
14.77
8.81
11.49
10.75
6.72
3.23
13.93
6.52
7.48
3.67
10.51
14.88
11.53
2.33
12.99
15.93
8.38
19.16
9.51
4.61
3.96
6.97
17.82
19.18
2.5
4.19
3.41
7.2
2.14
3.01
11.9
3.53
9.43
10.53
20.12
17.3
16.36
18.43
11.28
16.29
20.71
22.56
24.12
16.59
22.48
19.39
20.1
21.71
16.33
20.21
25.03
24.17
24.09
16.44
22.14
19.65
21.78
22.58
9.62
14.95
20.72
10.33
11.52
18.11
20.52
20.75
25.55
6.17
19.3
26.2
22.74
27.75
21.05
9.34
28.58
25.36
15.79
27.48
21.2
19.82
21.28
14.54
16.56
13.36
14.22
17.67
3.02
8.99
12.68
4.99
15.26
9.82
12.17
16.56
21.92
20.03
25.55
18.97
9.88
22.94
29.57
28.43
27.26
24.34
28.97
28.2
27.01
27.69
28.68
27.02
23.1
3.34
9.7
24.38
29.62
24.44
23.82
23.03
28
27.93
27.7
28.49
27.85
25.5
26.69
27.87
26.49
24.65
14.45
22.17
19.39
24.29
17.68
28.15
28.55
26.45
21.88
26.65
27.94
27.98
26.8
25.55
17.22
23.88
24.87
24.85
25.39
20.34
19.76
26.66
26.76
25.86
24.25
25.01
24.93
24.79
24.86
23.41
12.33
24.23
21.46
15.94
4.97
24.06
24.8
24.51
23.98
20.58
13.71
17.98
21.45
19.23
4.59
5.18
9.3
10.54
10.25
20.43
21.09
19.19
10.95
15.9
11.9
13.54
16.04
18.92
20.99
19.16
4.07
12.43
10.29
13.48
11.44
8.42
12.21
13.82
4.49
7.82
15.9
14.06
11.54
15.79
16.36
17.59
14.93
10.64
3.75
7.33
1.74
2.4
14.77
10.81
14.2
15.99
7.17
3.63
9.23
13.62
7.74
6.62
5.37
11.61
12.57
10.62
11.94
5.51
12.16
9.35
11.68
8.81
9.09
8.69
10.88
6.61
9.85
7.19
9.18
9.35
4.93
3.09
8.45
9.75
4.76
2.82
2.85
1.67
5.55
7.79
7.31
1.73
4.14
2.52
4.6
1.17
3.37
1.64
6.54
5.53
2.55
2.51
1.54
1.61
1.5
2.22
1.3
2.61
4.98
4.83
7.79
6.27
4.1
6.66
6.19
6.56
6.29
5.46
5.02
4.36
4.36
2.17
2.63
2.91
1.89
1.08
0.99
2.13
1.87
1.29
0.74
2.99
3.43
3.5
2.62
2.23
5.84
3.56
1.43
3.13
4.69
2.53
3.35
1.98
0.95
4.5
5.65
3.45
2.03
4.53
2.59
1.45
1.92
2.94
1.76
6.71
6.72
2.19
4.38
5.76
4.42
3.52
2.48
3.43
4
2.18
1.46
0.86
8.05
4.61
3.91
3.37
3.84
3.78
3.56
3.13
2.09
3.09
2.19
3.13
3.24
8.03
3.51
2.92
6.88
1.73
2.38
9.92
6.87
9.6
4.84
2.4
2.83
3.36
8.06
3.54
2.28
4.26
11.37
7.66
9.99
10.98
9.98
9.97
7.9
3.92
6.28
5.7
7.18
10.46
10.48
14.65
12.05
16.01
15.29
15.51
15.3
7.13
11.4
17.2
16.25
13.09
18.47
17.59
15.39
5.14
10.8
10.88
14.44
12.31
18.61
19.09
19.72
15.05
16.52
15.87
14.74
15.2
8.95
10.75
19.2
18.53
13.68
6.59
21.89
13.07
11.02
13.69
12.85
13.04
8.59
21.98
13.51
10.15
12.4
17.66
16.76
15.63
3.3
9.96
23
18.86
17.36
23.69
22.81
21.13
5.31
20.54
26.71
25.53
18.05
21.42
20.42
23.22
5.9
20.83
5.9
17.36
7.08
5.65
6.15
11.26
27.69
28.38
27.92
26.36
25.02
23.74
27.39
20.52
24.52
15.73
14.87
20.78
15.38
13.04
24.4
20.13
28.47
19.12
30.05
29.13
28.85
29.57
29.41
28.75
20.55
24.85
20.04
28.52
24.52
8.9
25.72
24.03
15.5
20.13
28.6
26.69
9.24
11.1
29.7
26.91
27.05
26.14
9.39
25.95
22.16
26.83
28.94
17.74
28.2
28.09
23.07
15.09
7.65
9.44
20.92
21.3
20.56
22.06
25.43
26.04
25.91
25.97
26.24
16.9
6.04
21.26
23.91
17.25
22.08
14.45
11.04
16.25
12.69
12.38
18.97
22.01
22.63
19.45
17.42
10.04
15.87
21.13
23.5
22.63
20.18
12.47
17.23
5.74
13.08
17.44
22.46
24.23
16.07
10.64
19.44
13.76
9.85
15.56
21.33
9.31
12.89
21.75
21.95
18.55
11.15
3.74
2.64
15.36
10.19
17
7.23
12.84
18.82
16.93
7.55
2.51
5.56
12.09
5.58
8.89
10.78
16.03
17.82
16.78
13.5
16.17
10.07
12.24
16.58
6.78
2.23
5.86
16.76
16.33
7.6
6.13
4.92
9.24
4.77
10.49
11.91
7.21
11.04
13.58
11.36
12.39
12.03
11.86
11.03
5.79
9.91
3.97
11.78
11.48
10.62
2.73
3.36
1.07
0.86
2.09
4.43
3.94
7.59
7.2
3.61
3.63
8.68
9.38
5.09
9.05
8.19
3.15
3.96
3.26
5.12
7.45
6.97
3.9
3.11
4.37
3.18
4.78
2.12
5.77
6.02
6.6
6.07
6.04
5.42
2.41
1.61
4.17
2.66
0.94
1.24
0.96
0.5
0.86
1
1.19
1.37
0.7
1.35
3.41
2.68
5.9
3.31
6.09
5.36
2.66
2.76
1.75
4.2
3.04
5.71
5.47
6.04
3.74
4.27
5.63
4.79
4.45
3.46
1.84
4.93
4.68
7.07
2.16
4.46
4.12
6.45
2.48
6.1
3.51
3.34
2.45
5.55
0.63
5.7
7.01
6.37
6.26
6.51
2.23
2.21
3.33
2
2.22
1.72
1.47
1.44
2.44
6.81
2.29
7.38
1.89
1.49
9.27
4.29
7.9
6.77
2.81
4.21
3.44
7.52
6.88
2.83
2.85
3.99
8.51
10.9
7.07
8.63
11.55
9.1
7.2
11.39
12.06
11.6
2.9
3.17
1.9
3.66
7.76
8.87
9.51
8.65
4.01
14.94
8.03
7.37
11.99
14.13
15.31
15.06
15.21
5.99
7.84
3.16
7.5
5.27
13.12
14.41
16.68
15.71
14.99
17.29
13.76
17.08
14.28
7.65
15.05
3.85
13.21
15.01
8.08
13.36
17.5
10.15
18.05
10.54
16.98
19.06
11.37
4.09
13.32
20.97
19.07
19.69
17.97
18.72
21.95
21.11
8.9
9.74
20.94
24
24.12
20.96
22.02
17.61
24.32
18.29
21.82
5.94
25.36
20.31
12.69
19.39
7.79
19.43
20.83
19.69
25.95
24.71
16.55
22.38
27.89
25.53
22.09
16.89
4.11
14.06
20.39
23.44
25.1
22.28
4.66
3.38
5.16
24.23
6.12
6.15
17.58
21.66
26.93
27.05
19.16
26.35
28.16
28.45
27.02
27.95
29.37
28.24
27.61
26.98
28.55
28.21
28.73
28.37
23.69
16.62
16.36
22.19
25.46
11.04
15.88
21.26
26.56
3.36
16.63
27.22
29.28
11.17
22.37
20.71
26.88
26.24
26.3
27.01
28.82
29.13
24.47
26.96
17.71
15.66
27.71
27.91
24.59
8.78
15.44
21.91
23.5
25.95
22.33
26
24.31
23.68
26.25
21.58
24.98
19.8
11.73
6.76
10.53
9.13
6.76
20.45
25.41
18.97
21.42
22.68
24.21
24.63
24.5
23.72
24.39
22.43
23.59
23.91
23.01
21.45
19.48
16.7
6.13
15.56
16.74
6.04
16.93
21.16
13.97
19.5
7.56
21.78
19.34
22.19
21.59
21.49
21.63
22.08
16.17
14.92
14.26
4.09
12.96
17.41
18.13
16.81
14.44
10.48
19.76
14.92
13.45
11.11
14.59
17.42
15.9
12.87
14.08
17.4
15.99
13.45
10.51
1.65
7.02
9.2
10.11
12.84
9.34
15.03
14.67
12.47
11.13
11.4
8.55
2.45
4.49
4.42
2.52
1.59
7.63
1.83
1.09
0.67
3.79
6.19
4.58
0.57
6.04
4.87
7.56
5.74
10.54
8.37
7.17
8.42
0.99
2.7
9.67
9.97
11.25
11.23
10.72
8.02
8.93
9.34
5.76
8.49
5.16
5.44
8.68
8.83
8.48
6.03
2.7
7.98
4.07
8
7.52
3.1
1.17
3
7.07
5.54
2.56
3.17
3.07
4.5
6.33
4.94
4.11
5.02
3.57
1.82
4.75
2.04
2.13
1.03
1.48
4.88
6.98
2.54
5.5
4.13
1.79
2.88
1.14
1.6
4.82
1.1
3.08
5.77
4.13
4.71
4.62
5.64
2.76
6.3
1.73
4.55
4.4
2.32
0.6
2.37
2.28
2.75
1.05
4.52
3.44
2.56
3.11
4.1
5.97
5.37
5.28
2.26
6.16
4.33
7.09
6
7.39
8.47
8.93
2.36
6.98
2.55
6.98
7.03
8.62
7.51
5.76
1.6
4.56
2.89
2.13
7.94
9.89
10.12
6.14
4.96
7.83
2.71
8.71
4.44
5.03
5.76
2.02
3.16
1.75
1.61
3.39
11.01
6.13
10.41
5.12
10.37
4.84
8.8
10.8
6.24
2.96
4.71
10.24
2.77
11.59
9.83
10.32
2.61
7.09
14.35
14.42
4.82
6.43
6.06
17.35
5.11
6.62
14.3
17.56
14.11
17.67
10.29
8.86
7.84
13.23
7.93
8.65
18.08
14.31
11.44
13.08
19.32
12.43
14.64
19.65
17.6
17.89
19.47
17.87
2.67
14.28
18.36
22.54
21
18.56
6.88
20.74
23.79
17.12
14.21
14.4
22.84
24.93
23.81
18.28
10.02
16.59
23.77
3.16
11.25
23.85
24.69
4.59
7.61
16.22
15.16
24.77
26.21
23.36
23.3
20.63
9.84
5.86
2.36
19.45
9.24
10.61
20.07
18.7
20.3
25.27
19.63
26.81
28.43
26.53
9.92
27.28
22.76
25.13
26.15
25.33
27.65
24.43
20.61
20.38
23.91
19.69
20.13
26.84
30.2
27.54
19.12
18.1
17.74
13.78
20.87
20.8
14.76
23.62
25.5
26.46
11.7
16.37
28.79
27.91
28.04
27.45
27.08
25.14
11.68
30.01
28.49
26.52
23.41
25.63
10.07
27.31
26.58
17.13
25.91
26.07
18.1
26.1
26.39
24.96
21.78
17.17
18.18
4.79
11.52
25.35
23.73
24.1
25.01
23.25
22.5
21.71
11.83
14.75
20.82
15.43
22.92
24.26
22.66
15.3
25.73
22.96
26.01
21.06
23.63
25.82
25.52
23.76
3.67
15.62
18.08
15.92
24.63
14.46
21.07
15.85
16.14
11.6
21.13
6.73
7.06
23.3
22.22
22.51
22.86
21.11
22.3
16.93
19.54
21.94
22.17
15.81
20.2
16.45
11.87
6.03
18.59
19.26
19.31
18.7
17.15
15.15
17.86
17.47
17.34
16.81
12.63
10.68
13.14
14.52
10.59
16.42
16.83
15.8
15.6
14.15
14.04
14.77
15.23
15.13
13.27
4.06
5.96
2.78
13.43
4.14
5.46
9.47
8.01
5.55
3.88
6.16
11.3
6.17
5.03
9.62
5.04
1.17
5.29
1.89
2.93
10.65
8.34
8.89
7.71
9.32
5.84
8.92
5.84
5.05
9.62
9.08
7.32
5.16
8.98
4.52
1.57
2.96
1.47
8.73
6.84
4.41
1.14
8.07
7.48
6.37
2.97
3.93
7.21
3.77
4.78
6.89
6.93
6.5
4.7
2.17
4.5
2.43
6.06
7.11
6.53
4.37
4.39
6.98
5.15
4.18
1.71
5.44
1.95
5.15
5.99
6.22
4.11
5.11
3.46
2.54
1.99
6.13
1.97
1.16
0.86
0.77
0.82
1.53
1.36
2
5.08
5.8
1.59
6.07
6.89
6.9
6.69
4.78
6.39
1.91
5.51
3.24
6.95
1.98
3.32
6.54
7.23
3.34
0.54
4.21
7.31
4.5
4.6
3.61
7.04
8
8.35
8.27
2.23
1.33
2.52
2.23
3.4
1.85
1.39
1.55
2.67
1.69
4.03
6.01
5.33
6.6
0.95
8.31
3.62
1.78
3.11
4.69
6.92
9.84
11.34
11.5
9.38
4.85
6.15
12.13
8.13
3.85
7.89
6.71
2.82
13.83
11.56
10.46
9.25
7.39
8.04
13.26
13.86
4.8
6.89
8.64
15.14
12.11
8.61
12.34
12.26
16.45
12.22
9.36
16.15
16.92
3.83
9.56
12.44
16.05
14.14
16.36
15.39
18.37
17.22
20.36
20.45
17.71
14.23
20.08
19.73
19.95
19.36
14.97
7.84
11.74
6.46
10.44
15.27
21.68
12.27
17.61
12.94
15.55
12.1
15.68
15.85
12.31
5.09
14.57
23.1
13.09
15.4
22.09
20.65
12.38
6.46
4.03
16.92
20.21
18.27
23.36
3.89
18.2
7.36
24.34
11.58
21
17.91
24.11
24.03
20.29
15.13
20.98
12.69
26.62
27.58
27.9
28.3
23.21
25.99
27.24
16.91
8.11
19.32
26.38
28.09
29.26
29
27.75
19.26
23.27
20.77
27.25
24.26
25.41
23.71
10.96
29.35
29.87
19.02
30.15
27.62
26.91
24.35
27.95
13.1
14.77
27.9
27.49
29.43
19.89
24.19
16.83
27.19
12.88
24.85
23.11
21.53
26.61
21.12
21.36
19.81
21.53
23.19
25.96
24.87
22.7
25.08
23.93
26.68
18.62
27.5
29.18
11.25
21.13
26.58
27.84
28.07
25.6
27.04
26.54
20.81
21.18
13.14
21.88
16.9
11.88
20.34
26.26
24.03
26.05
26.16
23.09
25.37
23.43
23.52
13.93
24.87
15.91
22.5
20.27
18.37
13.42
19.12
24.09
24.62
21.08
23.47
22.99
12.52
17.09
20.79
20.68
22.54
21.96
21.04
21.12
18.98
14.99
21.96
22.02
20.8
11.43
9.91
7.96
20
18.85
12.24
5.18
16.2
19.63
12.35
7.18
5.78
18.27
18.46
6.62
6.92
4.26
12.68
2.02
4.13
7.93
14.25
13.38
10.32
9.63
11.98
7.07
14.03
13.15
14.8
14.99
14.82
4.16
13.13
12.6
8.43
12.32
7.25
8.2
9.75
12.35
12.18
11.03
11.14
11.99
11.84
10.5
10.34
6.11
5.74
4.87
1.6
1.16
9.59
10.03
9.59
1.76
4.75
4.95
5.65
5.01
8.78
7.73
5.84
9.15
8.11
1.8
4.73
1.04
5.42
4.59
5.22
3.27
2.13
6.31
5.27
1.94
1.34
4.18
3.58
6.12
3.44
5.96
6.1
2.73
4.98
3.15
7.06
5.67
1.78
3.72
3.49
7.03
3.35
2.76
1.89
6.39
4.91
3.63
2.98
6.45
1.4
0.55
3.3
1.89
1.43
3.26
5.23
6.37
6.6
1.3
2.38
2.9
4.96
5.25
6.14
3.32
4.36
1.83
5.81
4.03
4.22
1.36
2.61
3.59
4.34
3.56
4.71
4.86
2.68
1.52
1.38
2.33
1.21
0.79
2.34
1.75
4.37
2.16
5.34
1.68
7.48
6.13
5.21
3.76
5.63
7.26
4.73
1.65
2.86
8.43
8.23
3.58
4.75
1.45
1.52
8.25
5.79
2.35
2.05
3.65
3.56
2.34
8.62
2.67
4.09
5.64
10.65
5.34
5.26
5.3
8.27
3.65
3.94
4.54
5.06
10.3
13.61
7.59
9.4
13.83
8.91
3.15
6.92
9.27
4.66
6.86
12
11.87
9.3
12.77
11.76
13.7
13.14
10.37
10.06
4.23
2.36
7.87
7.27
10.19
12.8
19.13
7.62
15.59
7.91
14.99
12
14.18
2.85
9.81
4.13
11.66
19.06
18.96
11.59
9.19
20.67
12.12
18.03
19.3
11.74
14.9
16.61
21.09
22.11
11.42
8.01
9.93
21.6
23.64
23.64
24.34
23.27
17.09
17.54
23.42
11.16
20.87
24.42
24.44
23.43
22.34
22.11
24.16
20.25
17.9
25.32
25.63
23.43
25.71
19.06
17.57
23.87
22.22
6.1
9.6
21.07
21.3
15.54
23.61
24.48
25.88
19.91
21.54
16.87
15.67
26.49
24.59
22.14
23.64
22.35
25.84
16.48
23.59
19.97
22.88
21.76
24.72
18.16
22.08
16
22.95
27.37
22.65
13.4
6.35
13.88
22.89
19.87
26.87
27.14
27.49
27.79
9.75
20.15
16.88
14.52
22.24
19.42
11.49
15.96
25.5
25.48
22.21
24.38
19.08
27.01
9.35
24.75
19.33
25.55
23.11
6.83
19.77
22.08
20.59
19.93
22.56
22.25
17.57
26.26
23.65
21.81
16.52
11.32
25.4
25.89
23.16
21.98
21.28
25.32
25.68
24.38
20.26
13.57
22.11
25.24
21.12
22.89
21.13
24.27
24.1
19.76
17.98
24.8
24.03
10.72
20.44
22.69
21.9
21.92
21.98
21.68
22.19
21.91
20.85
16.13
8.62
6.79
22.57
19.74
19.49
18.7
16.94
7.51
6.49
10.21
5.43
17.67
20.32
16.61
17.89
19.18
19.35
16.32
19.62
15.87
15.51
17.35
17.28
17
18.46
17.12
16.94
17.26
2.3
10.95
14.36
16.58
17.63
16.94
16.74
16.91
16.59
13.35
7.71
10.82
13.42
14.7
12.41
5.34
7.72
12.14
12.37
12.37
12.55
11.99
12.08
9.42
5.84
7.84
7.91
9.28
10.05
6.65
6.63
8.62
5.07
9.83
7.21
1.96
4.22
6.24
8.74
9.79
7.3
6.21
4.55
2.75
4.82
8.37
8.15
4.8
4.85
4.14
7.99
6.22
4.02
8.17
7.31
8.25
7.11
4.34
1.39
0.99
1.42
1.3
1.31
1.68
1.24
1.3
2.34
5.36
7.67
6.29
3.32
4.75
3.11
4.89
6.01
3.18
5.5
2.18
3.01
5.02
2.86
3.12
2
1.14
2.78
3.78
2.99
3.33
4.08
2.19
2.55
2.73
2.94
2.83
2.6
4.31
4.37
3.08
4.79
2.4
3.85
3.83
4.78
5.17
5.98
1.3
5.4
2.56
2.09
4.24
1.56
6.99
3.99
6.37
5.22
6.25
5.39
5.76
2.75
3.52
4.55
5.87
4.28
2.08
4.25
6.27
4.55
6.43
2.14
5.77
4.12
2.97
4.31
4.09
2.61
9.37
2.86
10.14
10.6
6.96
7.62
6.6
4.05
6.83
6.6
8.57
7.69
11.39
11.78
11.85
11.78
7.5
11.19
6.88
12.95
8.91
10.57
9.87
13.91
14.18
8.17
5.18
11.35
12.44
13.13
14.14
11.68
7.13
11.44
8.14
7.26
14.72
5.79
14.03
9.18
8.35
17.95
3.32
9.45
17.97
18.4
18.3
18.79
18.93
5.44
15.71
9.32
11.84
19.65
20.75
20.78
19.14
17.6
17.45
12.53
3.82
14.35
18.25
15.81
16.73
8.38
2.54
6.2
8.4
3.81
21.81
23.04
23.04
20.99
23.64
24.68
24.33
24.2
4.83
20.34
23.99
19.4
15.61
24.75
9.26
5.9
22.41
25.51
11.32
7.14
5.84
4.58
17.29
24.16
8.12
21.18
22.34
15.21
5.29
8.98
4.24
9
12.23
20.17
15.97
18.22
15.44
12.7
17.77
28.11
27.27
26.83
6.69
9.13
6.79
7
23.61
25.18
24.07
27.57
27.34
25.19
18.79
27.07
28.71
29.06
27.79
27.07
28.03
27.73
28.41
23.35
22.18
20.16
22.67
21.32
26.63
25.16
10.12
9.31
26.74
27.93
29.25
21.49
30.09
30.07
29.39
27.47
22.07
25.02
22.79
25.5
26.3
15.67
12.12
12.72
26.61
19.95
14.98
12.84
21.67
26.05
24.69
26.7
18.19
23.34
26.11
20.65
22.54
27.11
27.17
24.07
16.52
20.21
10.3
15.14
20.43
19.27
25.18
6.46
17.25
23.48
24.46
22.85
22.07
12.99
24.18
24.69
22.69
23.56
13.31
18.74
24.16
13.52
23.05
22.56
23.71
22.51
15.45
15.17
16.82
16.17
16.97
13.07
19.87
19.48
13.28
19.5
20.26
19.4
17.62
18.41
22.07
21.23
5.5
7.72
13.07
11.37
19.86
19
17.26
17.17
16.77
19.4
18.33
12.95
16.08
15.36
17.61
18.44
13.97
10.97
13.63
7.16
11.89
14.74
4.46
12.63
14.14
14.79
6.96
9.3
13.15
6.23
12.3
5.72
13.44
12.27
4.11
11.43
10.93
7.6
10.26
12.46
3.66
11.03
7.72
9.79
11.07
10.38
8.92
9.66
10.8
10.25
10.26
9.4
3.66
1.32
1.52
2.64
10
5.53
7.23
4.11
3.1
7.51
5.81
2.24
3.03
2.34
4.68
1.31
1.88
7.06
3.57
2.8
5.15
7.13
5.25
0.9
4.74
3.4
5.13
4.94
1.72
2
2.68
2.52
3.74
5.85
5.34
1.07
3.52
6.49
0.92
1.42
2.47
3.03
1.54
4.97
7.33
0.87
2.62
5.22
4.71
4.48
4.16
4.7
3.61
5.17
0.85
1.08
2.31
5.16
4.91
3.79
1.68
4.98
2.54
6.17
5.01
6.05
6.58
3.84
3.05
6.65
7.19
5.31
5.98
5.03
4.27
5.81
7.27
4.47
1.45
3.66
2.16
1.05
1.06
2.46
2.61
7.63
1.97
6.31
1.51
2
2.11
2.2
4.48
5.58
7.56
5.89
8.95
6.02
4.43
1.47
5.58
8.07
7.67
9.39
9.75
6.9
8.59
8.5
9.97
6.01
10.56
11.33
9.86
5.86
6.21
12.25
11.8
11.08
5.91
4.81
12.33
1.29
12.75
10.8
9.42
5.46
10.28
5.41
12.93
15.21
3.57
10.77
15.64
10.7
14.46
12.26
15.29
2.09
12.04
18.27
18.16
15.36
17.25
17.96
18.02
10.22
17.31
11.24
9.8
5.14
7.34
18.02
18.94
17.36
11.46
19.99
20.2
21.57
18.29
21.16
20.99
21.32
22.88
22.27
22.46
21.39
20.7
21.61
15.11
16.19
23.85
23.46
22.23
17.28
13.12
22.23
23.8
24.87
25.11
23.67
19.45
21.53
19.37
23.16
7.28
22.01
14.72
21.39
18.02
25.55
8.27
26.91
27.44
26.28
22.48
17.81
18.43
11.88
16.09
21.91
10.34
15.43
18.47
25.76
7.48
16.4
28.45
25.78
14.11
22.28
14.07
18.05
25.27
21.94
20.87
14.55
7.54
23.11
22.79
18.94
24.06
8.66
24.09
27.65
14.47
14.27
14.57
25.92
29.48
29.26
21.74
7.27
9.15
10.63
15.54
23.87
8.87
6.63
20.69
29.23
29.5
17.8
25.13
28.03
27.02
14.85
23.51
27.15
26.47
9.89
26.29
28.53
18.33
27.69
29.01
26.64
28.75
19.38
27.6
25.78
22.64
25.24
13.75
16.3
13.65
16.72
22.94
23.97
20.77
22.5
10.9
5.95
20.33
27.14
26.04
21.87
25.58
24.94
25.9
23.34
10.57
12.41
8.76
18.84
24.49
24.24
23.32
24.11
17.95
24.25
21.24
17.4
12.33
12.28
19.12
11.67
20.23
23.78
23.34
22.76
14.6
13.42
21.22
21.06
21.81
20.85
18.73
14.45
8.55
13.42
19.52
15.56
19.27
21.32
17.95
18.18
21.03
20.72
19.4
18.17
18.42
18.49
18.76
18.35
14.73
15.97
17.19
15.61
15.91
16.41
15.99
13.92
15.77
6.48
8.35
14.8
7.91
8.31
11.21
8.6
9.69
10.57
14.45
9.73
13.8
3.61
13.1
12.57
7.92
2.53
2.88
1.39
11.17
1.84
4.36
6.04
7.99
6.7
9.38
8.77
9.31
5.07
2.29
6.61
9.15
4.02
7.61
3.3
2.75
8.3
4.03
5.23
5.88
3.14
5.64
9.53
9.08
7.32
1.93
1.6
1.43
2
1.67
2.11
1.6
2.57
6.7
7.73
1.52
3.94
7.94
7.82
4.46
6.45
1.45
0.99
1.14
1.32
6.92
4.54
1.97
2.62
0.82
2.18
2.94
2.7
3.35
1.01
1.11
1.37
1.26
0.88
1.56
3.28
1.2
1
1.01
1.18
0.92
1.07
1.25
2.32
4.96
1.74
2.14
5.06
2.38
2.16
4.59
1.98
3.64
