20010101
4.05
3.97
1.47
3.61
3.13
3.32
3.28
1.33
5.11
5.79
4
5.42
4.68
7.01
7.09
1.3
2.63
3.66
3.67
1.66
1.39
1.82
1.1
1.42
2.49
0.93
5.06
2.91
2.08
1.56
3.88
5.47
7.34
6.8
5.19
6.86
8.59
6.35
9.21
7.08
7.08
11.08
10.77
6.44
7.43
11.08
11.56
9.67
10.54
7.63
6.15
8.49
10.73
6.43
6.92
11.71
6.89
13.24
8.05
8.98
11.68
5.38
8.43
4.58
11.97
14.14
9.87
12.61
12.04
14.7
16.15
2.5
12.14
12.94
15.53
13.09
15.82
8.37
12.18
3.42
2.67
13.62
13.94
15.55
13.18
4.92
10.1
10.16
8.29
10.74
18.45
20.52
18.92
19.38
6.72
19.72
14.45
2.39
8.2
14.5
4.59
13.15
20.53
18.54
21.64
14.09
10.49
20.85
13.98
6.53
8.2
10.15
19.65
23.13
24.03
5.26
24.97
23.55
23.92
22.72
24.99
25.41
25.25
22.74
20.95
16.89
13.05
17.58
20.21
25.85
20.18
24.4
24.65
27.02
21.81
25.68
27.58
21.43
20.84
26.65
17.1
20.13
25.81
29.94
23.34
29.21
24.26
20.94
22.13
26.62
14.09
20.6
25.34
14.62
11.95
21.41
24
19.94
26.98
18.99
21.66
4.96
26.92
25.88
12.79
25.98
23.23
11.96
14.49
10.13
7.68
27.01
16.05
21.58
27.67
27.49
28.21
26.94
20.51
12.13
26.72
8.23
24.29
24.68
17.01
21.34
22.56
25.74
25.38
15.07
21.44
27.97
15.26
24.39
26.83
25.07
20.36
4.87
24.53
24.94
15.99
3.52
9.34
7.35
11.86
15.44
21.01
21.17
25.73
25.48
21.96
26.15
24.69
23.19
24.22
24.11
24.75
23.96
25.17
24.96
24.4
21.9
6.54
26.28
25.19
22.26
21.57
23.57
22.28
22.49
21.59
22.48
18.77
12.54
18.06
16.05
19.25
22.22
20.66
13.03
22.19
21.45
6.48
14.77
9.71
19.8
17.09
3.34
3.54
13.09
8.67
5.66
13.26
8.58
12.92
17.56
8.65
3.55
7
4.21
12.51
11.11
18.39
14.97
13.39
3.83
14.14
4.84
6.01
16.25
16.73
14.66
7.87
10.26
15.11
14.56
12.72
10.67
14.06
11.57
14.17
10.78
10.71
12.19
13.33
13.34
12.3
11.71
10.98
8.15
4.13
2.71
3.14
9.51
8.61
9.71
3.21
3.49
7.24
9.85
6.78
4.57
5.63
10.17
5.62
9.2
9.7
9.74
8.77
3.68
4.82
3.72
2.29
6.15
2.31
1.8
1.19
5.41
8.45
8.79
8.03
5.04
2.3
5.88
7.4
6.94
4.35
4.07
6.04
3.98
1.46
2.06
5.12
1.47
5.8
2.67
2.24
0.89
2.38
1.47
2.05
5.49
5.87
6.29
1.58
1.31
3.86
5.21
6.27
4.25
2.68
2.15
6.29
5.75
5.64
4.16
2.47
7.15
4.08
2.24
3.53
3.71
3.24
1.5
2.3
3.91
2.84
5.49
5.96
5.59
6.21
4.54
3.44
5.6
1.21
0.6
2.51
1.04
1.27
1.17
1.34
1.78
1.81
5.68
6.36
0.86
7.12
7.15
2.31
5.43
2.19
2.38
5.57
7.17
8.01
6.39
6.15
8.58
8.67
7.12
8.76
5.85
2.53
4.61
4.83
3.43
9.45
6.42
8.75
2.28
6.64
6.49
5.29
3.46
7.77
3.63
3.91
13.31
8.06
7.98
6.71
11.54
7.69
2.04
10.55
9.59
9.25
15.47
14.71
8.38
14.47
15.23
14.8
8.51
17.4
14.36
8.65
10.88
11.68
8.57
15.45
11.88
8.22
8.27
8.28
8.49
8.84
8.49
8.34
8.4
12.25
17.07
18.63
19.03
16.1
7.24
17.36
16.46
7.24
18.15
13.54
17.85
17.83
6.9
6.31
6.41
6.35
7.34
6.81
6.65
17.57
7.22
6.6
12.13
11.49
18.95
18.12
14.48
7.69
18.46
14.99
6.45
23.53
20.41
20.58
24.28
22.59
18.23
22.05
7.62
15.17
17.91
22.02
15.67
11.64
19.61
16.87
14.97
21.39
23.56
22.52
21.83
22.78
16.76
7.67
11.9
18.95
13.28
7.98
7.75
4.87
8
7.77
8.12
8.49
8.32
1.19
1.93
1.16
1.25
0.47
0.41
0.23
0.89
0.44
0.19
1.41
1.71
1.35
1.15
1.26
1.03
25.7
28.66
28.66
28.89
27.79
26.95
27.9
26.22
12.74
27.89
29.42
9.65
23.74
28.06
29.43
25.78
26.01
9.88
29.49
29.43
16.68
29.73
27.77
27.1
28.49
24.26
22.37
26.22
22.13
20.52
24.17
10.71
20.58
22.35
27.92
15.14
26.36
19.77
24.42
27.14
28.18
23.57
18.76
23.81
17.33
17.75
19.59
23.67
15.47
18.35
8.92
6.9
10.78
20.91
21.02
5.81
7.82
11.27
10.34
14.2
21.08
22.38
21.1
21.49
21.54
14.67
12.17
17.19
21.48
22.11
20.06
11.9
14.88
12.23
17.89
19.82
16.85
14.91
19.71
15.7
16.68
12.82
16.28
18.33
17.53
10.49
12.52
17.65
12.27
18.72
8.73
13.05
13.73
17.99
14.21
10.34
10.74
3.43
3.68
2.6
3.3
11.09
8.92
6.28
14.77
16.41
16.17
13.17
12.22
7.22
13.68
7.82
12.29
14.01
4.47
5.09
2.04
2.2
6.62
10.79
9.35
8.78
10.22
5.07
9.31
12.02
8.04
6.5
11.69
7.68
10.16
10.83
7.66
11.37
10.98
3.27
2.78
5.45
3.15
3.67
2.14
4.75
3.76
2.45
2.8
4.73
7.92
3.42
8.74
5.08
3.5
7.53
3.18
4.2
4.01
6.25
6.94
6.87
1.96
5.76
5.54
4.67
3.87
3.98
1.52
1.99
4.06
3.05
0.61
1.05
0.56
0.62
0.78
0.57
2.13
3.12
5.44
2.6
1.21
0.97
1.11
0.47
1.89
1.42
2.47
3.96
5.55
3.13
2.74
1.49
0.99
1.87
1.85
1.86
1.54
3.66
1.97
0.83
2.55
2.94
4.26
3.2
1.27
2.85
1.11
5.65
1.82
2.78
5.77
6.9
5.62
3.23
7.03
6.45
5.92
2.76
2.93
2.66
2.14
1.58
4.57
4
3.33
3.27
5.14
4.14
7.16
7.47
2.17
8.69
9.37
7.59
1.12
5.49
6.75
9.81
5.39
7.78
3.66
3.48
11.03
9.92
11.33
9.23
5.83
11.33
12.1
5.84
5.62
7.81
9.32
7.69
11.93
13.64
12.29
14.35
12.91
13.82
11.04
5.02
11.38
7.19
4.23
5.52
13.34
11.42
11.72
12.11
6.65
14.65
4.53
11.08
6.85
17.34
13.82
11.04
16.04
19.97
19.66
19.29
19.56
18.53
16.32
17.97
18.43
16.44
15.72
9.11
21.12
13.2
4.96
13.24
13.27
17.64
12.96
16.41
16.43
11.04
6.02
7.92
21.71
12.38
9.22
22.18
18.9
16.13
19.36
21.83
23.03
22.28
13.2
19.03
22.65
22.97
8.89
22.91
22.19
16.32
17.53
21.04
10.13
26.08
27.15
26.36
26.78
22.97
22.55
21.24
20.25
25.4
23.56
8.97
22.09
26.97
27.08
25.19
24.84
6.78
7.61
14.39
27.82
26.11
24.61
19.65
21.04
23.14
25.82
27.27
26.59
17.72
19.01
19.71
26.11
26.79
27.19
25.63
25.61
26.43
26.53
25.26
27.59
22.18
22.82
19.14
20.61
23.7
5.55
22.83
17.59
26.4
26.9
26.92
20.04
26.56
26.13
23.71
21.78
11.23
27.16
28.02
20.64
19.28
15.77
20.74
18.13
27.33
28.38
20.79
21.88
28.71
21.2
14.89
27.97
27.81
26.71
24.83
27.29
27.1
27.58
26.92
25.33
11.82
26.48
16.86
26.19
27.08
24.51
19.82
9.31
9.55
21.56
24.61
25.73
22.13
24.05
21.46
25.14
25.12
24.05
25.16
26.13
25.59
20.42
18.44
18.32
21.02
23.1
21.99
18.35
20.89
20.62
22.45
21.95
22.02
12.02
23.33
22.05
20.74
14.09
12.3
3.6
19.53
12.43
18.89
18
21.43
16.87
18.07
14.66
8.45
2.85
14.17
11.14
4.09
18.27
19.44
18.94
18.12
17.94
17.98
17.8
17.89
17.61
17.16
5.44
15.94
17.52
16.25
14.39
2.06
16.29
13.88
14.78
11.79
10.26
10.44
11.11
5.96
8.22
12.73
10.9
12.55
8.05
10.28
12.53
13.27
8.64
12.11
10.91
5.88
5.83
7.08
3.85
4.7
6.39
12.39
11.62
8.71
11.04
3.27
4.97
8.66
6.68
3.52
9.31
9
9.81
5.08
4.36
5.98
2.28
2.3
8.4
5.52
7.89
3.7
5.17
2.88
1.22
3.54
7.38
7.43
5.79
5.85
6.35
5.53
5.72
1.99
4.1
2.37
2.82
2
1.48
1.77
1.25
0.92
1.21
1.96
5.49
6.2
5.75
5.06
3.42
3.23
4.85
2.76
3.6
3
2.69
5.35
5.37
5.12
2.67
1.5
5.44
5.6
5.91
5.02
4.86
2.91
1.22
2.12
1.01
2.04
1.05
2.01
4.52
3.78
5.82
2.38
3.09
0.9
1.77
4.34
3.55
2.53
4.47
2.34
6.13
0.86
2.45
3.9
2.48
6.33
5.37
7.27
7.55
6.63
5.71
2.07
4.88
7.59
7.96
8.59
8.41
5.83
3.83
4.9
8.43
3.66
7.69
8.84
10.08
7
4
9.35
5.05
4.35
4.57
4.57
11.96
8.97
8.68
8.93
8.34
2.49
1.71
4.12
12.7
2.99
6.16
9.09
11.07
9.27
12.76
8.41
15.78
9.23
15.71
6.52
5.59
7.73
15.69
14.53
8.75
12.09
10.45
15.85
16.12
17.19
17.62
16.4
12.22
11.58
5.4
2.32
3.1
5.74
11.51
7.22
7.81
17.57
13.69
16.42
12.3
15.66
16.59
17.34
4.51
4.63
5.71
20.61
10.16
4.11
14.41
8.21
4.03
4.7
14.57
17.45
5.84
13.08
14.55
4.27
20.99
23.25
23.17
5.5
13.93
15.55
19.55
22.66
23.97
15.27
17.5
22.14
23.29
13.74
15.63
13.06
13.44
9.66
22.12
15.16
17.96
24.29
9.4
27.46
24.79
19.23
14.44
26.36
18.34
27.34
24.55
8.67
14.01
23.31
21.7
27.96
24.73
11.24
9.59
27.79
28.94
15.75
6.85
12.88
7.78
4.56
15.48
27.55
26.78
26.18
21.99
19.29
13.17
6.5
22.25
26.14
15.59
27.31
21.33
20.48
12.65
19.24
24.17
26.3
24.21
4.99
27.74
22.87
19.63
13.91
23.66
25.99
3.81
28.77
25.11
28.1
21.92
15.75
23.86
18.28
26.72
13.11
21.59
22.01
10.48
10.44
23.91
25.63
27.69
22.35
25.63
26.91
23.61
22.56
21.4
20.21
12.66
9.24
10.11
9.16
10.51
26.87
19.92
21.42
21.28
23.6
23.39
19.02
10.78
19.71
19.36
23.61
23.15
22.74
7.29
21.77
22.84
25.13
24.66
24.02
24
21.56
16.59
20.62
22.94
19.85
14.07
4.01
19.74
22.99
22.63
19.77
6.57
10.62
8.59
16.8
18.08
16.57
20.42
17.31
17.92
21.54
20.9
20.16
16.57
19.01
19.17
9.72
9.58
18.58
19.31
15
15.42
12.35
12.64
12.5
2.53
8.44
10.34
8.2
8.14
14.19
9.8
8.19
10
10.32
14.74
14.08
14.26
10.01
12.43
6.05
2.03
7.51
8.42
2.02
2.11
2.94
3.06
5.33
11.98
7.95
10.57
7.56
2.37
3.41
8.27
9.25
8.6
8.46
9.33
8.34
5.2
4.63
5.86
2.65
1.79
4.05
4.64
7.07
6.84
4.07
2.46
4.9
2.59
2.23
1.4
3.19
2.41
3.66
6.19
6.62
2.9
6.71
7.01
2.87
5.86
7.66
7.37
7.02
3.56
5.89
3.44
1.1
1.02
4.81
2.35
3.01
2.11
3.95
2.52
0.7
1
0.82
2.39
0.69
0.43
0.46
0.51
0.46
0.59
1.56
5.33
5.7
5.85
3.65
2.33
4.75
3.32
0.68
0.62
1.02
4.26
2.3
5.67
1.81
3.6
4.91
2.41
5.48
3.47
4.89
6.28
4.08
5.98
3.7
6.03
1.9
3.63
5.36
6.94
6.99
1.84
4.38
3.22
4.02
6.36
5.65
3.45
4.13
2.35
4.47
6.09
5.99
6.6
3.96
7.69
4.42
2.74
6.32
9.31
9.21
8.42
10.31
10.66
10.27
6.36
3.94
6.84
9.61
5.57
2.79
6.45
7.51
3.86
10.82
3.44
7.47
7.08
10.93
4.47
9.65
6.97
13.83
15.39
15.39
14.46
4.74
10.18
12.76
16.16
7.27
6.03
16.56
15.47
14.49
14.41
17.57
15.76
16.97
17.55
11.9
4.31
18.57
17.4
16.85
15.45
16.62
9.47
13.11
12.46
12.29
14.32
5.84
16.45
20.09
20.49
20.8
21.13
21.04
20.2
17.2
18.39
4.29
5.92
3.15
5.4
9
13.7
21.01
21.92
11.45
6.57
5.66
6.36
24.04
24.66
24.12
20.74
15.88
11.17
23.31
18.04
25.6
20.57
24.1
24.83
21.45
12.93
11.3
24.82
21.06
15.91
11.6
14.19
20.27
27.1
26.84
21.99
13.89
17.32
14.14
6.08
6.68
29.4
28.8
25.24
19.8
23.29
29.2
28.53
28.6
27.8
27.97
28.57
18.39
25.88
24.26
27.57
24.72
10.97
18.04
11.89
13.03
7.58
6.74
19.85
15.91
28.46
25.23
18.68
19.34
25.33
14.99
27.37
25.82
29.35
22.28
27.91
28.49
26.63
15.26
19.81
21.17
19.44
16.47
8.88
9.64
27.71
27.97
8.76
28.54
21.26
8.43
7.61
17.32
12.48
5.58
17.39
26.72
28.33
22.59
24.54
23.84
15.29
26.5
11.86
21.04
10.99
20.72
25.08
20.6
25.25
25.37
25.67
24.04
24.88
26.86
24.67
7.3
4.5
16.15
20.46
7.64
21.02
25.16
25.27
18.54
10.85
22.88
21.49
5.8
7.73
7.13
19.44
18.54
15.79
6.68
10.5
17.56
11.75
22.86
10.26
9.78
11.12
18.24
20.45
16.95
17.59
18.07
19.71
14.78
20.46
19.51
19.83
20.34
15.63
10.69
12.25
19.06
17.64
16.2
13.34
18.58
4.31
3.61
3.85
5
6.41
6.04
11.8
14.71
14.48
13.16
12
12.73
4.13
13.26
15.65
11.45
3.99
4.99
9.66
11.26
12.44
8.12
9.22
12.71
6.83
11.59
9.62
9.33
10.89
13.45
10.48
13.04
12.45
6.92
5.89
9.52
11.37
8.43
8.89
9.76
10.43
9.58
10.17
9.92
7.09
6.33
3.19
3.47
6.33
4.18
3.89
3.76
5.4
7.63
2.38
3.86
1.83
1.3
1.65
5.41
3.96
5.33
4.92
6.71
5.16
2.95
2.58
5.99
2.05
5.16
2.17
1.53
2.04
3.46
1.77
2.08
2.18
3.12
5.46
1.58
0.66
3.82
5.42
4.98
3.34
5.75
4.34
2.2
1.6
3.9
1.41
5.09
5.37
4.75
3.79
3.54
1.7
4.49
2.46
4.29
1.7
1.59
1.57
1.85
2.87
3.93
1.23
0.92
3.74
1.64
0.99
1.29
3.16
2.31
4.13
3.07
6.08
4.03
1.96
2.51
5.37
2.43
2.34
1.97
5.79
5.15
6.72
4.19
4.81
7.55
7.79
7.18
5.14
5.31
4.05
4.66
7.4
3.71
3.05
2.82
4.87
7.39
10.24
5.62
6.01
9.73
6.97
5.56
7.97
5.18
7.45
6.91
4.99
4.27
9.4
11.04
9.71
9.78
9.1
5.42
2.31
4.3
8.51
11.34
10.96
13.33
6.1
12.19
2.13
3.01
11.6
16.23
15
8.14
2.92
12.56
7.32
7.14
6.14
7.82
8
7.94
6.85
17.6
18.31
15.32
11.55
13.4
18.93
12.06
9.02
16.47
15.03
10.18
17.93
7.61
17.67
18.21
9.59
15.69
8.1
7.14
22.01
22.24
20.16
17.66
7.93
7.42
9.6
13.97
17.25
6.87
16.91
15.23
16.45
20.72
20.84
21.64
21.94
23.59
21.44
17.44
6.53
6.47
3.16
3.06
16.52
17.61
22.37
23.53
22.31
20.58
15.25
18.03
26.55
26.35
25.91
27.37
24.54
13.31
26.01
22.99
17.78
25.99
5.03
17.73
7.54
26.74
23.81
3.84
25.75
21.63
19.92
16.71
5.86
3.7
22.51
21.63
3.28
7.16
18.95
18.41
9.56
16.62
23.25
27.3
12.49
17.84
27.29
26.1
26.3
28.51
23.42
22.66
23.89
26.53
25.22
21.38
25.62
24.39
24.33
26.18
25.95
26.24
26
11.54
15.99
11.41
7.08
6.13
23.25
28.39
28.68
26.4
26.61
24.61
25.13
23.13
23.9
26.09
26.01
29.49
28.28
29.03
27.94
28.35
28.3
25.87
25.55
17.5
21.5
22.53
25.55
20.31
25.55
23.76
19.57
21.63
12.21
8.06
8.7
10.6
16.03
14.94
6.2
13.84
24.36
20.11
15.99
3.59
14.6
18.06
24.38
21.23
24.04
21.76
16.79
19.33
18.72
18.82
16.23
21.17
9.35
15.79
19.51
14.79
21.29
9.07
14.14
22.35
21.19
16.36
17.33
17.44
17.81
17.63
10.04
21.34
21
18.34
19.91
19.21
18.46
10.2
5.72
14.27
6.01
8.25
16.81
16.28
15.93
17.64
16.18
15.88
16.11
10.73
14.35
14.59
13.31
12.81
10.78
13.93
2.88
10.9
15.54
14.67
15.02
14.66
14.07
13.36
13.42
10.88
9.58
11.81
11.88
13.44
13.33
11.45
6.71
9.85
10.97
9.99
3.31
7.66
10.03
8.13
5.05
4.49
11.5
10.94
1.73
9.79
6.75
5
3.89
2.61
9.2
8.5
5.83
7.57
5.28
3.04
4.37
3.79
6.51
8
5.53
4.92
5.02
1.9
2.6
1.37
2.98
6.07
5.9
4.31
1.78
2.06
1.47
1.93
1.87
2.09
2.84
2.7
3.01
5.38
3.86
5.76
2.26
2.19
4.19
3.04
3.65
3.79
1.43
1.14
0.86
1.46
2.02
4.27
1.61
2.36
2.03
0.55
2.62
4.89
5.59
1.83
2.55
3.15
2.91
1.29
1.82
3.4
2.53
3.35
4.04
4.82
3.84
4.39
5.29
5.71
6.49
5.67
5.03
6.53
5.55
4.99
3.94
1.13
2.52
5.03
0.75
0.84
2.98
4.98
7.57
6.24
6.09
6.48
6.29
8.48
8.73
8.46
7.74
7.64
10.01
6.52
2.91
8.36
5.23
6.36
6.36
7.31
4.83
11.39
3.14
2.5
8.93
8.99
8.84
10.4
4.78
8.3
6.75
7.42
5.31
4.4
8.14
5.16
7.33
2.97
3.67
14.48
14.74
13.52
10.05
2.9
5.13
9.43
15.2
16.47
16.28
15.98
17.29
16.81
14.38
16.32
2.04
6.17
7.48
12.56
6.73
3.23
16.34
15.02
16.78
15.19
7.2
14.05
15.34
14
19.64
17.8
8.61
20.96
20.82
19
19.15
20.37
19.56
17.9
21.82
22.07
22.86
23.28
22.49
23.35
12.25
19.85
23.45
23.46
24.12
24.14
10.18
20.09
21.49
22.48
25.7
24.73
20.36
24.88
24.05
15.8
12.12
17.44
18.59
25.39
18.39
9.36
21.48
26.54
13.5
24.47
26.88
9.06
18.25
23.51
25.21
20.78
21.12
25.42
26.01
27.11
26.19
26.18
25.53
21.16
13.76
18.56
7.37
21.93
25.09
20.23
20.78
15.58
19.49
18.53
18.3
16.25
21.23
24.37
23.59
21.75
25.08
27.12
27
26.28
25.2
22.96
22.76
26.08
25.62
23.62
20.64
24.13
26.97
16.24
13.79
18.89
21.52
17.97
28.4
27.98
25.99
5.6
23.63
21.94
27.45
26.32
25.62
9.22
23.19
20.74
23.58
28.73
28.52
29.26
28.24
27.52
26.46
26.13
27.34
26.28
27.74
17.85
23.65
28.1
25.46
23.29
18.85
3.09
20.39
27.78
27.59
9.41
24.89
22.89
25.41
23.42
21.73
18.63
14.54
8.91
10.1
22.47
23.95
24.45
24.83
24.46
23.73
13.63
10.93
19.41
19.92
20.15
21.67
17.44
21.82
19.95
17.57
7.02
4.62
13.1
15.55
17.95
17.28
5.63
11.64
3.86
3.27
10.36
10.1
15.16
13.74
12.68
16.88
19.45
11
17.55
15.78
6.6
17.92
17.17
18.17
18.52
17.12
17.61
15.65
8.42
4.94
13.24
15.33
16.45
16.1
13.6
12.3
6.02
6.49
6.25
12.82
14.55
12.74
7.46
8.63
8.96
7.67
14.25
13.98
13.13
12.38
4.27
11.53
7.1
6.04
2.89
2.65
2.14
3.64
1.9
3.67
1.26
3.36
2.48
5.99
9.95
7.71
5.92
3.33
9.19
3.86
7.58
4.53
1.2
7.04
5.59
5.96
7.42
2.65
2.08
3.61
2.46
1.37
2.95
2.87
5.42
5.56
5.44
4.74
1.74
5.04
5.99
7.24
7.91
4.42
5.75
2.86
0.69
3.06
5.68
4.69
2.85
2.52
3.44
1.92
1.77
0.73
3.39
2.25
3.22
1.98
1.87
2.93
2.74
1.75
1.09
1.05
0.91
1.1
1.6
1.08
0.8
0.7
0.59
0.83
1.48
2.02
1.37
0.73
1.02
1.34
1.5
3.82
5.46
2.22
1.34
3.09
4.78
2.32
2.36
4.77
4.45
2.13
2.61
2.15
5.36
6.91
1.84
6.4
7.11
4.71
8.34
2.06
1.91
5.54
5.39
5.19
6.3
1.72
5.47
7.11
4.38
5.8
10.37
7.79
9.16
8.15
10.08
9.27
11.47
8.38
6.78
10.29
12.52
6.32
12.07
12.02
11.16
9.76
10.66
12.64
12.81
13.02
9.33
7.47
9.97
4.14
11.78
8.44
3.63
7.44
8.37
4.08
4.5
11.71
15.28
5.83
8.4
14.43
7.66
12.69
12.91
14.92
7.7
16.76
12.87
10.12
8.51
6.31
10.61
12.57
14.92
11.71
14.98
11.13
21.14
20.96
20.09
8.68
14.75
12.38
18.21
19.12
9.19
8.35
18.95
18.06
15.41
5.68
14.93
21.73
11.84
13.14
13.8
14.9
17.96
23.71
18.75
19.46
14.02
23.88
14.1
22.82
24.65
25.67
16.43
17.9
15.24
21.75
25.85
25.66
22.33
17.58
24.41
27.72
23.96
23.38
27.76
25.48
25.74
23.75
24.39
22.2
20.24
10.54
20.83
5.88
12.79
19.02
18.4
22.38
24.85
22.27
28.12
26.05
25.86
24.17
28.85
27.5
25.69
20.92
14.58
5.96
20.93
8.08
15.85
22.92
27.24
22.74
15
19.08
18.14
22.86
20.79
14.72
15.37
27.59
21.45
25.82
27.86
27.15
27.01
27.17
26.67
18.49
23.42
26.75
16.57
26.79
29.19
27.1
20.87
24.94
28.89
25.51
8.78
21.24
20.92
29.21
28.25
21.33
10.14
18.24
21.18
24.17
10.16
28.63
24.55
10.61
15.7
3.45
10.48
14.39
19.8
26.23
25.79
26.54
15.56
24.82
23.2
22.61
25
23.37
14.03
24.69
23.69
17.43
16.52
24.54
25.87
24.98
23.59
23.47
19.54
13.53
22.27
24.59
24.86
22.45
22.26
22.31
14.94
13.21
20.24
20.67
21.05
20.12
18.27
16.73
22.78
18.25
21.23
20.73
19.32
17.7
19.8
18.14
19.14
20.39
19.21
19.18
15.82
10.54
4.69
3.46
3.11
14.21
16.45
13.94
4.48
4.21
7.88
9.6
11.71
6.97
10.54
6.76
9.26
16.5
14.89
10.77
9.75
5.19
3.92
15.8
11.74
9.87
11.54
11.83
12.45
12.01
11.52
11.69
10.7
11.01
10.93
3.75
12.34
12.11
11.87
9.66
9.61
6.27
7.7
4.52
4.92
9.08
8.98
9.25
6.76
9.89
4.89
4.08
9.66
6.94
5.95
6.02
2.11
1.49
5
5.47
2.74
1.97
1.89
2.17
3.3
5.04
7.36
8.56
6.12
6.17
1.68
5.23
6.74
1.92
2.23
6.87
6.67
6.52
1.82
1.77
3.14
3.24
1.67
1.03
2.03
1.83
2.58
2.05
6.15
2.6
1.59
0.56
0.97
1.38
1.29
0.82
0.68
0.75
0.79
3.32
5.99
4.26
4.43
2.56
1.96
2.39
1.96
3.77
3.9
1.42
1.52
0.85
1.27
5.83
4.99
3.95
1.71
1.35
5.91
6.32
2.5
1.68
0.7
0.91
0.89
2.16
5.71
3.61
3.37
5.5
6.04
1
3.31
2.21
3.6
3.84
4.55
0.55
1.49
3.65
2.81
3.35
1.96
2.44
1.37
2.66
6.43
9.01
5.29
1.66
8.01
5.25
6.07
6.33
8.87
8.36
7.85
7.89
3.81
9.44
10.88
9.17
4.05
4.52
7.7
6.81
8.27
8.71
7.13
9.32
12.36
5.07
5.09
4.05
2.04
9.12
3.09
15.58
4.77
13.94
7.23
10.55
9.25
14.7
7.83
9.86
11.08
17.28
5.13
11.33
14.99
18.49
13
6.31
15.82
12.91
13.23
15.7
3.39
10.36
8.49
7.22
18.06
15.78
19.5
19.36
18.63
19.68
21.79
20.88
21.88
21.7
21.87
21.56
21.68
22.42
20.28
13.22
19.31
13.51
15.1
16.8
24.94
7.58
23.49
23.48
20.86
16.4
15.56
14.29
18.54
22.78
14.57
20.56
18.31
24.8
15.38
19.51
25.43
25.06
25.15
25.52
18.82
6.7
9.53
15.62
22.27
27.31
24.25
26.16
26
27.36
21.62
22.36
19.02
25.44
25.42
7.7
22.85
18.66
9.21
22.91
16.51
23.44
21.29
14.78
11.57
21.96
11.61
28.6
26.72
21.83
19.33
26.25
26.28
28.94
21.31
18.26
23.92
28.62
29.13
4.33
24.08
3.24
6.26
10.28
24.06
15.45
17.1
12.71
18.99
25.44
22.54
21.22
25.77
23.98
20.64
24.26
21.28
10.51
21.13
5.02
25.21
26.79
24.5
28.19
26.78
28.52
28.28
9.85
25.47
25.89
27.99
27.42
26.91
27.75
15.01
24.16
28.07
20.94
27.44
25.52
21.85
26.02
26.15
22.4
9.23
14.53
19.3
19.1
18.29
15.19
23.25
16.78
20.11
16.85
17.17
23.88
24.58
23.79
23.06
20.25
21.84
23.99
15.37
22.32
19.06
22.04
22.71
20.66
21.45
6.66
20.42
22.67
22.07
18.95
19.18
5.95
14.46
21.18
19.9
19.51
17.3
15.54
9.81
17.05
14.63
8.85
12.93
15.9
10.03
8.7
14.11
16.03
16.78
17.07
16.7
15.81
14.71
15.77
15.41
14.62
13.2
13.91
11.81
4.42
14.05
15.11
14.34
13.91
13.45
13.49
7.94
8.2
9.22
1.97
10.02
8.39
8.25
9.5
7.55
7.88
7.36
6.35
11.14
7.82
7.07
2.42
9.45
4.05
9.14
9.15
5.27
9.06
9.79
5.64
6.52
2.36
4.35
4.83
1.11
2.73
1.38
4.87
2.16
2.75
7.29
7.65
6.52
5.7
5.79
7.4
2.93
7.14
6.91
1.91
3.56
2.07
5.81
6.51
3.62
4.47
2.33
3.28
3.9
1.86
3.75
2.06
1
3.61
2.59
3.66
0.53
1.7
4.66
1.42
1.53
1.24
1.19
2.14
1.46
3.17
3.92
0.66
4.06
3.99
3.62
3.12
2.56
2.57
5.05
1.74
4.29
3.5
2.77
2.87
1.69
2.18
4.66
5.2
0.64
1.65
1.32
0.86
1.15
1.62
2.8
2.72
1.1
1.13
2.45
5.97
1.45
4.08
2.81
5.02
2.04
2.54
3.24
3.37
6.03
4.47
7.94
3.83
5.37
1.93
4.01
9.33
9.2
4.37
8.27
3.45
2.3
4.59
5.26
4.35
3.79
3.4
5.75
9.88
9.36
6.3
7.6
10.02
8.47
5.63
4.55
12.56
9.68
7.69
10.35
12.47
3.43
14.07
8.07
11.32
6.73
11.79
3.4
14.83
12.86
9.96
11.74
9.17
4.6
5.56
12.75
11.75
10.18
10.24
7.3
14.19
15.73
14.5
15.44
14.78
5.15
13.37
11.61
13.44
16.24
13.34
16.04
17.97
15.35
6.76
20.1
13.27
21.07
8.18
4.17
21.95
22.32
19.03
19.99
13.29
10.99
4.86
6.27
12.3
12.53
14.8
24.14
15.27
17.94
19.68
21.13
11.87
14.83
22.52
19.1
23.31
19.87
25.03
26.23
25.52
20.27
13.33
12.28
15.56
6.66
25.28
23.38
14.62
18.31
19.5
19.62
11.4
7.78
18.94
5.89
3.09
7.75
14.18
17.5
10.35
17.49
25.24
28.07
25.89
26.57
25.29
26.78
22.89
23.86
16.35
7.08
4.69
5.35
12.09
7.63
28.85
28.5
23.18
27.71
29.17
25.36
27.47
28.3
27.12
18.91
25.69
9.39
11.32
20.13
13.94
9.21
5.43
12.75
26.03
24.51
13.13
7.91
25.68
27.37
28.5
28.48
27.75
26.74
25.04
28.43
20.06
17.52
24.78
29.94
29.83
29.22
27.02
28.53
21.54
28.19
25.76
26.4
26.48
19.3
24.58
21.37
27.03
27.7
25.56
9.63
6.52
8.9
20.76
19.16
18.48
5.24
17.28
26.67
27.33
15.96
22.82
18.43
10.21
13.32
25.25
14.1
23.12
24.88
25.09
20.72
20.09
18.15
14.16
22.18
18.86
18.06
18.89
22.71
23.64
23.71
13.62
6.38
22.77
19.45
4.51
18.75
6.93
7.37
18.69
16.13
8.16
9.87
21.31
9.52
3.78
4.4
13.13
6.86
6.44
11.07
15.68
19.18
16.15
6.18
3.51
6.65
10.39
18.69
18.49
18
17.27
16.16
5.91
3.05
8.38
10.94
10.24
7.88
8.35
5.57
4.5
7.12
6.57
2.31
12.26
11.03
14.05
13.19
13.37
10.84
8.27
10.6
10.86
6.41
3.66
2.67
2.44
2.65
11.47
12.5
10.13
7.15
1.96
4.11
11.66
10.81
11.32
11
8.99
5.7
5.41
2.76
8.13
9.69
8.27
7.42
2.33
5.08
3.08
7.9
5.03
7.37
8.34
7.13
5.07
3.76
3.09
2.11
3.21
2.21
1.85
3.12
7.03
6.15
3.25
5.77
1.49
4.42
3.63
1.29
1.44
1.43
4.49
3.39
3.94
3.53
2.47
0.48
3.43
2.46
1.96
5.37
4.89
3.92
3.86
3.57
1.85
2.92
5.76
4.59
1.98
4.31
3.73
1.55
2.41
5.08
4.31
4.39
1.64
0.87
1.29
0.68
4.45
2.04
1
4.99
4.93
1.85
5.5
2.79
1.11
3.05
2.39
3.31
4.16
5.58
4.98
2.3
0.74
3.33
3.28
4.66
7.25
6.37
3.04
5.26
1.08
5.02
4.24
2.32
1.87
4
5.58
6.23
9.21
9.67
8.97
10.56
10.15
10
9.74
7.94
3.17
3.9
1.38
2.11
2.7
2.17
2.28
6.89
4.64
5.7
6.27
11.97
13.16
12.13
7.53
4.02
8.03
3.54
7.84
3.88
11.35
8.12
13.94
11.95
16.63
15.53
10.98
14.9
16.1
13.05
12.69
15.78
3.5
6.32
4.4
4.06
14.25
15.4
18.61
18.04
19.17
19.17
15.72
3.73
6.49
18.39
20.71
18.63
8.41
19.94
17.76
15.6
16.26
9.83
18.72
17.72
22.93
22.39
16.83
12.08
18.53
12.41
13.58
11.55
17.51
19.92
21.66
23.91
24.33
24
23.34
20.28
20.49
7.34
12.38
13.25
13.15
14.32
11.68
23.55
16.75
25.51
27.6
27.48
27.64
7.93
25.04
26.24
26.39
26.7
24.07
22.74
4.78
21.37
20.62
25.78
25.65
27.21
23.69
24.37
26.12
24.28
26.94
29
28.15
10.54
28.37
29.45
28.17
13.85
22.02
18.65
17.62
24.14
24.63
21.7
18.04
9.33
27.08
29.4
25.56
27.11
17.18
26.3
27.82
21.73
21.97
7.73
26.29
27.84
28.72
26.79
8.46
25.13
14.04
26.86
28.68
25.84
23.64
26.48
18.57
14.95
16.01
18.34
24.98
27.55
27.14
28.73
28.49
25.77
28.25
24.94
24.12
21.12
27.22
27.9
21.81
21.58
14.68
15.56
21.87
9.13
4.25
4.64
5.15
24.39
2.01
17.26
14.99
17.2
17.08
24.41
22.6
5.37
22.81
20.73
23.43
16.13
19.05
21.3
26.35
23.55
20.55
24.36
23.39
23.82
23.64
24.46
20.03
22.24
22.47
22.38
22.71
23.03
22.4
22.54
21.57
18.46
20.5
20.86
20.97
19.32
19.03
21.74
20.08
18.18
20.8
17.62
10.12
10.84
20.27
19.92
15.93
19.71
17.57
14.25
17.76
17.28
17.34
11.48
7.28
15.61
12.91
16.18
14.83
17.04
16.4
15.26
15.69
16.63
16.02
16.18
16.11
15.67
14.58
14.67
13.57
1.24
10.14
10.26
6.19
11.26
8.67
7.08
11.92
13.74
13.71
13.63
13.33
12.56
3.01
8.88
8.55
2.06
2.37
2.21
4.11
2.55
3.49
4.19
8.25
8.13
2.54
2.98
2.78
8.62
8.33
5.43
5.93
6.39
2.27
1.99
8.57
8.01
8
8.11
5.58
2.73
1.71
1.66
0.97
0.74
1.23
1.26
1.28
1
0.8
1.81
2.13
5.68
2.64
1.1
1.09
1.01
1.36
3.79
0.62
3.95
3.02
5.95
2.41
3.16
1.82
2.04
3.73
3.37
0.68
3.35
1.81
6.05
1.24
6.37
3.02
4.28
1.97
4.31
5.72
1.26
2.93
1.19
0.99
1.76
5.68
2.62
5.27
2.27
3.86
1.56
4.27
4.88
3.8
3.54
3.6
4.68
6.57
6.17
6.26
5.25
5.72
2.81
6.33
2.93
0.82
6.62
7.38
5.31
3.02
7.86
7.38
8.61
7.1
3.92
8.91
7.99
6.76
7.17
4.06
2.84
8.27
3.89
3.74
9.81
9.47
5.82
4.56
4.94
9.36
10.35
5.37
10.67
5.88
6.45
10.6
7.15
13.03
12.1
9.31
12.14
10.6
9.76
13.44
4.56
10.84
5.42
13.39
15.56
12.87
14.94
15.31
16.21
13.16
13.18
16.26
3.83
3.5
7.7
12.36
17.75
17.89
18.24
16.58
10.84
16.36
18.13
18.38
17.23
17.67
19.05
20.71
20.05
19.22
7.48
7.07
20.21
19.72
21.68
19.22
19.47
17.69
7.09
6.54
17.22
23.55
21.1
16.64
10.36
15.56
5.34
12.31
7.73
15.82
12.36
19.13
19.89
15.45
8.76
15.86
13.35
22.63
25.71
26.27
26.02
25.68
26.02
25.22
24.25
16.55
14.82
24.52
24.35
9
25.26
27.96
26.78
26.95
21.24
16.54
9.11
17.78
10.82
27.02
29.48
28.98
27.86
10.29
3.6
22.11
23.5
22.47
21.82
27.5
18.57
22.1
20.43
20.12
18.58
12.52
25.76
17.14
20.18
24.82
25.87
24.63
13.6
15.23
13.72
6.19
20.11
25.88
28.09
29.52
28.79
29.28
26.55
27.11
25.72
17.61
25.45
27.79
6.08
22.16
25.74
24.9
26.02
27.49
27.32
28.37
26.12
26.28
25.86
26.58
28.01
29.12
27.82
25.68
25.83
21.87
13.34
24.81
10.77
21.36
22.89
22.21
26.71
26.29
9.84
13.25
22.92
16.18
14.14
19.94
23.49
25.5
20.4
26.11
18.97
26.85
26.51
21.26
24.85
25.52
25.29
24.23
19.64
18.49
22.44
10.6
21.63
23.46
23.29
23.41
21.49
21.35
23.08
23.96
24.46
21.58
21.6
17.4
22.17
22.52
12.72
17.23
23.24
20.4
21.65
11.33
6.63
18.86
18.39
13.97
14.16
16.18
21.3
21.02
20.78
20.43
19.82
14.33
3.9
4.56
11.26
17.2
15.67
16.75
9.99
15.84
18.31
16.31
15.81
14.99
17.21
15.79
8.22
11.39
9.48
10.51
12.92
4.87
14.58
13.92
12.73
14.53
10.1
13.39
10.89
3.78
9.56
4.05
5.6
6.28
10.78
3.4
8.77
11.84
11.12
10.32
8.4
9.63
4.09
3.14
2.3
2.32
3.7
3.78
5.7
10.81
10.51
1.79
4.19
8.64
7.16
1.15
4.73
7.12
9.15
7.01
5.52
6.97
1.14
4.6
6.5
6.39
2.6
4.42
2.77
3.26
1.95
2.15
2.08
1.62
2.77
3.62
3.62
4.51
5.51
4.94
2.75
3.07
0.99
5.32
1.83
3.3
2.72
5.7
1.65
5.96
4.18
4.55
6.02
6.12
3.22
1.09
2.07
0.83
0.93
2.02
2.77
0.84
1.39
1.3
5.13
2.47
0.7
4.71
2.07
6.2
6.68
5.17
2.68
0.91
3.92
3.52
3.07
1.08
2.28
1.43
2.33
2.02
2.05
5.35
1.36
1.14
1.92
2.77
2
2.88
3.86
4.58
2.36
2.91
2.93
1.51
5.5
4.95
6.79
3.14
4.85
7.57
9.04
5.5
1.19
6.03
4.88
3.62
1.96
10.41
7.54
4.78
4.49
9.16
3.82
3.29
4.38
7.69
8.55
8.99
6.59
9.11
5.27
9.17
6.87
7.92
4.63
7.34
2
3.7
7.31
3.49
15.58
15.62
15.59
15.41
8.76
11.76
10.96
6.99
3.49
13.93
7.03
7.68
4.09
11.04
15.45
12.04
3.16
14.05
16.38
8.29
19.75
10.46
5.5
4.15
7.28
17.92
19.75
3.24
4.74
4.08
8.53
2.57
4.13
12.72
3.7
9.58
11.8
20.4
16.22
17.54
19.48
11.81
17.02
21.29
23.44
24.73
17.9
23.19
21.48
21.11
22.55
17.3
21.02
25.67
24.79
24.54
17.25
23.48
20.27
22.48
23.21
10.71
15.35
20.82
10.67
12.26
19.1
21.62
21.61
26.2
6.86
19.93
26.6
23.84
28.3
21.51
9.77
29.19
25.96
20.23
27.64
23.16
20.45
21.54
16.07
17.31
13.86
17.16
18.97
4.1
9.75
13.05
8.17
13.68
6.43
11.25
16.54
22.23
22.21
26.6
18.67
9.7
22.54
29.2
27.02
27.71
25.08
28.63
27.93
26.98
26.96
28.13
26.73
23.93
2.88
10.16
24.22
29.75
23.34
22.8
22.5
29.4
29.19
28.65
29.23
28.58
25.31
27.54
28.47
27.04
25.88
16.49
23.09
20.86
25.24
19.38
28.84
29.43
26.21
23.07
27.49
28.52
28.64
27.27
26.25
19
24.26
25.97
25.95
26.14
20.46
22.59
27.26
27.43
26.48
25.12
25.51
25.56
25.45
25.56
24.17
12.23
25.5
23.18
18.86
5
24.31
25.48
25.14
24.61
21.65
15.33
17.97
21.4
19.79
4.87
5.89
9.73
11.06
12.02
21.75
21.76
20.47
9.98
15.29
13.59
14.43
16.19
19.54
21.04
19.45
3.76
13.7
9.89
11.87
11.85
10.94
12.44
15.07
4.65
8.33
16.1
15.43
11.05
16.29
16
17.6
14.53
11.44
3.87
6.58
2.07
2.39
15.63
11.84
14.79
16.88
8.12
4.53
11.16
14.37
8.15
8.51
6.95
12.63
13.28
11.45
12.72
6.53
13.17
10.81
12.53
10.28
9.5
10.13
11.69
7.53
10.98
8.87
10.1
10.34
6.39
4.01
8.4
9.65
4.79
3.02
3.15
1.54
5.37
8.31
6.86
2.04
3.8
2.13
3.56
0.96
2.59
1.49
6.14
4.73
2.53
2.7
1.47
1.5
1.34
2.08
1.43
2.19
4.81
4.22
7.72
6.67
3.91
6.44
6.02
6.33
5.93
5.29
4.23
4.22
3.95
1.99
2.39
2.98
1.9
1.08
0.69
1.81
1.51
0.97
0.46
2.95
3.64
3.04
2.83
2.04
5.6
3.37
1.13
2.84
4.6
2.5
2.95
1.88
0.79
4.29
5.31
3.26
1.67
3.59
2.53
1.22
1.64
2.35
1.53
6.47
6.49
2.11
4.07
5.81
4.11
3.44
2.27
3.89
2.82
2.05
1.16
0.63
7.85
4.74
3.85
3.35
3.7
4.11
3.49
3.39
2.3
3.42
2.42
3.43
3.41
8.52
3.32
3.53
6.94
1.66
2.45
10.28
6.48
9.98
5.61
2.46
2.89
3.83
8.3
3.43
2.28
3.73
11.43
7.23
10.7
11.46
10.36
10.87
8.41
4.22
7.24
5.8
7.4
10.3
10.68
15.2
12.43
16.62
15.95
16.06
15.94
8.43
12.59
17.94
16.95
13.02
19.06
18.15
15.63
5.89
10.89
11.5
15.47
13.04
19.04
19.68
20.37
15.94
17.04
17.04
15.31
16.5
8.54
11.57
19.85
19.43
13.61
7.65
22.2
12.74
12.43
15.34
13.57
13.56
7.76
21.94
14.02
10.22
13.71
18.05
16.16
14.41
3.91
9.17
22.87
18.9
19.46
23.48
22.86
20.21
5.66
18.26
27.3
26.14
19.1
22.61
21.42
24.93
8.35
22.13
5.69
16.16
6.99
5.92
6.42
12.84
28.45
28.83
28.53
26.88
25.4
23.83
27.38
20.06
24.87
16.25
16.2
22.52
15.88
11.81
24.43
19.64
27.15
19.35
29.51
28.78
28.26
28.89
28.65
28.11
21.42
24.88
19.44
26.94
21.59
7.84
23.2
25.02
15.89
20.65
28.48
24.08
9.91
7.56
29.42
25.75
27.42
26.36
8.45
26.5
22.51
27.06
29.66
21.14
29.03
28.85
24.51
16.88
7.1
8.25
22.54
23.9
20.62
22.67
25.49
27.14
26.59
26.41
27.29
16.63
6.51
22.27
25.74
20.02
23.89
15.07
11.97
17.97
13.71
13.49
19.05
22.88
23.67
21.19
17.54
9.5
15.91
22.55
24.59
22.67
21.23
15.43
19.29
6.06
14.03
17.71
23.29
25.04
17.37
11.12
19.59
14.8
10.42
17.04
21.33
10.66
13.56
22.6
22.71
20.4
13.97
4.13
2.66
14.48
9.2
15.93
7
11
18.28
17.61
6.51
2.75
5.71
13.39
6.4
9.95
11.62
15.97
17.99
16.92
12.89
16.36
9.62
12.89
16.83
7.79
2.27
5.26
16.92
16.35
6.98
7.12
5.08
9.08
5.83
11.8
12.93
9.05
12.15
14.48
12.78
13.3
12.8
12.91
12.06
5.69
10.31
5.29
12.71
12.4
11.69
3.77
3.74
1.81
1.49
2.96
4.9
5.62
7.44
8.19
5.79
5.03
8.8
9.76
5.87
8.89
8.41
2.87
4.03
3.1
4.58
7.22
6.96
3.65
2.95
4.15
3.55
5.24
2.2
6.26
5.59
6.39
5.86
6.27
5.51
2.87
1.59
4.73
2.48
0.87
1.19
0.82
0.24
0.57
0.78
0.95
1.1
0.46
1.07
2.95
2.06
5.5
3.26
5.85
5.22
2.81
2.8
1.58
4
2.89
5.45
5.28
5.78
3.66
4.3
5.4
4.54
4.09
3.42
1.37
4.95
4.46
6.96
1.9
4.29
3.88
6.29
2.56
5.79
3.57
3.08
2.06
5.41
0.42
5.38
6.8
6.19
5.9
6.33
2.05
2.03
2.76
1.71
1.82
1.43
1
1.15
2.25
6.93
1.97
7.12
1.89
1.16
9.11
4.24
8.32
6.88
2.86
4.1
3.17
7.15
7
3.23
3.01
4.47
8.18
11.14
7.6
9.31
11.86
9.41
8.63
11.94
12.67
11.73
2.99
3.13
2.12
3.76
8.22
8.21
9.19
8.85
4.57
15.46
8.29
7.52
12.93
15.07
15.95
15.68
15.77
6.97
7.62
3.67
8.16
6.24
13.85
14.79
17.29
16.24
15.6
17.91
14.14
17.63
14.29
7.69
15.53
4.55
13.34
15.51
8.88
14.61
17.82
10.6
18.56
10.77
16.7
20
11.85
5.39
13.75
21.8
19.57
20.87
19.62
19.26
22.63
21.92
9.42
9.49
21.79
24.79
24.72
22.31
22.83
18.29
25.02
19.85
21.59
7.57
25.94
20.88
13.96
19.41
9.18
20.11
21.85
20.52
26.54
25.06
18.34
23.03
28.33
26
22.9
17.01
4.67
14.25
20.04
25.08
26.21
22.23
4.73
3.56
5.83
24.09
6.57
6.37
18.74
22.53
27.71
27.97
18.25
25.79
27.37
27.77
25.44
27.73
28.9
28.26
27.06
25.39
28.18
28.23
28.59
27.92
22.59
20.03
14.82
20.84
25.57
9.38
16.92
22.68
26.92
3.76
15.49
27.61
29.24
12.7
21.26
20.92
26.92
27.91
27.18
27.47
29.58
30.19
26.12
28
20.5
15.74
28.99
29.02
26.8
8.23
18.56
24.87
25.09
26.92
25.01
27.29
26.22
25.59
27.46
24.09
26.23
21.83
12.42
6.53
10.58
12.26
6.03
22.25
25.98
20.87
22.36
23.59
24.57
25.45
25.29
24.64
25.17
23.08
24.69
24.66
24.03
22.59
20.56
16.84
6.55
16.22
17.09
6.36
17.67
21.9
15.29
19.89
9.26
22.19
18.77
23.14
22.44
22.37
22.42
22.43
17.32
14.82
16.1
4.34
13.69
18.9
17.87
17.39
13.96
9.77
19.96
16
14.04
12.72
14.86
17.53
16.37
14.44
13.86
17.75
15.43
14.95
11.09
1.82
6.74
8.49
9.6
11.7
9.57
15.43
15.65
12.74
12.23
12.35
9.59
3.64
5.17
5.37
3.28
2.22
8.67
2.83
1.94
1.59
5.03
6.44
5.29
1.42
6.59
5.73
7.78
6.81
11.39
9.26
8.81
9.86
1.78
3.83
10.58
10.74
11.1
11.07
10.59
8.28
8.61
9.15
6.11
8.59
5.75
5.52
8.69
8.71
8.39
5.72
2.76
8.06
4.46
7.85
7.86
3.52
0.96
2.73
6.84
4.67
2.11
3.02
3.85
3.95
6.37
5.3
3.87
4.93
3.72
1.48
3.82
2.04
1.8
0.74
1.23
4.07
6.58
2.3
4.84
4.27
1.54
2.3
0.86
1.38
4.34
0.84
3.27
5.36
4.26
4.56
4.16
5.35
2.58
5.9
1.39
4.57
4.08
1.84
0.36
2.1
1.9
2.52
0.69
3.3
2.39
2.32
3
4.19
6.01
5.36
5.32
1.96
6.27
3.79
6.71
5.84
7.26
8.17
8.73
2.09
6.55
2.39
6.5
6.7
8.18
7.08
5.31
0.98
4.76
3.27
2.42
8.14
10.29
10.35
5.95
5.39
8.04
2.91
9.49
4.28
5.03
5.95
2.24
3.09
2.1
1.82
3.6
11.2
6.69
10.82
5.58
10.49
5.22
9.04
10.89
6.33
3.35
5.25
11.33
3.29
11.67
10.68
11.05
3.04
7.89
14.46
14.59
5.29
6.75
6.63
17.77
5.37
7.15
14.23
18.04
15.54
18.19
9.54
9.65
7.4
14.28
8.8
8.98
18.13
13.65
12.51
13.37
19.59
12.97
15.2
20.34
18.54
17.96
19.92
19.27
3.04
13.88
17.81
23.07
21.82
18.4
7.36
21.99
24.18
17.64
15.75
12.79
23.31
25.48
24.37
19.5
10.34
16.53
24.59
4.13
11.94
22.71
24.5
5.12
7.93
16.28
15.09
25.26
26.71
23.42
23.63
20.99
8.09
7.55
3.21
21.41
9.01
9.9
20.97
19.58
21.54
25.11
20.41
27.18
28.97
26.99
9.63
28.2
24.91
26.17
27.35
25.62
28.12
25.9
21.13
19.65
25.63
19.22
18.27
24.56
29.75
26.61
17.42
16.4
19.59
12.2
21.19
20.07
14.69
24.65
22.98
25.91
9.42
16.84
27.88
25.78
27.1
26.69
26.49
26.32
9.53
29.58
28.74
26.11
25.4
27.4
11.92
28.96
28.14
18.18
27.77
26.73
20.32
26.69
27.99
27.05
23.96
18.82
17.04
5.7
12.52
25.83
26.28
26.29
26.24
23.74
23.94
22.95
13.97
15.66
20.15
17.07
23.66
26.08
24.05
17.77
26.36
24.07
26.81
23.26
24.38
26.72
26.03
25.29
4.44
15.46
20.34
16.74
25.5
16.38
22.6
15.05
16.26
11.48
22.28
9.06
7.2
24.07
22.96
23.16
23.66
21.53
23.22
19.04
19.92
22.82
22.36
16.97
20.3
17.06
10.95
6.5
18.32
19.38
19.45
18.82
17.62
14.95
18.11
17.27
17.28
17.11
13.53
9.91
12.53
15.97
11.13
16.39
16.91
15.85
15.11
14.39
14.26
15.02
15.27
15.21
14.45
4.71
6.2
3.85
14.21
4.74
5.79
10.35
9.44
5.91
4.54
6.59
11.82
7.48
5.5
10.35
6.74
2.08
6.65
2.42
3.36
11.14
9.3
10.1
8.4
10.39
7.06
10.03
6.99
5.67
10.55
9.39
7.78
5.23
9
4.58
1.73
2.91
1.3
8.53
6.94
4.74
0.97
8
7.3
5.45
3.04
4.05
7.02
3.75
4.94
6.79
6.86
6.59
5
2.38
3.94
2.03
6.42
7.01
6.67
4.17
3.76
6.77
4.95
3.76
1.65
5.06
1.59
4.86
5.79
6
3.67
5.02
2.94
2.4
1.76
5.83
1.57
0.84
0.57
0.47
0.56
1.2
1.11
1.8
4.95
5.66
1.55
5.81
6.7
6.73
6.48
5.39
6.19
1.63
5.15
2.95
6.76
1.73
2.68
6.44
7.15
3.08
0.28
4.03
7.16
3.99
4.77
3.3
6.82
7.89
8.16
8.02
2.04
1.12
2.24
1.96
3.02
1.89
1.23
1.45
2.69
1.77
4.75
6.88
5.76
6.93
1.17
8.31
3.81
1.85
3.5
4.85
7.87
9.86
11.5
11.74
9.85
5.59
6.55
12.4
8.21
4.38
8.42
7.59
3.06
14.08
12.26
10.82
10.02
7.74
9.12
13.84
14.48
4.85
7.12
8.7
15.57
12.66
9.66
12.11
12.93
16.95
13.06
10.14
16.69
17.49
4.45
10.26
14.03
16.74
14.47
16.99
16.35
18.76
17.3
20.89
20.94
18.49
15.14
20.63
20.37
20.63
20
15.02
8.84
12.76
7.62
12.1
16.29
22.36
12.39
19.04
14.81
17.93
13.04
15.68
16.8
12
5.35
12.9
23.04
14.73
16.43
23.23
20.29
13.06
7.76
4.96
18.02
21.04
20.02
24.1
4.41
19.55
6.64
24.83
11.96
21.01
17.72
23.95
23.95
22.16
14.27
22.94
12.58
26.92
28.5
28.44
28.84
25.24
26.65
27.77
20.23
9.09
19.4
26.43
28.29
29.86
29.64
28.3
21.72
24.72
22.65
26.49
25.43
25.93
22.16
12.99
29.47
29.62
17.93
29.85
27.84
25.38
24.72
27.61
11.57
14.69
26.92
25.1
29.24
19.23
24.54
18.67
26.75
12.63
26.25
22.76
21.46
24.8
20.21
23.63
22
23.57
25.67
27.57
26.76
24.71
26.62
25.61
27.45
20.47
28.66
29.79
12.41
22.26
26.94
29.01
29.03
27.29
28.03
27.53
22.6
21.81
15.66
22.48
19.04
14.4
23.49
27.27
24.05
26.97
26.91
24.18
26.21
24.69
24.57
16.53
25.34
18.01
23.58
22.01
19.59
13.39
20.49
24.7
25.35
22.38
24.24
23.63
15.59
18.83
21.29
21.74
23.23
22.88
21.86
22.12
19.8
16.39
22.5
22.83
21.62
11.63
8.9
6.82
20.63
19.47
13.49
4.26
15.09
19.59
13.59
7.19
6.13
18.7
18.02
6.23
7.12
4.61
13.34
2.22
3.41
7.87
14.61
14.67
10.04
9.14
11.03
7.65
14.56
13.34
15.04
15.61
15.59
5.5
13.74
13.94
8.42
13.59
8.21
8.32
11.24
13.01
13.38
12.03
12.2
12.67
12.78
11.37
11.42
8.59
8.24
6.32
2.5
1.85
10.98
10.98
10.66
3.07
5.68
5.3
6.51
5.95
9.13
7.71
5.62
9.19
7.9
1.55
4.09
1.03
5.16
4.73
5.77
3.6
1.93
5.41
4.25
1.58
1.22
3.83
3.57
6.06
3.4
6.01
6.6
2.96
4.89
2.96
6.98
5.91
1.37
4
3.6
6.51
3.11
2.55
1.81
6.17
4.38
3.51
2.6
6.4
1.15
0.35
2.97
1.57
1.28
3.01
4.78
6.03
6.36
1.26
2.09
2.8
4.65
5.21
5.9
3.53
4.25
1.71
5.46
4.01
3.95
1.1
2.29
3.81
4.21
3.48
3.79
4.8
2.63
1.33
1.17
1.79
0.86
0.61
2.23
1.35
4.49
1.78
5.32
1.17
7.04
5.95
5.17
3.39
5.51
7.11
5.31
1.45
2.41
8.04
8.02
3.88
4.69
1.56
1.68
8.56
6.23
2.43
2.34
3.71
3.61
2.53
8.9
2.83
4.31
5.46
10.81
5.54
5.15
5.27
8.16
3.83
3.59
4.45
4.91
9.63
13.68
7.6
9.36
14.03
9.2
3.87
7.02
8.9
5.36
7.65
12.4
12.28
10.5
12.92
12.24
14.08
13.36
10.8
11.38
4.6
2.61
7.63
6.94
10.49
12.81
19.55
8.67
15.13
8.61
15.64
12.87
14.77
3.33
10.71
4.44
12.56
20.45
19.75
11.65
9.95
21.75
12.31
18.84
20.09
11.92
15.15
16.94
21.15
22.48
11.61
8.62
8.26
21.96
24.21
24.13
24.97
24.04
18.7
18.59
24.17
14.06
21.49
25.01
25.12
23.93
22.63
23
24.55
20.63
17
25.65
26.08
24.54
25.69
20.78
18.49
23.45
22.97
6.08
12.15
21.99
22.52
18.18
23.72
24.94
26.56
20.59
22.11
17.08
17.07
26.47
25.18
23
24.57
23.41
26.72
16.22
24.31
19.9
24.68
21.61
26
20.02
21.01
15.2
22.42
26.61
22.76
12.11
6.71
11.17
21.07
19.73
25.7
24.7
25.94
27.61
7.85
20.68
16.66
16.29
22.28
19.45
11.19
11.02
26.25
27.38
20.84
25.55
18.26
28.37
9.61
24.77
21.02
27.49
25.84
6.78
19.55
24.12
22.91
22.02
23.29
22.77
19.36
27.01
25.51
22.82
18.22
12.49
26.76
27.23
23.94
21.82
21.91
26.14
26.54
25.79
20.39
13.6
22.9
25.76
22.7
23.93
22.96
25.05
25.03
21.53
17.56
25.5
24.76
13.04
20.52
23.41
22.57
22.42
22.79
22.89
22.86
22.63
21.51
18.19
11.08
6.23
23.23
21.13
20.56
19.88
18.07
8.66
6.69
11.12
5.16
17.83
20.62
16.01
17.99
19.37
19.17
16.82
19.65
15.82
15.86
18.1
17.96
16.95
18.53
17.24
17.07
17.32
2.36
10.48
14.13
16.54
17.74
17.04
16.87
17.11
16.69
14.69
7.89
12.69
14.66
15.56
12.68
6.2
8.11
12.94
13.33
13.26
13.4
12.89
12.85
10.22
6.61
9.56
8.77
9.9
11.04
8.06
7.41
9.92
5.66
10.73
7.52
3.18
5.2
7.15
10
10.66
7.06
5.89
4.29
2.1
5.48
8.38
8.2
5.21
5.16
4.6
8.21
6.59
4.78
8.11
7.36
8.19
7.19
4.1
1.2
0.91
1.36
1.23
1.16
1.7
1.13
1.2
2.27
4.74
7.71
6.36
3.23
4.59
2.9
4.58
5.72
2.97
5.21
1.8
2.81
4.85
2.6
2.82
1.98
0.87
2.43
3.53
2.72
2.98
4
1.85
2.42
2.67
2.64
2.36
2.25
4.06
3.97
2.74
4.65
2.11
3.63
3.67
4.48
5.01
5.77
1.1
5.28
2.56
1.76
4.47
1.18
6.86
3.77
6.21
5.27
6.23
5.3
5.52
2.47
3.26
3.35
5.06
4.52
1.75
3.73
5.63
4.34
6.27
1.94
4.9
3.18
2.72
4.53
4.13
2.87
9.71
2.6
10.46
10.72
6.7
7.5
6.87
3.96
6.95
6.87
8.81
6.97
11.57
12
12.14
11.99
7.67
11.53
6.85
13.24
9.66
10.7
9.57
14.12
14.47
9
5.91
11.93
13.03
13.7
14.64
12.34
7.66
12.01
8.15
7.05
15.15
6.84
14.93
10.07
9.45
18.38
3.36
9.58
18.61
18.98
18.71
19.26
19.53
5.13
15.82
10.22
12.27
20.37
21.28
21.39
19.87
18.42
18.12
13.26
4.05
15.9
18.78
15.87
16.41
10.05
2.86
5.8
7.6
4.38
22.37
23.83
23.58
21.45
24.6
25.42
25.1
25
6.19
20.67
24.36
20.02
16.57
24.86
9.6
7.14
22.43
26.1
12.49
7.28
6.12
5.02
18.35
25.38
8.14
22.54
23.19
16.45
5.27
9.51
4.73
9.32
12.7
21.57
16.54
19.2
16.91
14.32
17.55
27.99
27.47
27.31
7.51
11.26
6.24
7.24
23.07
25.75
21.43
25.93
26.17
23.24
21.36
27.1
28.3
28.62
27.54
26.98
27.79
27.59
28.16
21.96
21.53
18.37
20.11
21.28
27.5
25.46
12.42
7.42
26.43
26.44
28.9
21.24
29.88
29.73
28.95
28.66
24.36
26.56
21.46
27.29
26.6
17.68
12.29
13.67
26.42
22.47
16.48
14.56
22.77
25.97
27.12
27.61
19.4
25.89
27.02
21.6
24.35
27.98
28.14
25.73
14.29
21.71
11.38
16.3
23.07
21.96
26.37
7.87
18.28
24.88
25.62
24.07
23.46
16.38
25.09
25.52
23.21
24.32
14.29
18.88
25.07
14.52
24.07
23.76
24.55
23.41
18.11
16.62
18.18
16.25
17.93
13.89
20.75
20.62
13.79
20.17
20.98
19.87
18.05
17.43
22.31
21.6
4.84
9.03
13.52
12.22
20.32
18.62
16.67
17.97
16.87
19.59
18.7
14.07
14.33
15.67
17.65
18.62
14.2
11.01
13.62
7.89
12.4
14.81
5.52
12.18
14.8
15.8
8.45
10.65
14.1
8.38
13.66
7.02
14.19
13.52
4.09
11.85
12.38
9.9
11.14
13.41
4.27
11.8
9.52
11.24
12.34
11.43
10.39
10.45
11.64
11.25
11.19
9.94
5.27
1.99
2.37
3.79
9.87
5.45
7.04
3.7
3.55
7.26
5.2
2.11
3.22
2.11
4.8
1.23
1.76
6.95
3.88
2.43
5.23
7.25
5.01
0.79
5.08
3.5
5.28
4.95
1.66
1.62
2.93
2.66
4.25
5.98
5.22
0.76
3.55
5.78
0.63
1.18
2.09
2.64
1.34
4.55
6.89
0.59
2.28
5.02
4.64
4.08
4.28
4.53
3.49
4.95
0.58
0.79
2.07
5.02
4.53
3.76
1.45
4.7
2.12
6.1
4.55
5.86
6.31
4.49
2.78
6.49
6.95
5.42
5.66
5.25
4.95
5.53
7.02
3.23
1.25
4.4
2.09
0.79
0.78
1.94
2.25
7.32
1.84
5.59
1.33
1.76
1.81
1.91
4.41
5.4
7.63
5.55
9.27
6.47
4.27
1.51
6.32
8.22
8
9.86
10.15
7.12
8.33
8.77
10.38
5.83
10.82
11.73
10.14
5.55
7.02
12.6
12.05
11.43
6.41
5.15
12.92
1.43
13.5
11.24
9.75
5.81
10.66
6.38
13.19
15.79
4.44
11.29
16.42
11.68
15.13
13.56
16.24
2.55
12.7
18.87
18.77
15.95
17.78
18.51
18.57
10.95
17.92
10.8
9.89
5.54
7.32
18.55
19.49
17.69
11.45
20.53
21.17
22.38
19.69
21.94
21.63
22.14
23.67
22.98
23.21
22.06
20.82
22.44
16.91
16.59
24.7
24.27
22.96
18.77
14.61
22.28
23.98
25.49
25.8
24.64
20.11
22.12
20.28
23.91
9.03
23.51
15.79
22.84
19.75
26.49
9.23
27.6
28.09
26.97
23.2
18.53
19
11.85
16.86
22.91
13.12
16.34
17.88
26
7.14
14.62
29.05
26.31
14.86
21.39
14.87
19.57
25.71
22.46
21.49
15.41
9.29
22.44
21.81
19.58
24.08
10.92
22.33
27.86
14.64
13.71
17.26
26.96
29.03
29.01
24.09
6.04
7.98
9.5
13.43
23.3
8.58
6.14
20.44
29.13
29.78
18.72
24.44
28.17
27.29
17.31
22
28.58
28.25
10.83
27.66
29.69
22.33
28.97
30.21
28.46
29.62
22.83
29.19
26.72
24.19
27.06
14.9
15.12
17.06
18.88
25.26
25.89
22.78
24.38
12.24
5.72
21.89
28.07
27.24
22.84
26.36
26.04
26.65
24.68
11.89
11.96
10.61
18.43
25.06
24.94
24.28
24.98
19.89
24.81
22.77
19.43
13.2
14.4
21.42
12.57
20.37
24.55
24.15
23.72
16.52
14.37
22.3
22.07
22.72
22.02
20.46
15.67
9.01
13.54
20.43
15.57
20.2
21.55
19.1
18.36
21.17
20.86
19.65
18.11
18.59
18.69
18.78
18.33
15.1
16.47
17.42
15.86
16.25
16.59
15.96
14.2
15.8
7.87
8.46
14.9
9.32
9.5
12.14
10.01
10.71
11.28
15.22
10.89
14.6
4.02
13.76
13.51
8.87
3.21
3.5
2.16
12.83
2.4
5.62
7.11
9.78
8.77
10.75
10.11
10.61
6.8
3.16
6.75
10.22
5.17
9.1
4.47
3.88
9.57
4.09
5.16
6.64
3.18
4.75
9.41
8.88
7.28
1.91
1.34
1.27
1.9
1.4
1.63
1.48
2.65
6.61
7.59
1.26
3.61
7.93
7.76
5.13
6.83
1.27
0.87
0.97
1.2
6.91
4.83
1.63
2.12
0.58
2.11
2.96
2.56
3.3
0.94
0.98
1.1
0.98
0.61
1.24
2.72
0.88
0.81
0.82
0.9
0.65
0.81
0.95
2
4.82
1.72
1.63
4.64
1.9
1.88
4.63
1.82
3.07
