20010101
1.89
1.96
1.45
2.4
3.14
5.1
2.81
3.05
3.87
1.67
2.06
2.64
2.51
2.12
1.48
0.89
1.58
0.85
1.27
1.56
1.12
2.02
1.93
2.57
1.62
1.63
3.25
1.2
3.02
6.66
7.35
6.91
2.22
2.03
2.69
3.6
3.03
5.4
6.31
3.54
5
2.53
1.98
3.06
4.24
1.3
0.96
2.78
3.67
4.5
3.12
2.48
3.53
2.53
2.05
1.67
2.93
2.14
3.35
1.39
2.19
3.7
4.48
3.61
2.41
2.45
4.91
4.12
2.43
2.34
3.27
3.46
1.87
2.42
2.93
5.39
2.7
3.11
2.53
2.06
1.56
2.46
2.19
3.69
3.78
3.97
1.84
2.94
3.27
3.04
1.92
1.98
2.01
3.16
3.81
1.71
3.17
2.43
5.92
2.18
2.11
5.12
5.22
4.81
2.93
1.97
3.51
2.63
2.83
1.85
3.21
3.6
2.99
2.64
2.94
2.81
2.03
1.76
2.32
2
2.52
2
1.85
1.94
1.63
4.59
5.65
4.04
2.55
2
3.33
5.36
2.23
3.24
3.7
3.38
4.97
3.53
1.96
1.15
1.2
2.14
2.02
1.68
1.97
3.48
1.45
1.64
2.19
2.3
2.18
3.93
2.7
3.13
4.72
2.29
2.22
1.65
3.23
2.19
2.86
2.98
1.78
1.89
1.81
1.8
2.77
2.27
3.89
8.29
7.93
3.46
1.73
2.17
1.84
2.16
1.74
1.66
2.03
2.25
2.21
1.94
3.91
3.12
0.99
1.07
2.16
4.11
1.81
1.43
1.92
2.39
1.91
1.79
1.97
2.46
2.68
1.71
1.73
2.63
2.45
1.93
3.5
2.92
1.95
2.24
2.17
1.9
1.52
1.83
2.11
1.44
2.25
2.08
2.69
2.76
3.77
1.27
1.49
3.02
1.56
4.12
2.47
2.98
1.31
1.13
1.69
1.87
1.66
1.42
1.56
2.03
2.43
2.49
2.63
1.89
1.09
1.15
1.98
3.28
2.64
1.73
1.38
1.22
1.9
1.64
2.05
4.77
4.66
2.22
1.56
3.16
1.6
1.29
1.76
3.08
4.12
2.22
1.76
2.78
1.93
2.31
2.96
1.47
1.31
1.34
2.71
1.96
2.01
1.08
1.32
1.38
0.96
1.3
2.63
2.35
1.91
1.26
0.93
2.61
3.37
1.51
0.98
1.03
0.91
0.75
0.9
1.05
0.85
0.66
1.03
0.53
1.51
3.31
1.36
1.12
1.04
0.94
1.27
1.11
0.87
0.47
1.08
2.68
2.68
3.7
1.07
1.61
0.96
0.95
1.5
2.75
3.24
3.87
1.62
1.09
3.84
6.91
2.09
1.93
1.46
1.25
1.98
3.02
1.25
2.47
3.64
2.93
3.24
1.11
1.47
1.09
1.52
2.56
1.33
0.8
0.75
1.3
1.38
1.93
4.23
3.12
2.03
0.94
1.04
1.78
5.1
2.2
1.51
4.4
2.83
1.8
0.93
1.92
2.21
1.47
1.9
1.58
1.92
1.75
2.89
2.26
4.39
3.03
1.89
1.73
2.95
5.87
1.2
1.12
1.13
1.27
1.07
1.08
0.73
1.2
1.12
0.93
1.3
1.07
0.76
0.9
0.52
1.5
1.36
1.62
2.25
3.66
4.79
1.79
1.79
3.72
1.63
1.99
1.51
3.06
1.42
1.89
2.72
1.72
1.43
3.82
1.62
1.31
1.95
2.17
2.58
2.24
2.68
3.5
2.42
1.46
1.31
1.11
2.31
3.91
4.78
4.25
2.5
2.75
3.03
4.62
4.46
2.41
2.02
1.83
1.86
1.76
2.94
3.67
4.92
2.73
2.37
2.32
1.71
2.7
1.91
3.62
2.96
2.06
2.3
1.92
1.94
2.5
2.47
2.82
5.79
7.4
8.68
6.31
5.34
3.49
1.45
1.44
1.66
1.48
2.23
3.18
2.96
4.5
4.27
2.28
1.61
2.49
3.01
1.22
1.95
2.14
2.18
2.05
2.02
3.26
3.06
2.08
3.13
4.7
4.09
3.23
3.45
2.64
2.38
1.89
3.69
3.61
2.33
4.43
4.56
2.63
2.98
2.18
1.48
1.89
3.22
1.79
3.41
3.47
2.08
1.59
2.34
2.21
1.37
3.1
2.19
2.84
3.32
1.57
3.1
5.47
2.68
2.02
2.25
1.75
2.33
3.69
3.91
1.81
2.6
3.54
2.24
1.36
3.41
3.32
6.15
2.18
1.53
3.74
4.04
1.55
2.72
1.75
1.7
2.3
1.61
1.51
2.03
2.15
1.63
2
2.62
3.52
2.87
1.99
3.22
1.93
1.92
2.08
2.9
4.29
2.48
2.26
1.58
2.36
2.34
1.51
1.93
2
3.79
2.77
1.87
3.23
1.68
2.06
1.92
1.45
1.44
1.38
2.33
1.78
1.91
1.91
2.41
2.9
3.11
1.96
1.96
1.59
1.58
1.31
1.79
1.23
1.55
1.47
1.55
1.71
1.53
1.54
2.55
2.65
3.87
2.59
1.34
2.76
3.35
2.99
1.67
1.24
1.4
1.71
1.42
1.07
1.22
1.12
1.4
1.46
1.31
1.84
1.41
1.24
2.11
4.01
1.21
1.22
1.26
2.15
1.6
1
1.54
1.54
2.61
3.89
1.51
1.56
2.37
2.24
1.21
1.27
1.04
1.24
1.69
1.45
2.32
4.14
2.33
1.46
1.61
3.92
4.1
2.08
1.14
0.85
1.08
0.92
1.37
1.24
2.26
1.69
0.68
0.94
1.85
2.31
1.06
1.54
0.97
3.05
5.12
2.1
1.14
1.72
3.12
3.38
3.59
1.48
2.83
2.49
2.8
3.09
1.33
1.94
1.34
1.03
1.36
2.11
1.35
4.44
3.05
1.09
0.93
2.57
1.97
3.25
2.28
3.29
4.99
6.2
5.82
3.92
1.39
4.43
1.74
3.61
2.22
1.51
3.17
2.11
1.69
0.77
1.41
1.96
1.41
0.83
2.08
2.01
3.41
3.8
3.86
3.51
2.73
2.67
1.53
1.45
2.27
1.5
1.23
1.82
0.99
1.15
2.64
2.21
1.82
1.12
1.14
2.22
2.29
1.66
2.44
2.28
2.21
1.48
2.53
3.28
2.44
3.06
1.63
1.7
4.8
2.1
4.74
1.53
1.9
1.77
3.57
1.38
1.79
1.43
1.19
1.02
1.5
1.17
1.03
1.29
2.25
1.03
1.06
2.62
3.13
1.51
1.71
1.73
2.6
1.6
3.66
5.11
1.54
3.36
3.93
6.67
5.39
2.44
1.34
2.07
0.9
3.58
2.96
1.86
1.64
3.87
3.35
2.44
3.55
3.36
2.34
1.12
1.44
1.54
0.78
1.71
2.56
3.54
1.21
1.29
1.4
2.29
1.8
1.24
2.7
1.17
1.08
1.74
1.74
2.31
3.21
5.75
5.63
4.94
5.22
2.22
5
2.59
3.81
4.9
1.99
1.28
1.26
1.56
1.63
1.91
1.39
1.37
1.25
3.29
2.57
4.38
4.08
4.57
4.11
6.4
6.61
5.13
2.55
3.74
1.7
1.37
4.09
2.05
1.88
2.33
2.7
4.58
2.78
2.98
2.45
2.1
2.28
3.75
1.84
4.85
2.65
3.55
3.56
4.2
2.8
2.85
3.11
2.08
2.52
2.61
1.78
1.47
2.76
1.91
2.11
2.12
3.07
4.2
3.08
1.54
2.37
1.68
3.44
3.24
4.16
5.7
3.22
1.92
1.45
2.61
3.28
3.66
3.26
1.47
1.78
2.05
1.3
1.23
1.57
2.39
1.67
2.08
1.79
2.51
1.42
1.92
1.48
2.62
2.07
1.93
2.08
1.63
1.51
3.12
2.26
2.13
1.57
2.06
2.67
2.14
1.95
1.79
1.28
1.7
2.96
3.77
1.87
1.7
1.47
1.73
1.62
2.23
2.24
1.96
1.67
2.25
1.66
2.16
1.93
1.63
2.17
2.44
3.22
3.36
1.53
2.28
1.92
2.33
1.56
1.63
1.16
2.59
3.48
3.33
3.06
2.53
2.96
2.08
1.14
1.27
1.93
1.77
2.14
1.22
2.31
1.57
2.95
1.35
1.91
2.04
2.32
1.84
1.67
2.08
1.66
1.19
1.52
1.42
1.7
2.11
2.29
1.32
2.16
2.41
4.15
2.15
2.13
1.5
2.18
2.77
1.3
1.46
1.66
2.32
1.73
2.09
3.15
1.78
3.37
4.69
3.98
2.03
1.08
1.09
0.98
1.47
1.78
1.71
2.79
4.27
4.07
2.31
1.28
1.79
3.3
2.28
1.57
2.36
1.65
1.36
1.5
3.67
2.22
2.54
2.61
2.98
1.63
1.48
1.99
1.17
2.12
1.46
2.35
1.75
1.37
1.66
2.73
2.09
1.29
2.22
2.03
1.59
1.58
1.37
1.7
2.92
1.29
4.2
4.35
2.74
1.94
1.07
1.99
1.95
2.81
1.68
1.24
1.93
1.61
1.41
1.25
1.21
0.98
1.34
2.91
1.25
1.59
1.24
0.92
2.76
5.83
4.39
2.73
1.54
2.9
2.24
2.25
1.62
3.12
2.38
1.88
2.21
1.55
3.56
4.06
1.45
1.1
0.95
1.65
1.16
1.96
1.93
2.38
3.64
2.31
0.96
1.15
1.16
4.3
1.89
6.84
4.22
1.32
1.47
1.86
3.33
2.01
0.81
2.74
3.09
4.05
4.28
1.33
3.17
1.85
1.67
1.65
2.38
1.2
2.31
2.45
3.14
2.39
1.69
3.9
3.6
1.45
2.21
2.51
4.12
4.68
2.57
1.9
0.82
2.34
2.17
1.87
1.07
2.12
3.04
1.89
1.68
1.23
1.39
1.85
1.56
3.11
2.94
4.35
2.69
3.44
5.64
1.66
1.27
2.44
2.6
1.44
1.47
3.41
2.32
2.33
2.58
3.29
4.33
3.32
1.48
2.29
3
3.86
4.25
1.64
2.09
3.4
3.23
2.53
1.81
5.08
4.59
1.59
2.01
1.68
3.2
2.51
1.09
1.31
1.16
2.12
2.22
2.66
5.32
2.22
3.31
3.15
2.7
3.93
2.92
1.25
1.25
1.41
2.05
1.81
2.26
1.79
2.05
2.08
2.76
1.7
2.16
1.52
0.78
2.51
3.97
4.13
3.73
2.02
3.61
1.73
2.15
3.18
3.57
1.4
1.27
1.89
4.09
5.11
2.88
1.77
2.19
3.77
2.06
1.69
1.74
2.82
2.19
3.13
2.91
2.06
1.46
2.49
1.31
1.36
1.4
4.19
5.18
1.55
4.24
2.21
1.38
1.25
1.8
2.22
3.37
2.03
1.91
1.55
2.94
2.98
3.13
3.19
2.38
1.13
1.62
1.73
2.05
2.21
1.04
2.9
2.18
1.11
2.02
1.46
1.7
1.99
2.67
2.92
1.49
2.52
1.9
2.12
2
2.74
1.36
2.05
2.35
1.7
2.69
1.47
1.76
1.41
1.76
1.76
2.87
1.38
1.59
1.82
1.97
2.43
1.75
2.89
2.72
2.42
1.37
1.28
2.22
1.31
0.84
1.48
1.69
1.67
1.96
2.23
1.32
1.5
1.47
1.83
3.27
1.94
3.48
3.12
3.32
2.29
2.23
1.27
1.28
1.29
1.09
1.06
1.34
1.05
1.21
1.48
1.09
1.81
2.13
1.74
2.12
1.83
2.06
2.75
4.53
2.46
2.65
2.2
2.79
1.6
2.82
1.55
2.14
2.34
1.48
2.02
1.66
2.57
0.84
0.73
1.14
1.65
1.89
1.39
0.87
2.62
3.56
1.8
2.53
2.45
1.94
2.34
2.45
2.75
2.06
1.41
1.27
1.88
1.61
2.28
2.37
2.19
2.8
3.03
2.21
1.23
2
1.73
0.81
1.12
0.77
1.84
1.48
1.64
0.6
1.3
1.87
2
2.03
1.73
1.61
0.91
2.14
1.79
1.72
1.61
1.46
1.28
0.89
1.09
0.9
1.35
1.13
1.53
1.57
3.62
4.16
2.86
1.77
1.07
0.62
1.03
1.5
0.85
2.01
1.16
5.11
2.75
2.42
1.61
1.3
3.77
8.05
5.09
1.72
1.91
1.68
4.29
2.52
2.07
1.46
3.04
3.39
2.01
1.09
1
2.26
1.95
1.75
1.18
2.58
1.55
0.94
1.16
1.35
1.29
1.62
0.85
1.25
2.13
1.03
0.62
0.92
1.74
1.76
1.1
1.32
2.36
3.68
1
0.89
1.85
1.59
4.54
2.32
1.48
0.93
3.38
2.77
1.33
0.86
1.63
1.68
1.76
1.18
1.89
2.28
1.53
1
1.59
0.96
0.93
0.8
1.4
3.1
1.38
2.19
2.32
1.19
2.98
3.35
2.53
1.38
1.31
5.38
8.32
4.89
1.81
4.45
3.76
1.97
3.28
2.15
1.21
2.39
1.5
0.85
0.91
1.04
1
1.64
1.11
2.61
2.66
2.04
6.26
3.89
6.52
3.62
1.1
1.37
2.53
2
2.13
2.77
2.32
1.6
6.22
4.17
1.63
1.61
1.96
1.97
2.19
2.65
1.47
1.54
1.79
4.31
2.58
3.51
2.05
2.46
1.52
1.62
1.93
2.18
3.73
2.05
1.23
2.06
1.62
1.69
1.96
2.04
2.54
3.88
1.33
1.58
2.74
2.86
1.37
1.83
2.49
2.7
2.28
5.19
6.82
3.15
6.12
4.11
2.27
2.06
2.38
2.5
3.56
1.78
2.37
2.56
2.22
6.13
2.44
2.74
3.88
5.18
3.3
2.6
2.35
2.62
1.19
2.03
1.51
2.41
2.07
1.94
3.71
2.31
2.79
2.06
1.88
2.75
1.39
2.22
3.36
1.56
1.94
2.93
3.59
5.74
2.61
1.84
2.65
2.41
3.73
4.23
1.56
1.78
1.62
1.53
2.75
4.2
2.19
1.59
2.66
2.5
2.06
1.53
3.13
6.06
7.1
4.67
2
2.2
3.48
3.51
1.78
2.43
2.15
2.25
4.03
2.25
2.02
1.74
2.69
1.97
2.35
1.88
1.25
1.92
1.74
1.76
1.86
3.23
2.89
1.98
1.96
1.7
1.3
2.62
1.54
1.13
2.25
3.54
2.69
2.01
1.24
2.03
1.67
2.43
1.93
1.72
1.75
1.54
1.45
1.42
2.35
1.61
1.14
1.86
2.02
1.47
3.28
1.6
1.39
2.05
3.86
4.81
1.45
1.84
2.08
2.34
2
1.44
1.38
1.76
1.6
2.06
1.85
3.55
1.8
1.08
1.13
1.94
1.66
0.89
1.05
1.57
2
1.22
1.05
0.87
0.88
0.81
0.81
1.1
1.39
1.07
0.87
1.36
2.43
2.58
2.62
1.97
1.63
2.14
1.52
1.77
0.98
2.6
3.96
3.67
2.27
3.36
2.48
1.28
0.75
0.57
0.81
0.97
1.24
0.98
1.15
3.14
1.71
1.09
1.67
1.95
2.41
1.6
1.71
1.7
1.07
0.94
0.71
0.8
0.68
0.86
0.76
2.71
2.86
1.43
1.25
1.54
2.63
1.99
2.15
1.47
2.22
1.23
0.88
1.23
1.62
1.64
1.52
1.24
0.78
1.46
1.9
1.03
1.75
0.77
0.89
1.24
0.96
2.13
2.06
1.45
2.08
2.85
1.51
1.58
1.11
2.57
1.35
2.04
3.43
4.63
2.99
2.42
0.99
1.8
1.14
1.45
2.12
1.56
1.67
2.8
2.59
2.16
3.03
0.9
1.23
2.33
3.71
1.62
0.78
0.7
1.06
1.79
3.3
2.21
2.23
1.89
1.28
2.61
1.21
1
0.88
1.27
0.67
2.15
1.8
2.15
2.7
2.47
1.53
2.44
0.94
3.32
2.28
0.63
0.9
1.21
0.82
0.7
0.71
0.84
1.13
0.96
1.38
1.81
1.16
1.85
2.43
0.96
1.13
4.67
4.7
1.13
2.24
1.14
0.85
0.98
1.06
0.85
1.28
1.06
0.88
0.98
1.44
3.37
2.86
2.53
1.71
1.48
1.06
3.98
2.36
1.18
1.03
2.52
3.1
1.71
2.77
3.2
4.06
1.94
3.5
2.64
4.41
3.39
2.94
2.89
1.39
2.42
1.64
4.21
4.24
3.58
2.5
3.41
2.72
4.42
1.62
1.46
5.78
9.22
5.13
2.63
1.06
2.4
1.45
2.09
1.3
2.89
3.58
6.53
3.02
1.47
1.62
3.09
3.76
3.09
3.05
2.23
1.94
2.61
2.34
2.1
3.24
5.23
2.38
2.65
3.91
4.11
6.36
6.26
3.14
2.28
2.7
2.42
1.35
2.28
4.2
2.1
1.83
1.7
2.48
1.61
2
1.72
2.22
2.61
4.08
3.99
1.63
1.81
1.62
2.45
1.6
3.09
2.33
1.85
1.57
3.91
3.05
2.04
2.54
1.88
1.84
2.05
2.38
2.81
1.88
2.16
2.02
3.97
3.69
2.41
1.88
1.45
2.11
2.1
2.16
1.76
2.36
2.13
6.34
5.05
4.24
1.79
1.71
3.74
2.96
2.2
2.45
2.11
1.49
1.96
2.01
1.2
1.49
1.46
1.53
1.74
1.85
1.54
2.57
2.84
1.38
2.5
2.6
2.25
1.63
2.71
2.07
4.52
3.32
1.56
1.37
1.8
1.92
1.42
2.32
1.38
2.15
1.39
1.86
1.58
2.58
4.47
3.61
2.79
1.32
1.37
1.71
1.32
1.38
1.78
1.63
1.53
1.31
1.47
1.53
2.44
1.42
1.38
1.67
1.34
1.85
1.75
1.66
1.57
1.99
2.26
2.11
1.67
1.5
1.82
1.44
1.85
1.89
2.51
3.3
4.33
1.57
2.26
1.49
1.58
1.74
2.09
1.39
1.4
1.5
1.63
2.17
1.9
2.98
1.48
1.64
1.51
1.41
1.51
1.26
2.12
3.46
1.43
1.36
1.37
1.64
1.37
2.3
1.97
1.92
1.63
1.35
1.45
2.28
0.96
1.35
1.16
1.42
1.81
2.25
2.28
1.28
1.2
1.01
1.08
1.32
5.57
2.01
1.38
1.41
1.4
2.34
1.3
1.15
1.06
0.8
1.11
1.04
1.41
2.58
1.48
2
2.69
3.89
2.07
1.12
4.55
3.53
1.26
1.48
1.09
1
1.78
3.26
2.12
1.53
3.85
2.33
1.54
2.86
1.57
1.29
0.94
1.69
3.32
2.18
1.87
2.22
1.74
1.23
3.89
2.67
3.08
1.2
1
2.54
3.16
2.39
2.4
5.04
1.12
0.81
1.16
1.24
1.72
1.35
2.32
0.9
1.15
1.54
4.6
2.43
4.62
3.42
1.36
1.07
1.48
1.72
2.16
1.24
1.11
1.02
3.66
4.91
2.34
2.84
0.96
1.18
1.26
3.52
2.23
1.17
1.27
0.94
1.72
1.24
2.85
1.76
2.21
2.19
1.65
1.47
2.12
1.83
1.28
2.55
2.78
3.5
2.15
1.46
1.91
1.29
1.58
4.94
3.18
1.42
1.69
1.74
1.88
2.77
1.07
1.1
1.57
2.21
2.95
1.93
2.01
4.33
2.04
4.93
3.92
2.35
2.08
1.56
4.92
1.86
1.62
1.55
2.98
2.73
2.53
1.91
4.61
2.34
2.79
1.74
1.93
1.43
1.21
1.46
3.47
2.66
1.81
1.84
2.4
3.98
2.02
2.17
3.11
2.07
2.98
3.16
2.32
3.91
4.77
4.65
1.1
1.1
3.42
2.89
1.27
1.99
4.52
3.41
2.25
1.31
1.9
4.97
3.36
3.1
3.25
2.42
3.09
1.7
1.81
2.01
1.96
1.55
2.24
4.74
2.44
1.99
2.14
2.49
1.9
2.23
2.08
1.3
1.52
1.58
2.3
2.28
2.1
3.51
1.81
1.89
2.6
1.73
2.16
2.13
3.01
1.63
1.56
1.66
3.37
3.08
3.05
2.16
2.39
2.62
1.4
1.71
1.61
2.02
1.44
1.64
3.4
1.73
2.33
4.61
2.7
1.71
2.37
5.65
2.5
1.74
1.53
2.6
3.63
2.58
1.71
2.71
4.24
2.4
3.18
1.63
1.17
2.08
1.97
1.92
1.68
2.57
2.08
1.34
1.73
1.2
1.58
1.34
1.9
1.2
2.16
4.68
2.19
1.98
2.94
1.4
1.87
3.12
3.56
1.99
1.98
3.06
3.28
1.95
1.64
1.84
1.8
2.49
3.36
2.24
2.39
2.58
2.08
1.63
1.49
2.7
2.03
1.53
1.47
1.42
1.39
1.97
3.06
1.72
1.43
1.77
1.68
1.92
3.74
2.79
2.86
1.7
1.52
2.05
1.95
1.26
1.98
1.41
1.54
2.01
2.38
3.74
3.18
1.17
1.61
1.85
1.64
2.27
1.66
1.22
1.31
1.41
1.68
3.13
3.76
2
1.11
1.85
2.56
2.25
2.32
1.16
1.73
1.57
1.5
2.34
1.32
2.5
1.24
1.92
1.3
2.29
3.27
5.59
2.8
2.69
2.91
1.98
2.32
2.78
2.09
1.55
1.82
1.43
1.91
2.23
3.18
2.62
1.22
1.11
1.51
1.19
1.54
1.44
2.64
2.17
3.52
3.48
1.29
1.12
1.18
1.14
0.93
0.98
2.31
1.99
1.1
1.34
1
2.13
0.77
3.02
1.74
2.07
0.68
0.98
1.61
3.08
2.92
3.34
6.05
4.5
1.95
1.26
1.34
1.53
1.55
1.55
1.06
3.49
3.37
1.19
1.03
2.73
3.16
1.22
2.34
1.28
2.47
2.64
2.85
2.48
2.13
1.95
6.36
3.94
3.88
3.37
1.35
2.82
3.25
4.04
4.96
2.3
1.24
2.22
1.78
1.29
1.64
1.19
1.58
2.06
3.91
1.46
1.34
1.19
2.24
1.96
1.7
0.88
1.72
5.06
6.68
5.98
4.08
2.91
2.23
0.66
1.28
1.31
1.3
1.4
0.36
0.62
0.91
0.43
0.56
1.77
1.87
0.79
0.84
1.69
0.86
2.09
2.74
1.83
1.28
1.35
1.31
1.05
1.19
2
3.48
2.22
2.06
3.86
4.56
1.41
1.09
1.56
1.39
1.16
2.91
3.36
2.11
1.51
1.43
4.1
3.62
1.16
2.01
1.56
5.13
4.08
1.69
3.26
2.03
1.87
4.43
4.11
1.73
2.05
0.94
1.19
1.22
2.68
4.19
6.02
2.31
1.6
1.6
2.03
1.62
2.09
1.79
2.44
1.65
2.3
2.35
2.36
1.92
6.21
3.8
2.15
3.16
5.2
2.82
1.4
1.63
1.96
4.86
2.6
2.99
3.25
2.32
2.33
4.05
2.95
2.35
1.73
1.69
5.53
2.33
1.68
2.78
2.48
2.8
1.42
2.58
1.46
2.7
2.17
3.19
2.21
3.99
5.94
3.02
2.83
3.69
1.82
4.05
5.83
6.22
3.24
1.83
2.49
3.66
2.8
2.57
3.14
4.46
1.96
2.98
2.94
4.4
2.54
1.79
4.26
2.31
2.48
3.29
3.68
2.69
1.84
3.29
2.94
3
3.12
2.07
2.32
1.85
2.05
1.87
1.24
1.33
1.68
2.58
2.55
4.61
2.81
3.2
3.5
2.1
1.92
1.46
1.61
1.83
1.77
1.85
2.81
2.39
1.79
2.49
1.73
1.94
1.83
1.3
2.4
2.4
2.71
1.84
1.37
1.72
1.84
2.45
2.84
2.49
1.78
3.23
1.47
1.92
1.53
1.27
1.44
2.51
2.35
2.14
2.37
2.48
2.14
1.77
1.91
1.93
1.43
1.51
2.79
1.94
1.59
2.69
3.19
1.81
1.81
1.33
2.71
2.32
2.26
3.13
2.69
1.53
2.43
1.08
2.23
2.09
1.41
2.33
5.77
4.61
2.2
2.9
2.13
1.29
1.11
1.13
1.08
1.49
1.67
1.24
2.48
1.43
1.17
1.58
1.84
2.11
1.53
2.1
4.27
3.07
1.62
2.57
2.33
1.03
1.25
1.93
2.69
1.22
1.54
2.78
1.36
1.29
0.85
1.01
1.14
1.83
2.11
1.51
1.49
1.21
2.1
3.97
4.64
5.26
2.63
2.28
1.27
1.73
1.3
1.92
3.51
1.68
3.68
5.46
4.49
1.87
3.01
6.23
3.5
1.63
1.29
1.76
2.87
4.8
2.29
0.92
1.82
2.2
2.65
2.06
2.22
1.71
1.41
1.28
0.92
0.9
0.85
1.1
0.91
0.53
0.87
0.72
0.73
2.51
1.88
1.6
0.51
0.77
0.9
1.08
2.47
0.75
1.13
0.88
1.44
2.19
3.75
5.17
3.14
2.08
1.27
2.3
1.23
1.94
0.99
0.87
1.26
1.49
1.38
1.86
0.83
2.3
1.61
0.82
0.7
2.65
1.09
0.92
2.07
1.77
2.04
2.36
3.65
1.53
1.41
2.23
1.9
2.27
3.2
3.48
1.29
1.74
1.55
4.08
1.27
1.48
1.21
1.58
2.85
1.53
3.8
2.25
1.69
1.42
0.87
1.11
3.85
1.86
1.84
2.26
1.46
1.65
1.55
2.73
2.64
2.33
1.74
0.83
1.78
3.12
1.21
1.13
1.21
1.2
0.89
0.63
1.11
1.67
1.47
1.1
1.72
1.95
1.29
1.02
0.81
1.25
1.31
2.03
3.05
4.02
2.02
1.19
2.4
0.72
1.69
0.67
3.19
3.84
5.09
3.79
2.08
1.38
1.17
0.9
0.66
2.17
3.64
2.64
3.35
3.84
3.65
2.86
4.18
4.89
6.45
5.38
1.91
3.42
7.36
5.29
1.71
1.86
1.82
1.8
2.58
2.26
1.56
1.83
1.74
1.92
0.9
0.47
3.22
2.99
2.17
4.11
2.96
2.56
2.51
3.88
2.71
3.18
1.59
1.53
3.47
1.57
6.12
2.35
5.27
5.74
2.57
2.8
2.93
3.58
1.82
4.02
6.05
2.71
3.05
2.35
1.47
2.84
1.72
1.35
1.63
1.54
1.83
2.35
1.55
2.35
2.66
2.5
2.34
1.9
1.73
3.91
3.73
2.43
1.84
1.5
2.99
2.63
2.55
1.85
2.23
3.82
3.69
2.57
2.2
3.7
4.24
4.04
2.05
2.88
3.55
1.99
1.79
2.17
1.97
1.59
2.24
3.02
1.44
2.12
1.53
2.73
1.38
2.01
3.2
2.17
2.29
1.99
1.64
1.41
1.4
2.25
2.63
2.73
2.86
1.83
1.96
1.99
2.72
2.86
1.72
1.68
3.88
2.27
1.65
3.86
2.33
2.22
2.48
2.03
1.9
2.11
2.42
1.49
2.45
3.29
4.06
4.36
4.95
3.04
1.63
2.01
2.03
1.82
2.18
2.09
2.54
2.11
1.71
1.63
1.84
1.36
1.73
1.64
1.52
1.6
1.23
1.49
1.28
1.44
2.01
1.72
2.1
1.68
2.31
1.49
1.83
2.21
3.1
3.77
2.02
2.37
1.12
2.35
2.04
1.45
1.62
2.45
1.43
2.89
2.43
3.04
3.59
3.46
2.03
1.37
1.59
2.17
1.48
1.15
1.56
1.44
1.75
1.86
1.28
1.52
1.08
1.24
1.7
2.67
3.55
1.25
1.65
1.19
1.49
1.17
2.97
1.61
1.06
1.79
1.59
3.26
2.72
1.71
2.65
1.56
1.87
2.01
2.21
3.11
4.08
2.14
1.82
1.04
1.14
1.71
1.48
1.19
1.11
0.99
0.91
1.16
1.03
3.06
1.28
0.98
1.01
1.38
1.38
1.23
1.26
1.19
1.9
1.77
2.3
1.42
1.76
1.94
1.06
1.35
2.76
5.62
3.66
2.56
1.59
1.39
1.65
2.75
1.71
3.25
3.72
2.6
2.74
1.1
0.85
1.29
1.06
0.88
2.44
0.8
0.85
1.48
2.14
2.8
1.94
2.51
2.17
1.89
1.52
3.27
1.61
1.14
1.35
3.28
1.28
1.06
1.93
1.4
1.28
1.33
1.09
1.71
1.99
1.38
1.91
2.3
2.44
1.76
4.61
4.3
2.53
1.2
1.31
1.03
1.24
1.55
1.03
1.84
3.92
2.08
1.96
4.11
2.69
2.14
2.93
2.55
1.03
1.25
2.28
1.19
2.89
3.97
4.23
3.06
4.46
1.48
1.49
1.53
1.28
2.01
1.15
1.67
3.47
2.17
1.72
1.51
1.06
0.83
1.98
1.31
0.77
1.62
1.23
1.25
1.28
0.88
1.27
1.42
1.04
1.02
1.25
2.43
2.04
1.41
1.29
1.93
1.76
1.35
1.99
2.63
2.42
3.03
1.53
1.6
3.25
1.94
3.22
3.59
4.82
1.85
2.35
3.37
4.23
3.49
3.49
2.31
2.17
1.48
1.82
2.07
1.79
2.46
2.23
5.19
3.4
1.33
1.62
3.62
2.54
6.88
2.09
2.56
1.9
2.66
5.61
2.58
3.79
3.36
3.97
3.48
1.86
1.36
2.13
2.49
3.61
3
2.08
1.64
3.4
4.63
3.65
1.1
1.24
1.45
3.3
5.72
2.02
2.17
3.11
5.19
2.68
2.88
2.37
3.1
5
5.9
5.66
1.81
1.38
2.41
3.87
3.66
3.41
1.09
1.66
1.84
1.87
3.36
1.68
1.8
1.78
2.64
2.64
1.71
1.84
1.65
1.98
2.46
2.75
2.37
2.12
2.49
3.49
2.65
1.5
2.52
3.83
2.29
1.86
1.62
3.75
2.77
2.24
1.16
2.17
6.1
4.19
3.05
3.37
2.12
2.83
3.79
4.45
3.33
2.2
2.47
2.74
2.64
1.19
2.46
2.02
2.57
3.83
1.81
2.1
2.43
1.94
2.28
1.9
1.94
3.76
4.75
4.96
3.59
2.76
2.67
1.86
3.27
1.65
2.35
2.04
4.03
6.71
7.09
5.76
3.14
1.68
2.23
3.95
2.6
2.59
2.67
1.74
1.29
1.47
1.23
1.76
2.27
3.26
1.57
1.31
1.25
1.41
1.49
1.69
1.59
1.4
1.77
1.48
3.99
2.95
1.04
1.54
1.59
1.86
2.4
2.51
2.27
2.07
1.64
1.91
1.65
1.86
1.25
1.68
2.14
2.24
1.49
2.07
1.32
1.25
1.19
1
1.63
1.4
1.77
1.38
2.21
1.69
1.84
1.52
1.09
1.2
1.08
1.42
2.42
1.62
1.55
2.06
2.8
1.87
1.37
1.6
2.57
4.83
1.21
1.06
1.4
2.08
1.46
1.64
1.97
1.54
3.19
3.02
1.18
1.69
2.61
2.26
1.6
1.23
1.17
2.08
1.19
1.17
0.9
1.47
1.95
1.77
1.83
1.19
1.21
1.42
1.15
0.87
1.22
2.13
3.04
2.38
1.62
0.92
1.08
0.79
0.98
0.91
0.89
0.84
0.87
1.23
0.94
1.99
2.67
2.05
1.35
1.5
1.55
1.99
3.85
3.76
4.31
2.01
1.4
2.1
4.05
3.67
2.31
1.08
1.05
1.63
1.64
0.94
2.94
2.65
3.56
3.34
2.19
3.34
2.82
4.94
3.93
2.12
1.81
2.17
1.39
1.03
1.47
1.88
1.31
1.93
1.3
1.78
2.03
1.95
1.44
1.37
2.1
1.93
1.75
1.24
2.85
4.79
3.74
4
3.42
2.25
2
2.02
4.69
2.03
1.39
2.01
2.59
2.26
2.71
2.73
2.32
2.88
2.35
1.59
3.25
3.09
1.07
1.84
1.08
1.13
0.87
1.35
1.11
1.01
1.59
1.9
3.08
4.27
3.58
3.52
1.62
1.11
1.23
1.46
1.04
1.41
1.19
1
0.99
1.52
4.25
4.7
4.49
1.94
1.69
2.02
1.08
1.99
2.22
1.02
1.09
1.05
1.6
1.2
1.54
2.02
1.58
1.31
1.46
1.46
1.21
1.71
2.14
3.16
1.59
1.54
2.19
1.63
1.71
2.55
2.7
2.79
3.76
2.55
4.14
3.22
4.96
2.34
1.65
1.2
1.16
2.27
0.96
1.26
1.55
4.43
4.14
2.08
2.11
1.73
1.57
4.61
5.71
4.34
3.08
1.72
4.23
2.7
5.36
6.07
3.16
1.43
3.46
1.82
1.75
2.74
1.58
1.05
1.5
1.7
1.43
1.33
1.61
1.93
3.21
3.83
1.26
2.29
3.31
5.59
4.23
3.01
3.88
4.82
4.06
3.83
2.17
1.55
1.38
1.49
1.66
2.3
1.91
2.74
2.88
2.77
3.01
2.17
1.45
1.62
1.29
2.03
1.73
3.84
4.5
2.63
1.68
2.33
3.1
2.82
1.35
2.12
1.62
2.37
2.85
3.15
5.07
2.16
1.23
1.57
1.3
1.86
1.35
2.64
1.33
3.87
2.35
2.81
2.98
1.41
1.53
1.95
2.33
5.18
3.22
1.55
1.67
2.8
2.08
2.87
1.78
3.21
3
2.83
1.75
1.7
1.31
1.98
2.11
4.18
2.55
2.03
2.1
2.64
2.67
1.67
2.96
1.48
2.02
4.01
3.75
3.62
2.78
1.9
1.59
1.17
2
1.17
1.99
2.92
2.22
1.86
2.24
1.39
2.36
3.15
2.85
1.33
3.28
2.97
1.49
1.94
2.26
1.76
1.37
2.21
1.42
0.82
1.07
1.48
2.74
1.44
1.3
1.4
1.66
1.33
2.38
1.25
1.93
3.68
2.21
1.95
2.53
1.71
1.24
1.24
1.61
1.88
1.75
1.04
1.93
1.71
1.43
1.07
1.44
1.86
1.45
1.42
1.84
3.3
2.21
0.98
2.61
1.36
1.84
1.3
1.36
2.1
3.23
1.67
1.44
1.28
1.44
1.51
1.53
1.58
1.5
2.4
1.4
1.07
1.21
2.37
4.76
3.43
2.17
0.89
1.23
0.85
1.41
0.68
0.99
2.36
1.8
1.78
1.05
1.74
1.09
1.13
1.43
2.05
2.59
1.79
3.34
1.26
1.26
1.55
2.34
2.95
1.89
1.19
1.3
1.66
3.91
2.34
2.04
0.99
0.46
0.88
2.32
1.5
0.66
1.04
0.4
0.72
0.83
1.58
1.87
2.54
4.62
4.9
1.66
1.1
1.05
1.06
1.67
2.12
0.73
1.05
1.18
0.91
0.78
1.27
0.84
0.98
1.17
1.91
0.92
0.59
0.86
1.74
1.51
1.76
0.74
1.6
0.82
1.26
1.27
0.86
2.01
3.51
2.09
2.1
3.26
2.63
1.91
1.11
1.87
2.26
2.94
2.28
4.34
2.37
1.41
3.02
2
1.05
1.49
1.28
1.34
1.85
1.16
1.37
1.46
1.33
1.68
1.58
1.19
3.54
1.9
2.16
3.8
4.1
2.11
1.54
2.06
2.89
0.99
2.27
2.93
3.2
2.69
1.79
1.62
1.5
2.51
1.87
2.66
2.46
1.61
1.7
4.87
3.24
1.08
1.43
1.67
1.16
1.39
2.84
3.37
4.45
7.17
4.97
5.12
5.97
2.15
1.22
3.65
3.54
2.44
1.29
1.27
4.04
5.21
1.72
1.82
2.88
3.49
1.34
1.13
2.05
1.82
2.33
3.64
4.09
1.42
6.01
1.78
2.44
3.16
1.6
1.58
2.71
2.39
1.82
3.12
1.73
3.48
4.1
3.93
2.46
2.31
1.81
4.2
6.62
3.3
1.61
1.19
1.15
1.56
2.02
2.86
4.51
2.35
3.23
3.18
1.74
3.88
4.93
2.98
4.2
4.67
2.44
2.49
2.52
6.23
2.88
4
5.5
1.91
1.48
3.62
2.85
3.61
6.15
1.32
3.51
3.67
1.82
3.15
2.67
4.27
3.01
4.58
1.63
2.58
2.89
2.51
1.51
1.89
2.1
2.26
4.52
4.27
1.93
1.54
2.19
1.53
1.89
4.16
4.46
4.24
1.67
5.01
5.89
1.81
1.82
2.58
1.28
1.82
3.01
4.26
3.81
1.8
2
1.8
1.63
1.67
1.47
1.87
1.9
4.56
2.93
3.38
2.16
2.67
3.07
2.47
1.96
1.39
2.53
2.29
1.56
1.69
2.78
1.36
1.7
1.16
2.28
2.15
2.9
2.75
1.78
1.89
1.46
1.38
1.8
1.71
2.01
1.83
2.44
2.09
1.73
1.72
1.68
1.77
2.19
2.38
1.79
2.2
1.63
1.75
2.33
1.87
1.95
1.68
1.64
3.02
2.29
2.51
3.78
3.61
1.99
1.12
1.36
1.39
1.99
1.7
2.32
1.32
1.28
1.29
2.08
1.27
1.62
3.3
2.22
1.95
1.61
2.03
2.2
1.75
1.52
1.58
1.35
1.56
1.79
1.42
1.07
1.79
1.72
1.76
1.62
1.87
1.82
3.32
2.35
1.84
1.39
1.61
3.02
3.11
1.85
3.06
3.06
1.79
4.54
1.52
1.41
1.28
1.41
1.59
2.6
4.76
4.36
1.76
1.79
1.26
1.48
3.25
3.3
1.88
2.21
2.11
4.72
3.27
5.78
3.35
1.66
1.63
2.64
1.17
1.8
1.17
2.05
1.93
1.69
2.13
1.63
1.47
1.09
1.36
1.03
0.88
2.2
3.23
1.93
1.88
2.72
1.22
1.15
0.81
0.92
0.96
0.55
0.67
0.83
2.78
4.06
2.23
2.12
2.35
1.87
1.89
4.38
4.72
3.29
1.2
1.79
1.98
1.06
2.75
2.14
1.54
2.27
1.1
1.26
1.3
2.12
1.22
1.37
1.15
0.76
0.89
0.78
1.72
1.42
2.49
5.47
3.03
3.57
2.26
1.2
1.94
2.54
2.29
1.01
1.22
2.21
5.58
2.75
1.13
2.02
1.63
1.82
3.26
3.25
1.13
1.47
1.75
2.7
2.07
1.42
1.53
2.41
1.82
4.4
2.15
3.24
3.52
1.76
1.58
1.83
2.03
1.18
1.7
1.49
3.93
2.18
2.33
1.13
1.39
1.19
2.01
1.87
1.64
1.55
0.96
2.75
2.78
3.68
1.25
1.19
2.24
1.23
0.82
3.77
5.63
1.76
1.68
0.94
1.59
1.7
2.29
2.3
4.49
5.65
2.71
2.44
2.3
2.96
3.04
4.23
3.4
3.34
2.58
5.97
3.19
0.87
1.31
1.95
1.15
2.38
2.07
3.11
3.37
2.22
2.13
1.65
2.87
3.92
1.67
1.42
2.92
1.42
1.88
3.52
4.88
5.09
3.45
1.57
1.28
1.65
1.4
2.29
8.69
8.93
2.94
4.87
3.48
2.59
2.45
5.45
4.45
2.59
2.75
3.35
3.89
1.97
2.61
1.56
1.42
3.68
1.63
3.41
5.07
1.68
1.72
3.13
4.53
2.62
2.86
2.1
4.04
5.9
1.51
1.79
2
2.46
1.57
1.82
2.89
4.07
2.16
2.45
2.02
2.12
1.52
3.97
5.6
4.82
4.32
3.11
2.17
2.22
2.03
1.64
2.67
1.73
2.18
1.71
2.04
2.3
2.81
3.51
3.45
1.65
3.48
2.91
2.36
5.58
3.43
3.16
3.51
1.85
5.31
2.41
1.79
2.27
1.77
3.61
3.07
2.31
1.87
1.79
1.6
1.53
1.73
2.47
1.84
2.51
1.59
3.47
4.02
2.8
4.35
1.99
2.54
1.1
1.24
1.72
1.72
1.52
2.61
3.28
1.94
1.48
2.7
2.04
2.7
2.72
1.94
2.1
2.96
1.35
2
2.22
2.28
3.99
4.47
3.18
2.55
1.43
1.31
2
1.28
1.31
1.48
1.64
2.24
1.47
1.22
1.16
2.45
1.99
1.36
1.53
1.64
1.53
1.39
1.84
2.36
3.61
2.62
1.81
1.62
2.03
1.37
2.25
1.48
1.9
2.48
2.01
3.65
3.14
1.53
1.67
2.46
1.35
1.59
1.18
1.47
1.63
1.95
4.9
4.17
1.86
1.14
1.4
0.96
1.42
1.3
2.39
2.84
1.56
1.1
1.56
2.01
3.19
1.05
1.11
1.67
1.86
2.42
1.59
1.75
2.23
1.44
1.75
1.73
1.89
1.26
2.54
2.01
2.2
1.86
2.2
1.68
1.46
1.27
1.42
1.77
1.49
0.71
1.86
2.86
1.68
2.12
1.26
1.87
1.43
0.45
1.14
0.89
0.77
2.4
2.19
1.28
1.89
1.08
1.35
2.44
1.51
1.38
2.11
2.97
1.98
1.7
5.02
1.84
1.83
1.04
1.79
3.67
1.8
2.15
1.11
1.2
3.54
3.3
2.74
2.02
1.53
1.66
2.34
3.07
1.87
8.16
2.16
2.42
2.13
2.32
0.8
1.39
2.74
1.71
1.52
1.65
2.16
3.95
3.86
8.68
6.96
5.39
1.74
1.65
1.19
1.34
2.35
1.46
1.34
2.15
2.4
2.42
1.28
1.69
2.07
1.65
0.81
0.73
0.96
2.35
1.48
1.94
1.34
2.06
1.65
1.34
1.33
1.29
5.4
6.93
3.18
2.35
3.18
2.02
1.78
0.92
1.85
4.29
2.42
2.17
2.69
1.74
1.47
0.95
1.59
1.48
1.11
1.17
1.02
1.9
1.38
3.31
4.44
2.94
1.81
1.73
2.31
1.51
1.62
2.77
4.75
1.25
1.7
0.85
1.41
1.59
2.16
2.26
1.7
1.07
1.93
2.53
1.21
4.88
3.22
2.77
2.81
1.62
3.33
3.14
1.58
5.39
3.63
1.77
2.71
3.23
1.39
1.33
3.73
3.68
1.64
2.41
2.93
2.46
3.05
2.31
3.18
1.81
2.31
4.47
6.61
3.61
2.74
2.81
1.82
2.31
2.33
1.61
1.29
2.92
4.39
2.23
1.93
3.27
2.81
4.36
6.13
4.54
2.46
1.45
1.64
2.62
3.31
1.5
2.19
1.26
1.79
2.11
3.12
1.87
2.39
1.46
1.4
3.13
4.26
2.4
2.24
1.29
1.48
3.28
4.25
6.89
5.85
2.67
3.54
1.62
1.88
1.52
2.07
3.4
2.27
1.43
2.13
2.62
3.02
2.24
2.28
1.53
6.04
9.18
3.01
2.79
3.34
1.69
1.61
2.41
2.87
2.33
2.32
7.79
11.88
7.81
1.76
2.34
3.56
3.28
2.97
3.28
3.18
2.58
2.34
1.61
3.35
2.74
1.93
5.29
3.42
2.74
2.21
1.6
1.84
1.94
1.35
1.22
1
1.22
1.2
1.39
2.96
1.89
2.46
3.25
2.23
1.41
2
1.97
2.24
1.75
1.61
2.17
1.8
1.56
1.92
1.49
2.99
4
3.1
1.93
2.53
1.69
2.82
2.2
1.26
1.77
2.74
1.8
1.65
2.33
1.84
1.61
1.29
2.39
2.39
2.65
2.23
1.29
2.64
2.79
1.61
3.26
1.54
1.15
1.57
1.29
1.05
1.98
1.55
1.96
2.04
1.36
1.94
1.77
2.63
3.67
1.84
1.12
2.29
1.29
2.05
2.01
1.95
1.76
1.16
1.23
1.2
2.58
1.16
1.89
2.06
1.04
1.31
1.39
1.52
2.29
2.14
1.14
1.78
1.22
1.26
3.81
3.59
4.05
2.33
1.25
1.18
0.63
1.19
1.22
1.29
2.52
1.92
2.47
1.49
1.2
1.08
1.04
1.7
2.09
1.13
1.65
2.15
1.98
2.37
1.31
0.87
1.44
0.98
1.91
0.9
1.09
1.44
1.6
0.96
0.73
0.9
2.31
3.32
4.72
2.11
2.1
1.03
3.24
2.83
1.28
1.31
1.81
1.05
1.77
1.37
1.51
2.75
4.28
5.04
1.1
0.93
0.85
0.84
0.8
0.64
0.79
1.25
1.58
2.77
5.64
4.26
2.23
1.31
2.36
1.8
3.36
2.82
1.87
2.32
1.17
3.16
2.93
2.35
3.49
1.38
1.79
1.15
1.53
1.48
1.53
1
1.82
2.61
1.58
1.47
1.35
2.26
1.76
1.41
1.03
0.73
2.16
2.28
1.73
5.39
2.23
1.25
2.88
2.84
1.59
1.11
0.75
1.25
1.51
1.8
1.75
2.17
1.86
1.91
1.29
1.36
2.16
2.42
4.92
3.86
3.59
1.13
1.84
1.74
1.85
3.32
2.74
2.29
1.64
1.19
2.29
2.59
2.23
2.84
2.75
2.05
2.45
5.62
3.6
1.79
1.12
1.35
0.97
0.82
4.98
5
5.31
2.95
1.19
1.55
2.34
2.22
1.94
1.54
1.31
1.1
3.02
4.07
6.66
3.52
4.91
2.75
2.09
1.94
1.76
2.05
2.26
2.03
1.52
1.78
1.13
1.11
1.93
6.35
2.94
2.48
3.29
6.91
4.65
1.82
1.87
2.17
3.61
2.86
2.67
5.92
5.24
2.52
1.49
1.79
1.63
4.59
7.59
4.74
1.88
1.59
1.67
1.79
1.76
1.65
1.5
3.04
3.8
2.1
2.97
2.33
1.66
4.65
5.98
2.92
3.15
4.82
5.85
5.02
3.12
1.58
4.88
5.53
6.87
4.29
2.54
2.8
2.08
2.53
2.69
2.28
2.78
2.92
3.44
4.57
1.75
3.94
4.37
2.91
2.89
2.22
3.58
2.76
4.95
3.62
4.22
2.11
4.51
2.68
1.52
1.76
3.8
3.01
1.87
2.02
1.81
3.62
3.1
2.88
2.78
2.08
1.42
1.28
1.79
1.81
2.51
2.8
3.53
6.13
3.58
3.25
2.53
3.95
5.41
2.22
2.21
2.2
1.54
1.71
1.23
1.26
2.96
1.41
1.53
1.41
1.29
3.7
2.55
1.59
3.17
4.75
2.27
3.06
3.23
4.61
1.97
1.71
1.6
1.63
3.07
2.09
1.59
1.58
2.89
1.51
3.13
1.72
1.18
1.47
1.3
1.74
1.04
1.39
1.21
2.44
2.52
1.87
1.08
1.48
1.29
1.18
0.78
1.38
1.08
0.99
1.63
1.85
1.21
1.15
1.4
2.34
1.45
2.11
1.53
0.99
1.02
1.53
1.19
1.5
1.64
1.65
1.37
1.35
1.39
1.12
1.17
1.48
1.31
1.19
1.27
1.21
1.37
1.54
1.74
1.53
1.84
1.4
2.13
3.25
1.53
1.8
1.87
3.41
2.11
1.41
2.42
1.85
1.16
2
3.1
3.32
2.57
1.45
1.64
1.81
1.85
1.41
1.56
1.82
2.3
1.04
1.97
2.67
3.14
2.15
5.35
4.71
2.29
2.81
3.64
2.27
1.8
2.31
4.16
4.59
4.89
4.37
4.05
3.32
2.31
1.22
1.06
2.8
3.74
0.73
1.11
0.7
0.69
0.34
2.24
4.49
1.25
0.92
2.11
1.25
0.96
0.99
0.94
2.62
2.38
0.8
1.83
1.31
1.42
0.39
0.93
1.14
1.89
1.28
0.95
0.91
1.13
1.36
1.58
1
0.74
0.89
0.85
0.93
0.88
1.26
0.97
1.18
0.92
1.03
1.63
1.14
0.96
1.63
1.23
3.38
2.47
1.31
1.23
1.03
1.27
2.87
3.91
1.43
2.06
2.04
2.12
1.08
0.61
1.27
1.87
1.52
1.04
1.12
1.32
2.49
1.39
1.17
1.51
0.81
1.05
1.07
2.66
1.55
0.92
2.2
1.22
1.2
1.01
1.07
0.86
0.77
0.61
0.85
1.06
1.51
1.24
0.56
1.81
2.12
2.24
1.09
1.36
1.18
0.92
0.92
0.97
3.06
2.23
1.59
2.07
1.29
3.23
3.42
2.55
1.4
0.61
1.86
0.9
1.04
1.08
0.88
1.23
0.93
1.79
1.01
2.75
2.35
1.59
1.41
1.97
2.27
2.55
2.97
6.12
4.84
5.71
3.17
1.87
1.71
2.14
2.47
2.28
3.86
2.02
1.53
2.13
2.71
2.82
3.76
2.91
2.83
2.75
2.22
2.22
1.3
2.26
1.56
2.65
4.77
5.73
5.46
3.42
2.9
1.18
1.75
4.06
5.19
4.15
5.23
4.33
2.44
2.04
1.1
0.98
2.28
1.57
1.54
1.38
3.06
5.07
1.62
1.71
1.78
2.84
2.31
3.4
5.1
5.6
2.6
3.06
5
4.82
3.13
2.19
4.2
3.36
2.97
1.87
1.82
2.84
1.99
3.61
6.24
5.91
3.81
4.61
2.93
2.21
1.94
2.02
6.21
4.25
3.8
3.33
1.25
1.34
1.86
2.24
3.55
4.5
5.7
4
1.56
1.41
1.75
1.98
2.09
0.94
1.38
3.64
1.87
2.9
1.32
1.3
1.27
2.51
2.29
1.18
2.63
3.4
1.81
2.35
1.23
2.09
2.12
3.38
4.21
2.85
2.53
1.05
0.86
1.04
1.4
2.11
1.61
1.44
1.37
1.54
1.76
1.48
1.55
1.35
1.66
2.6
4.34
1.85
2.15
2.35
0.99
0.93
1.02
1.22
2.18
2.37
2.72
2.41
1.61
1.93
1.12
2.1
2.7
1.27
1.69
1.72
1.46
1.88
1.5
1.55
2.41
1.76
2.6
2.84
3.87
5.64
2.28
1.29
1.12
1.39
1.27
1.47
1.04
1.96
1.26
1.4
1.28
1.73
1.21
1.37
2.26
1.9
1.38
1.62
2.2
2.45
4.05
3.2
1.16
1.68
2.55
2.22
1.22
1.16
1.55
1.53
1.33
1.7
1.1
0.82
1.31
1.9
3.17
3.44
1.88
1.01
0.97
1.23
1.47
1.84
2.16
1.3
0.87
1.14
0.92
1.85
1.87
3.58
2.26
1.15
1.17
1.11
0.85
0.88
0.83
0.89
1.75
3.53
2.04
0.96
4.47
4.72
1.37
1.85
0.9
0.82
0.89
1.08
0.84
1.38
1.71
1.4
2.07
0.74
1.39
3.48
3.62
1.31
1.15
0.99
1.01
1.2
2.24
1.72
1.38
2.01
1.1
1.13
1.75
1.32
0.77
1.14
1.06
1.48
2.22
3.45
3.08
2.13
1.02
0.98
0.81
1
1.06
1.45
1.77
1.57
2.12
3.06
4.13
1.24
1.58
1.38
1.74
1.95
6.35
3.2
1.61
1.68
1.8
1.48
4.85
3.53
2.84
2.73
2.92
2.04
1.66
1.45
0.74
1.73
4.76
3.29
1.58
1.13
3
1.18
0.65
1.02
0.96
1.57
1.77
0.93
1.25
0.99
2.73
1.76
0.97
1.57
0.84
1.69
1.39
1.44
2.06
1.74
1.1
0.71
0.76
1.19
1.03
3.16
3.89
3.69
0.93
0.8
1.04
0.9
1.51
1.78
5.15
7.71
4.26
1.14
2.69
1.55
2.27
2.86
2.6
1.33
0.99
2.16
5.05
3.36
1.43
0.95
1.19
1.2
0.87
1.91
1.84
0.84
2.04
1.01
0.6
1.3
0.66
1.08
1.2
4.05
2.19
1.83
4.33
4.37
3.1
1.56
1.3
1.84
1.64
1.43
1.64
1
1.5
1.21
2.06
1.32
1.49
1.84
2.81
5.08
3.62
1.67
2.25
4.29
7.03
2.47
2.4
3.34
5.43
4.3
2.26
3.52
4.47
1.38
5.62
5
3.04
1.67
1.89
1.31
1.49
2.58
1.63
2.02
1.68
1.68
2.22
2.19
3.26
2.19
3.72
1.16
1.66
1.84
1.77
2.48
3.09
1.8
3.27
4.27
2.37
4.71
1.69
3.19
1.17
1.97
3.41
2.6
2.15
1.54
1.77
3.2
1.82
4.03
9.33
8.97
3.08
3.29
3.12
3
6.77
4.96
3.33
2.83
1.51
1.65
2.46
1.9
1.61
2.22
2.02
2.45
2.17
2.95
4.07
2.27
4.49
3.66
1.76
1.83
2.41
3.02
1.77
2.62
3.24
4.85
5.96
2.27
1.91
1.98
3.98
2.8
2.64
1.57
2.05
1.69
1.75
1.95
1.66
1.43
3.11
1.54
3.15
1.85
1.86
1.71
1.52
2.39
2.23
1.78
1.99
1.3
1.82
3.56
4.97
1.55
2.31
1.88
1.47
2.34
1.78
2
1.82
2.48
3.01
5
3.94
1.9
2.13
2.79
1.32
2.19
1.52
1.57
1.74
1.62
2.44
1.63
1.74
2.18
1.11
2.7
2.71
1.2
1.52
2.13
1.25
1.43
1.53
1.88
1.92
1.57
1.85
0.84
1.23
1.57
2.14
1.08
1.94
2.21
1.88
2.25
1.91
4.02
2.55
2
1.35
2.17
2.16
2.27
2.59
1.33
1.31
1.25
1.27
1.82
3.38
2.99
2.3
1.18
1.31
1.43
1.2
1.15
1.69
1.56
1.2
2.04
1.64
2.16
2.74
4.1
1.52
1.35
1.32
1.6
1.71
3.62
2.09
1.53
1.77
3.38
5.24
1.42
1.45
1.76
0.88
4
4.63
3.73
1.69
1.12
0.63
0.83
1.38
0.68
1.12
1.17
1.28
0.98
1.12
1.43
2.06
2.38
1.83
1.88
0.86
1.05
1.44
1.15
1.45
1.11
1.1
0.89
1.03
0.83
1.58
0.74
0.65
0.62
1.59
5.09
5.73
1.41
1.11
1.7
1.17
3.79
1.81
1.02
1.09
1.59
1.25
2.71
3.37
3
2.72
0.94
0.76
1.24
1.1
1.63
6.12
4.76
1.08
0.81
1.68
1.31
1.14
1.63
1.01
2.16
2.49
0.98
3.52
3.46
1.7
2.44
1.64
1.52
0.79
2.58
3.07
1.57
0.99
0.94
0.68
2.93
1.5
4.44
6.17
4.91
2.02
2.91
2.2
1.51
1.13
1.82
1.25
0.76
1.39
1.08
1.7
1.23
1.27
3.31
3.87
2.87
1.18
2.29
2.76
2.43
1.28
2.64
1.93
2.61
4.03
1.72
1
1.53
1.03
1.13
2.33
2.45
2.03
1.62
3.21
1.33
3.16
1.52
2.51
3.7
2.01
0.92
2.01
1.98
1.61
1.42
1.57
1.49
1.78
1.74
5.34
2.11
1.65
1.29
1.07
1.85
2.56
2.58
1.14
2.14
1.69
1.58
4.47
4.23
2.24
2.02
1.88
3.37
1.74
3.3
4.49
4.51
3.34
4.74
4.99
6.18
6.18
2.61
2.53
1.53
1.35
2.19
2.31
1.36
1.48
2.47
2.89
3.58
3.4
5.4
1.59
1.76
3.02
1.76
3.28
2.97
2.63
2.22
3.82
1.74
2.73
2.74
1.72
1.34
1.95
1.82
2.6
1.86
3.98
3.42
2.84
6.36
7.77
3.15
3.88
2.05
3.41
3.06
4.37
3.5
2
4.65
1.4
1.68
2.14
3.87
3.65
2.68
2.39
2.28
1.43
1.96
1.55
2.5
3.41
1.88
2.25
2.54
4.32
3.5
2.17
2.39
4.35
3.91
3.84
2.28
1.92
1.48
1.41
1.49
1.43
1.79
1.81
2.82
1.81
1.66
1.41
2.44
1.94
1.56
1.63
1.38
1.36
1.99
1.01
1.23
1.35
2.02
1.51
1.5
1.68
1.76
1.6
1.46
1.47
1.76
1.39
1.79
1.79
0.97
1.47
2.31
2.27
4.58
4.24
2.98
2.06
4.35
3.81
1.76
2.73
2.63
1.79
1.08
1.81
2.38
4.1
3.4
3.13
3.52
1.41
1.44
0.99
1.49
2.26
1.66
3.11
2.07
2.28
1.63
1.33
1.29
1.09
1.56
1.64
1.2
2.3
2.86
1.86
1.04
1.86
1.15
2.83
2.63
2.55
2.39
1.32
1.19
1.65
2.01
2.16
1.73
1.6
1.39
1.09
1.18
1.11
1.79
1.9
1.67
2.48
1.77
1.47
2.36
2.06
2.57
1.57
0.99
0.88
1.17
1.07
1.85
1.33
1.34
1.63
2.01
3.48
1.95
1.06
1.37
1.2
1.34
2.76
2.19
1.43
1.62
1.87
1.19
1.21
1.52
0.95
0.89
1.25
1.2
0.87
2.08
1.11
1.29
1.55
1.82
0.82
0.86
1.81
2.39
2.64
4.02
3.23
1.72
1.26
1.5
4.36
1.65
1.45
1.21
1.42
1.03
1.65
1.91
0.9
1.11
0.75
1.11
1.02
0.75
1.1
1.32
0.93
0.76
0.82
0.85
1.58
1.5
3.65
1.81
1.66
2.67
2.21
2.43
2.71
2
3.72
5.37
2.51
2.09
1.05
1.31
0.99
1.14
1.27
1.63
1.11
1.14
2.72
2.72
2.45
1.43
1.25
1.06
1.61
2
1.26
1.8
1.78
0.77
0.55
2.34
2.31
1.56
3.6
5.01
3.89
1.35
1.86
1.45
1.79
0.93
1.99
2.36
1.51
2.11
1.85
2.32
2.17
1.58
1.17
1.18
2.38
3.51
1.85
0.7
1.2
2.22
1.7
2.38
2.65
1.17
3.58
1.75
0.87
1.32
0.92
1.48
1.25
3.38
1.44
4
5.31
3.71
1.88
4.41
1.97
1.58
1.13
3.44
3.47
1.5
2.29
3.5
2.25
1.84
3.75
1.5
0.99
0.75
0.84
1.26
1.31
2.75
3.03
1.65
1.93
1.29
0.86
1.04
1.3
3.73
3.92
2.73
2.45
0.81
1.93
1.91
1.09
2.13
4.66
3.46
5.17
1.56
2.13
2.12
1.44
1.29
1.39
1.24
1.4
1.43
5.36
4.41
1.36
1.78
3.9
4.02
2.4
1.96
1.78
1.96
5.01
2.46
3.6
6.72
2.44
2.47
4.22
2.76
2.54
2.9
2.22
2.15
2.75
4.77
2.54
2.15
2.92
1.35
1.07
1.22
1.64
2.55
3.81
2.8
2.22
1.99
1.5
1.75
3.37
2.23
3.2
4.01
2.65
1.2
2.04
3.17
2.98
3.47
5.06
5.32
3.81
2.63
2.64
1.62
3.03
2.03
1.58
1.45
1.42
2.46
2.61
3.94
5.72
4.21
2.58
3.23
3.76
2.82
3.75
2.82
2.36
1.49
7.28
6.61
2.29
3.99
2.7
1.7
2.56
6.16
8.27
6.84
3.73
1.16
1.68
1.35
1.38
4.1
3.42
2.02
1.98
2.18
1.38
1.47
1.46
1.88
3.99
4
2.77
3.26
1.92
1.58
1.47
1.56
2.26
2.8
3.25
1.48
1.94
2.21
2.53
2.5
1.35
1.8
3.74
2.63
1.16
1.68
1.14
1.54
1.65
1.82
2.7
1.18
1.6
1.92
3.13
1.61
2.68
2.24
1.69
1.74
1.3
1.4
1.86
2
1.33
1.09
2.22
1.31
1.33
1.44
2.49
2.23
1.41
1.33
1.49
1.49
2.06
1.65
1.04
1.72
1.28
1.29
1.58
2.08
1.79
1.6
1.12
1.65
1.33
1.24
1.66
1.4
1.58
1.35
2.33
1.48
1.53
2.08
2.07
1.52
3.82
2.38
1.23
1.03
1.83
2.11
1.6
1.24
3.91
1.9
1.69
1.73
1.48
1.41
0.98
0.95
0.8
1.71
0.99
1.28
3.65
3.22
1.07
1.29
2.86
1.87
1.85
1.66
1.64
0.87
1.76
0.9
1.94
1.62
1.45
1.45
2.63
1.97
1.5
1.57
2.85
2
1.64
1.17
1.16
1.94
1.14
2.67
2.29
2.66
1.95
2.22
1.57
1.56
2.47
1.45
2.5
2.93
1.3
1.79
1.81
0.96
1.14
3.37
1.69
1.5
1.1
2.8
5.61
3.09
0.78
1.12
2.03
1.25
1.51
0.77
1.65
1.33
1.29
0.38
1.93
2.89
4.33
2.67
2.7
1.04
1.48
1.01
2.27
1.34
1.72
2.08
2.54
1.01
2.2
2.28
1.61
2.99
1.16
1.67
2.43
1.73
2.84
1.16
1.02
0.8
2.88
0.85
1.19
2.15
2.28
1.6
1.45
1.92
2.35
1.24
1.07
1.78
1.47
3.63
1.12
0.72
2.34
2.08
2.2
3.91
4.96
4.14
2.09
4.8
3.64
2.57
2.66
1.63
1.59
1.64
1.56
5.99
4.93
1.51
1.76
1.41
1.11
1.08
1.27
4.18
1.29
0.97
1.35
1.25
0.94
1.81
1.35
1.35
1.12
1.26
0.9
1.61
0.84
2.3
2.08
1.5
1.12
1.56
1.55
0.76
0.79
1.1
3
1.82
2.56
2.58
3.22
2.77
2.37
4.97
8.88
2.87
2.91
2.36
2.82
6.54
3.75
2.15
3.19
2.57
1.75
3.42
3.31
1.65
1.87
1.79
4.01
2.86
2.62
3.41
3.48
2.1
3.1
4.56
5.23
3.93
3.76
3.08
2.98
3.45
2.42
2.43
2.97
1.3
2.04
2.21
2.27
2
2.05
2.25
2.34
1.35
1.43
1.82
1.62
4.36
5.73
6.16
5.32
2.82
2.41
1.9
1.45
3.34
5.03
2.32
2.05
2.17
1.94
3.11
2.33
2.86
2.17
1.6
1.57
2.76
1.66
2.41
3.01
5.11
1.89
2.49
1.72
1.97
2.66
2.09
2.46
1.94
1.49
2.31
3.02
1.6
2.27
3.37
2.41
2.44
2.41
1.93
3.02
1.67
2.23
3.7
2.34
1.87
1.27
3.47
5.54
3.72
2.79
3.92
3.13
1.25
1.21
1.31
1.31
4.02
3.3
1.33
2.44
3.2
2.21
4.98
3.97
3.82
3.98
2.97
2.53
3.42
3.35
1.84
5.38
1.93
1.91
2.93
3.02
1.64
1.46
1.44
1.34
1.2
2.36
1.75
2.75
1.68
1.35
1.63
2.53
2.97
5.34
5.26
2.4
1.62
2.59
1.47
1.3
2.25
1.58
1.49
1.63
1.68
1.83
1.29
2.13
2.02
1.72
1.53
1.69
3.59
3.01
1.52
1.2
1.66
1.03
1.78
1.55
1.58
1.19
1.86
1.49
1.12
1.28
2.12
1.21
1.3
1.98
1.8
1.04
0.93
1.16
1.26
1.23
2.38
3.83
2.26
2.01
1.51
1.09
0.96
1.34
0.95
2.12
1.05
1.49
1.23
1.83
1.3
1.31
0.96
1.79
1.96
1.68
1.29
1.45
2.14
1.4
1.61
2.03
2.43
2.19
2.83
1.09
1.03
1.15
1.93
3.01
3.43
1.27
1.37
1.7
1.38
0.8
1.33
1.01
0.96
0.92
3.85
2.64
1.1
1.02
1.06
1.26
2.31
1.5
2.94
1.53
1.75
2.04
0.9
1.84
1.25
1.92
2.7
4.02
2.21
2.4
1.37
1.12
1.23
1.07
2.26
2.71
3.2
2.07
2.07
1.27
0.6
0.71
0.98
1.97
3.41
1.15
0.85
0.81
1.5
3.64
1.67
0.79
0.73
0.76
1.09
1.42
0.95
0.67
3.08
3.51
0.94
1.3
0.91
0.62
0.73
0.7
0.93
1.08
1.54
2.02
1.8
0.92
1.44
1.85
3.51
2.2
1.66
0.89
1.21
2.42
1.07
0.98
1.14
1.31
0.97
1.39
1.65
0.99
1.5
1.18
2.07
2.31
2.1
2.29
1.54
2
1.85
1.09
1.88
2.8
0.8
0.64
1.07
1.99
1.17
0.81
1.42
2.28
2.17
2.24
3.59
1.11
3.32
3.84
1.34
1.34
