19710101
0
3.97
3.07
0
0.67
0
0
0
0
0
0
0
0
0
0
11.48
0.66
0.02
0.02
1.52
2.33
1.05
0
0.69
0
0
2.89
0
0
0
0.35
0
0
0
0
0
0
0
0
0
0
0
0
0
14.8
1.39
1.37
0.23
0
0
0
0
0
0.23
0
0
2.61
0
0.01
0
0
1
0
1.24
4.29
1.34
0
3.19
0
0
0
0
0
0
0.78
5.36
0
0
0
0.75
23.58
0
0
0.4
7.05
0.28
0
2.61
1
0.47
2.02
3.26
0.64
5.07
0.07
0.05
0
0
0
0
0
0
0.22
0
0
0
2.99
0
0
0
0
0
0
0.2
0
2.64
0
6.79
0
16.44
0.12
2.14
4.97
0.04
1.43
1.92
0.06
0
0
0
0.03
0
0
0
0
0
0
0
0
0
0
0
1.05
0
0
0
1.37
0.17
0
3.12
8.72
2.67
10.34
1.67
1.3
0
0
1.01
8.71
0.09
0
0
0
0.56
0
3.39
1.82
4.44
0.76
0
0.37
0.49
0.03
0
3.41
0.14
10.62
0.39
8.86
0.26
0.52
0.06
0.04
0.33
0
0
0
0
0
0
0
0
0
18.19
0
1.23
0.61
30.05
20.97
0
0
0
0
0
0
0
0
0
0.16
0.03
0
6.84
0.04
0
0.01
0.05
1.39
0
0
6.39
0
0
0
7.33
0
0
0
0.88
0
0
0
0
0
0.05
9.69
0
0
0
15.52
0
0
0
7.85
0
0
0
0
0
0
0
0.01
0
0
0
5.38
0.01
0
2.24
0.04
0
0.09
0.03
0
0
0
0
0
0.24
0
0
15.93
0.09
0
0
0
0
0.01
0
0
0
0
0
0
0
0
0
12.53
0.38
0
0
0
0
0
0.01
0
0
0
0
0
0
0
0
0
0
4.44
1.58
0
0
0
0
0
0.06
0
2.26
5.13
0.01
0
0.03
0
0
0
0
17.5
0
1.99
20.17
5.91
0
0
0
0
7.52
4.28
2.66
3.97
11.64
0.91
0
0.01
0
0
0.01
0
0.38
0
0
0
0
0
0
0
0
0
8.82
1.41
0
0
0
0
0
0.01
0
0.04
0.11
0.26
8.57
0
8.36
6.48
0.07
0.43
2.29
0.16
0
0
0.07
0.02
0
0
0
0.01
3.96
1.18
0
0
0
0
0
0
0.01
0
0.08
10.91
5.98
2.81
0.01
0.09
0.01
0
0.04
0
0
0
0.01
0.97
0.26
0.09
23.31
2.73
0.86
0
0
0
0
0.56
0.05
0.14
3.63
0.14
0
2.02
1.61
2.49
5.8
0.16
0.06
2.12
3.39
0.31
1.08
2.45
0
1.47
0.13
0
3.2
2.11
0
0
0
0
0
0
0
0
0
0
0
0
0
0
7.85
2.77
0
0
0
3.46
0
0
0
17.27
0
0
0.05
0.01
0
1.37
4.98
8.12
2.61
0.15
8.7
0
0.09
0
7.83
4.96
0.01
0.25
0
0
0
0
2.06
0
0
0
0.32
9.01
0.39
0
4.94
0.99
1.78
6.72
15.97
1.17
3.85
7.76
7.02
5.3
3.05
0
2.31
21.4
0
3.83
0
0
2.21
1.38
0
36.26
7.92
0
0.02
13.34
5.07
5.18
0
0
0
0
0
2.61
0
0
0.1
0.75
3.06
0.01
0
1.51
12.9
6.75
3.11
1.09
0
0
12.28
0.18
0
0
0
0.02
0.6
7.59
0
0
0.03
0.34
0
7.91
1.76
0
0
17.72
18.04
28.8
45.21
30.16
12.25
2.46
0
2.66
0
1.09
0.11
14.66
1.94
0.86
8.26
23.99
0
0.01
28.61
5.53
4.69
0.45
2.31
4.37
4.63
0
0
0
0
0
0
0
0
0
0
0
20.29
0
3.82
27.2
4.24
1.1
0.23
0
0
1.69
0
0
7.31
0.13
0
0
0
0
0
0
0
0
0
0
10.69
3.61
0.79
0
1.01
0
7.22
2.76
2.89
1.33
0.28
0
2.84
0
0
0.02
0.05
0
0
0.35
0
0
0
0
0
0
0
0.57
0.08
5.17
0.1
0
0
0
0
0
0
0
0
0
0
0.47
1.11
1.26
3.47
0
0
0
0
0.76
0
0
0
0
0
0
0
0
0
0
0
0
0
17.95
0.1
0.02
5.14
6.68
0
0
36.94
0
9.92
0
2.92
9.93
0.19
0
0
0
0
0
2.66
3.02
0.03
0
0.02
0
0
0
0.01
8.55
0
0.02
0
0
0
0
0
0
0
0.16
0
0
0
0
0
0
0
0
0
0
0
0
0
0
0.61
0.54
0
0
0
0.06
0.3
0.11
0
0
0
0
0
16.87
0.01
3.02
0.16
1.93
0.02
1.06
8.99
4.17
0
0
0
0
0
0.84
1.77
5.4
2.32
0
0
0
0
0
0.01
0.01
11.01
0.03
0
0.48
3.43
0
0
0.1
0
0
0
0
0
0.13
0.32
0
0
0
0
0
0
0.05
0.23
0.05
0
9.11
0.07
1.64
0
0
0
2.35
3.45
0.78
0.04
0
0
0
0
0
0
0
0
0
0
0
0
0
0
0
0.47
4.29
5.24
0
0
0
0.31
0.77
0.08
0.27
0.08
11.7
2.54
9.53
1.32
0.07
3.08
7.36
16.1
6.59
3.55
0
0.01
12.72
3.3
0.39
0.31
0
0
0
0
0
0
0
0
0.04
0
0.02
0.05
0
6.12
0
0
0
8.73
0
0
0
0
0
0
0
3.36
3.7
5.75
0
0
0
0
0.02
0
0
0
0.37
0.41
0
13.78
10.47
0
0
0
0
0
0
4.26
0
0
0
0.01
0
0.34
4.57
20.49
3.6
22.22
0.18
0
0
0
23.03
0.05
0
0
0
0.09
3.03
9.25
0.61
0
0
0
0
3.87
8.68
0
0
0
0
5.51
3.79
0
0.7
12.2
0
13.71
0.49
1.49
0
0
0
0.01
0
0
8.53
10.24
0.01
0
0
0
1.04
0
0
0.74
0.14
0
0
0
0
0
0
0
8.04
0.55
0
0
0.03
0
0
0
12.19
11.67
0.27
0.76
0
0
0
0
0
0
0
0
0
8.77
0
0
0
0
0
0
0.26
4.4
9.77
0
0.17
0.76
3.26
54.07
21.3
1.27
4.52
0
0
1.01
0.09
0
0
0
0
0
0
0
0
0
0
1.3
0.19
0.16
0
22.31
1.04
10.86
0
0
0.01
0
2.04
0
0
0
0
0
0
0
0
0
0
0
0
0
28.91
0
0
0.35
0
0
0
0.45
0.09
2.02
0.01
0
0
0
0
0
0
0
0
7.05
4.53
0
0.01
0
0
0
0
0
0
0
0
0
16.48
0.05
0
0
0
0
0.27
0
0
1.18
0
0
0
0
0
0
0
0.54
0.09
0
0.03
0
0
7
9.52
2.66
0.01
0.75
0.44
4.68
0.45
0.07
1.33
1.29
0
0
0.02
0
9.26
0.66
3.84
7.64
6.57
0
0
0
0.28
0.02
0
0
0
0
0
0
2.58
1.82
0
0.99
6.81
0
18.62
0
0
0
0
0
0
0.02
4.5
0.03
0
0
0.49
0.26
0.07
0
0
3.52
1.35
0
0.03
0
0
0.13
0.01
0
7.36
11.94
11.14
0.07
1.58
0.39
0.45
0.16
0
0
0
0
0
0
0
0
0
0
0
0
0
0.08
0
0
4.05
0
0
0
0
0
0
0
0
0
0
0
0
0
0
3.23
0.01
0
0
0
0
0
0
0
1.03
1.07
0
0.45
6.04
14.68
0.68
2
3.14
1.47
34.57
0
0.15
4.48
11.28
1.72
2.09
0
0
5.58
0.25
0
0
10.78
0.28
0
0
0
0
0.32
0
8.93
0
7.26
2.09
0
0
0.01
0.03
0
3.39
3.69
0
0
0.58
0
4.87
7.28
0
4.95
7.38
0
0.25
4.59
0.31
8.36
1.97
0.23
0.11
0
0.16
4.33
0.59
0.13
0.03
0
0
0
0
26.91
0
10.03
0
11.25
0
0
7.2
0
0
1.19
0.04
0
0.34
0
0
0.04
0
1.17
9.17
0
0.76
0.02
0
0
4.68
6.53
0
0
0
0
0.03
0
0
0
0
0
7.01
0.01
0
2.26
8.98
20.85
6.69
0
0
0
0
0
0
0
0
0.07
23.9
0.45
13.6
2
14.32
16.29
8.29
3.22
0
0
0.55
4.67
0
0
3.97
0
0
0
0
0
0
0
0
0
0.02
0
0
0
0
0
8.88
0.49
4.63
4.25
27.41
4.43
1.5
0
0
8.3
5.96
0.75
19.61
0
19.21
4.99
3.19
0
9.7
1.54
0
0
22.56
0.07
0.02
8.95
0.72
0
0
0.03
34.18
12.66
0
0
0.01
0
1.23
0.3
4.13
0
0.06
2.43
0
0
0
2.14
4.83
6.52
0.22
0
0
0
0
0.01
0
0
0
0
0
0
4.84
0
0
0.13
0.21
0.02
15.43
0.21
0
3.74
0.01
0
0.12
0.08
0.01
0
0
7.31
0.07
4.42
0.17
0.23
6.4
0
0.02
0
0
0
0.02
0
0
0
0
0
0
0
0.05
0.05
0
2.9
0
0
0.46
0.87
0
0
0
0
0
0.71
0.83
0
0
0
0
0
0
0
0
0
0
0
0
0
0
0
0
0
0
3.42
0.04
0
0.13
0.03
0.15
1.11
1.16
0
0
0
0
0
0
0
0
0
0.17
8.97
0.01
0
0
0
2.87
0.19
0
0
0
0
0
0
0
0
0
0
0
0
0
0
0
0
0
0.06
0
7.01
1.5
8.03
0
5.58
3.13
5.39
2.38
14.36
0
0.1
0.03
0
0
0
0
6.93
5.4
0.39
0.11
0
2.96
0.02
0
0.31
0
0
0
0
14.83
0
0
0
0
1.02
10.29
0
0
0
0
0.06
0
0
0.43
0
0
0
0
0
0
0
0
0
0
0
0.01
0.56
5.81
3.84
0
0
4.97
0.06
6.16
0
0
0
0
0
0.08
0
3.53
2.52
10.56
0.64
0
5.16
0.09
0
1.33
1.43
5.93
0.58
0.07
0
0
0
0
5.05
14.71
0.72
0.09
0
0
0
0.48
0.29
17.49
11.35
3.81
3.66
0.75
0
0.24
30.7
5.48
0
0
5.3
12.68
20.36
38.75
4.48
0
0
0
0
0
0
0
8.29
0.03
51.48
0.04
0.34
11.33
1.61
1.64
0.45
23.22
0
0
0
0.95
4.16
0.5
0.04
0
0
0
0
2.16
9.85
5.55
0
1.11
0.88
0
12.65
0.37
0
0
0.03
3.3
0.03
0
0.01
0.08
0.98
12.14
0
0
0
0
0.49
23.21
1.26
0
1.29
2.04
3.53
3.36
0.06
1.29
0.12
1.16
0.14
20.31
0
0.2
0
0
0
4.78
8.52
0
0
0
0
0
0
0
0
0
0
0
0
0
0
0
0
0
0
1.83
0.31
2.18
0
0
0
0.69
0
0
0
0.01
12.58
15.25
2.22
0
11.47
16.62
0
0.2
0.35
0
0
0
0
0
0
0
0
0
0
0.02
0.14
0.09
0.04
0
0.01
0
0.01
0
6.23
0.04
0.08
0
1.48
1.65
0
0.02
10.02
7.66
0
1.85
0
0
0
0
0
0
0
0
0.01
0.03
3.2
0
0
0
0
0
0
0
0
0
0
0
0
0.02
0.06
4.4
25.01
0
0
0
0
0
0
0
0.03
0.68
0.01
0
0
0.02
0.01
0
0
0.03
0.24
0
1.47
0
0
0
0
0.45
0
0
0.11
0.93
0
0.63
1.68
0
0
0
0
0.49
0
0
0.01
0
0.94
0.09
0.59
6.2
0.01
0.05
0
0
0
0
0
0
0
0.2
4.85
1.05
0.62
6.22
2.07
0.56
0.06
0.01
0.01
0
0
0
0
0
0
0
0
0
0
0
0
0
0
0
0
0
16
7.69
0
0
0
0
0
0.17
2.05
0
0
0.54
0.48
0
0
0
0
0
0
0
0
0
0
0
0
0
0
0
0
0.07
6.91
0.05
0
0
0
0
0
0
0.75
2.08
0
0
0
0.08
0.02
4.77
4.51
14.34
1.83
48.88
0.41
0.02
0
0
0
0
0
1.62
0
0
0
0
0
0
0
1.44
25.03
0
0
0
0
0
0
8.55
19.37
3.09
8.65
0
0
0.17
4.05
0.48
0
8.84
7.47
0.94
10.18
0
0
0
0
0
0
0
0
0.48
0
5.12
0
0
6.37
0
0
0
0
0
0.04
0
0
0
0
0
0
0.09
0
0
0
0.33
0
0.55
0
0
0
0.04
0.02
0.14
0
1.24
0.64
2.27
0
0
0
0
20.06
28.5
1.16
3.35
0.06
0.04
1.47
8.64
0
0
0
3.15
8.72
0
0
0.28
1.91
0
3.61
0
0
1.93
0.02
1.51
0.37
0.02
0
12.34
6.74
0
0
0.02
6
1.08
2.5
0
0
0
0
0
0.38
4.6
0.28
3.05
0
6.74
16.77
0
0
0
0
0
6.08
0.1
0
0
4.76
7.3
5.22
3.03
1.64
0
0.01
0
0.93
0
0
0
0
0
0
0.99
4.3
0
0.45
1.35
0.46
1.39
0
0
0
0
0
0
0
1.68
0.12
3.6
11.64
9.46
0.51
0
0
0
0
0
0
0
0.02
0
0.62
0.09
13.5
0
0.01
0.05
5.71
3.02
0.01
0.33
2.22
0
0
0
13.02
4.66
11.65
8.25
1.11
0.01
0.06
0
0.03
6.51
4.16
0.24
0
2.61
2.02
0
0
0
0
0
2.45
20.97
13.59
5.55
0.01
0.06
5.64
0
5.03
18
0
0.52
0.01
0
0
0
0.05
0.87
0.21
0.01
0.2
0.05
0
0
0
0
0
10.02
3.18
0
0
0.14
7.88
11.39
2.01
0
0.17
0.27
0
2.79
0
0
3.08
5.68
5.19
7.36
0
0.02
0
0.13
0.24
0
0.01
0.23
0
0
10.72
0.73
0.01
5.85
0
3.49
1.63
0.64
0
0
0.07
19.5
0
0.02
0
2.55
3.95
6.14
0.91
0
0
0
0
0
0
0
4.74
4.3
0.1
0
0.04
2.44
0
0
0
1.1
0.16
0.09
0
0
0
0
0
0
0
6.75
6.31
0.15
0
0
0
0
0
0
0.03
0
0
0
0
0
0
8.39
1.59
13.9
0.01
0
0
1.85
7.21
0.9
0
3.28
23.36
5.55
0
0
3.03
1.31
3.01
0
0
0
0
0
0
0
0
0
6.36
0
0
0.01
0
0
0
0
0
0
0.26
0
0.07
0.42
0
0
0.01
0
0
1.89
3.44
0.74
6.18
0.04
2.68
0
0
0
0
0.6
0
0
0
0
0
0
0.11
3.53
0
0.01
0.05
0.47
0.1
0
0
0
0
0
0
0
0
0
13.36
0
0
0
12.88
0
16.28
0.1
0
0
0
14.38
0.52
0
1.07
6.89
0
0
0
0
0.17
0
3.22
0.01
7.33
4.27
0
0
0.01
10.97
12.42
0
0
0
0.05
0
9.53
0
0
0
5.02
4.76
0
0
0
0
13.16
1.53
0.59
0
0
0
0
0
0
1.21
15.24
0
4.32
1.17
2.11
0
0.02
0
6.6
7.32
0.3
34.09
0.26
8.15
0
0
0
0
7.89
0.07
0.15
0
0
0
0
0
0
0
0
0
14.73
0
0
0
6.02
0
0
0
3.48
4.09
4.94
1.33
0.06
0
0
0
0
0
0
0
0
0
6.54
0
0
0
0
0
0
0
0
1.85
0.5
0
0
0
0
0
0
0
0
0
0
0
0
0
0
0
0
0
0.69
0
0
0.01
1.39
0.01
0.03
0.44
0
0
0
0
0
0
0
30.57
0.08
2.03
0.01
0
0
0
0
0.4
0.05
0
0
0
9.46
0.38
0
0
1.11
0
0
0
0
0
10.61
4.16
0.09
3.73
2.66
0
0
0
0
1.43
0
0
0
0
0
0
0
0
3.55
0.01
0
1.59
2.63
0
0.08
3.25
0
0
0
0
1.21
0.22
0.16
0
0
0
0
1.18
0.18
0
0.38
1.14
4.01
0
0
0
0
0
0
1.56
0
0
0
0
2.42
0
0
0.46
2.03
3.18
0
0
0
1.05
0.01
0
5
8
0.01
0
0
0
0
0.02
0
13.82
0.08
0
0
0
0
0.08
6.37
1.18
0
0
0
0
0
6.02
3.14
0
0.02
0.03
0
0
0
0.29
0
0.09
0
0.78
0.01
0.04
1.54
0
0
9.42
8.53
0
5.64
0
0
0
0
0
0
5.57
0.72
0
0
0
0
0
0
0
6.93
16
15.43
0.73
4.67
0.15
0
0
0.13
0
0
0
0
0
0
0.07
0.85
0.18
0
0
7.23
0.09
0
0
1.84
11.96
2.61
5.16
0.5
0.81
0
0
18.05
1.46
1.88
0.82
0.94
2.99
10.93
1.49
1.07
25.71
0.05
0.11
0.08
0
0.05
2.17
7.48
0.83
0
0
0
0
0
0
0.01
0.01
23.52
0
25.78
4.81
9.5
1.6
0.05
0
0.02
0.65
0.9
0
0
3.2
0
0
5.5
8.95
0
0.09
0
0
0
0.02
0.95
0
0
14.42
1.62
3.45
1.18
10.1
4.7
1.41
6.1
1.87
0.25
0.99
0
0
24.96
15.21
2.79
12.06
0
0
0
0
0
0
0
0
0.21
0
0
0.02
1.75
0.12
0.09
0.01
0.03
0.88
10.18
2.51
1.05
3.3
0.07
0
0
0
10.69
6.46
0
0
0
0
0
0.06
0
0.37
0.63
0
0
7.07
0
0.43
1
0.23
0
0
0
1.13
0.14
0
0.09
1.84
5.5
0
0
0
0
0
0.38
0
0
0
1.06
0.36
0
0.08
0.08
9.89
1.09
0.12
21.99
15.36
2.36
1.87
2.64
0
0
0
0
0
0
0
0
0
0
0
0
0
0
0.14
0
0
0
0.05
0
1.26
0.53
0
0
0
0
0
0
0
0.01
0
0
0
0
0
0.01
0
0
0
0
0
0
0
0
0
0
0
0
0
0
0
0.1
13.06
12.27
0.11
0
0
0
0
0
0
0
0
0
0.63
0.34
0
0.01
0.05
1.9
0.01
0
4.52
0.93
0.35
7.64
0
0
0.22
0.95
0
0.43
0
0.01
7.06
3.48
0
0.41
3.98
0
0
0
0
0
0
0
18.27
4.9
11.75
0
0
0
0.01
3.46
0.03
0.01
0
0
0.19
0
0.04
6.84
0
0.02
0.18
0.49
21.1
0.25
0
0
0
0.6
0
0
0
0
0
8.03
7.87
1.91
0.35
0.04
3.83
9.67
7.76
10.77
5.86
0.03
0
0
0
0
0
0.86
0.01
0.79
0.62
0
0
0
0
0
0
1.04
3.98
0
0
0
0.45
0.09
0
0
2.53
0.62
0
0
0
0.8
16.5
0.04
0.01
0
0.09
4.33
0.8
6.12
0.08
0.63
0.01
0
0.5
3.21
11.57
7.52
0.09
0
0
0
0
0
0
0
0
0
0.03
0
0
0
0.04
0
0
8.43
9.42
12.58
5.67
9.98
0.18
2.04
3.44
17.59
2.96
0.01
4.95
0
0
0
0
0
1.08
0
0
0
0
0
0
0
0
0
0
0
0
0
0
0
0
0
0
0
0
0
0.01
0
0
0
0.09
0.12
1.54
7.81
0
12.49
0.16
16.62
14.28
1.06
31.87
4.73
12.72
12.18
24.51
3.49
0
0.65
0
0.08
0.47
0
7.23
0
10.2
2.06
3.98
14.39
0.01
0
0
0.73
2.77
1.27
0
0
8.06
12.55
0.99
0
0.27
5.14
0
0.08
16.18
8.58
12.73
0
0.01
0
16.88
3.94
1.59
1.11
10.49
0
0
0
9
18.73
0
0
0
1.81
2.63
2.75
0.08
0.22
0
0
0
0
0
0
25.63
0.77
0
0
0
7.04
0.45
0.26
0.06
1.27
0.16
0
0
0
0
2.07
3.53
0.05
0
0
0
0
0.05
0
0
0
0.01
0
0
0
0
0
0
0
0.03
5.58
14
0.24
0
0
0.29
3.28
0
0
0
0
0
0.75
12.42
0
0
0
0
0
0.02
1.62
0
0.47
0
5.62
1.5
0
0
0
0
0
0
0
0
0
6.04
0.23
9.45
0
0
0.02
0
0
1.82
0
0
0
14.19
16.98
0.74
0
0
1.18
21.16
3.41
7.63
9.11
10.11
0.14
0
0
0
0
0
0.19
0.13
1.53
0.74
0
0
0
0
0
0
0.03
0
0.02
0
0
4.41
0
0
3.25
4.93
0
0
0
8.51
2.52
1.09
6.37
2.18
2.67
0.66
0.29
0
9.66
0.78
0
0
0
0
0
0
3.63
3.35
0.28
0
0
0
0.53
0
0
0
5.9
5.52
0.02
0
0
0.02
0
0
6.59
0
0
0
1.44
0
0
0
0
6.17
0.09
0
0.01
3.44
0
0.75
0
0
0
1
0.05
0
0
0
0
0.11
0.01
0.01
0
0
0
0
0
0
0
0
0
0.08
0
0
0
0.07
0
0
4.95
0.16
0
0
0.03
0.05
0
0.28
3.06
0
0
0
0
4.23
2.34
0
4.35
0.31
0
1.35
0
0.03
2.02
0
0
0.1
9.23
4.45
0
0
0.1
0.49
1
0
0.03
0.01
0
0
0
0
0
0
2.56
4.74
2.41
11.66
4.06
0
0.15
3.87
0
0.02
0
0
0
0.75
0.5
0.97
11.73
10.73
0.5
0.01
0
11.39
3.81
0
0
0
0
0
0
0
3.21
0.65
0.02
0.33
0.09
0
0
0
0
1.78
0.11
0.09
0.11
0.13
2.63
0
0
0.6
0.69
0.09
0.85
0.1
5.15
0.12
0.9
0
0
0
5.36
0
14.73
6.01
0
12.41
4.32
0.94
6.69
0
6.96
0.33
22.98
0.14
17.24
0.26
15.94
0.86
1.05
0
0
4.35
0.67
0
12.48
0.04
0.31
0.1
0.86
0
0
10.13
0.14
0
0
0.5
16.6
0
0
0
0
0
2.22
0.16
0.21
3.68
0
0
0
0
20.49
0.02
0.01
0
0.59
1.73
10.5
0.01
11.88
1.59
0
0
0
0
0
0.58
0.03
0.03
0.72
10.77
0.23
0
0
0
0
0
27.54
16
0.87
0
0
0
0
0.03
4.15
9.12
3.81
5.56
0.04
0
2.54
0
0
0
0
0
0
0
0
0
0.04
0.01
0
0.61
0
0
0
0.01
0
0
0
0
0.38
0
1.31
37.68
10.1
2.96
4.81
13.66
0.99
0
0.36
0
9.32
1.17
0.09
0
0
0
0
0
22.28
0
0
0
0.02
0
0
0
3.74
6.02
10.34
13.84
4.49
4.03
0.03
2.04
0
0
14.95
1.59
0
0
0
0
1.3
0
0
0
0
0
0
0
14.76
7.38
1.66
3.3
2.07
0.68
0.06
0
0
0
0.38
0
0.11
0
0
0
0
0
0
3.3
3.58
0
2.26
6.53
0.28
0.08
0
0.03
0
0
0.83
0.01
0
0
0
0
0
0
0
4.27
0
0
0
0
0
0
0
0.08
3.68
0.01
0.01
0
0
0
0
0
0
0.05
0
0
0.09
0.28
0
0
0
0
0
0
0
0
0.1
0
0
0
0
0
2.87
5.54
0
0
0.01
0
0
0
0.56
0.46
0.16
6.07
5.81
0.7
0.82
0
0
0
0
1.05
6.72
1.73
0.72
0
0
0
0.84
0
0.53
0.5
1.63
6.29
0.04
0.14
3.17
1.21
3.17
0
0
0
0
1.56
0.36
0.05
4.06
0
0
0
0.01
0
0
0
0
0
0.31
0
0
0.65
0.13
0
0
0
0
0
0
0
0
0
0
0.02
0
0
0
8.67
0.01
4.44
1.72
0.05
0.01
0
17.4
4.78
3.91
12.89
0.06
0
0
0
0
0
12.7
0.05
0
0
0.54
0
0
0
1.15
0
0
11.55
2.79
0
0
0
0.34
11.21
0
0
0
0
0
0
0
3.7
0.02
3.32
4.97
0
1.81
0
1.82
0
0.35
0.06
36.24
56.14
22
0.02
0.05
3.39
0.9
18.32
1.21
0
15.31
0
0
0
0
0
0
4.23
0.28
0
0
0
0
0
0
0.55
1.53
0.85
0.39
0.39
0
0
0.14
11.03
0.01
0.45
0
0
0.51
12.77
0
0.45
0
0
0
0
0
0
0.23
1.75
0
0
0.01
0
0.05
0.04
0
0
0
0
0
0.03
4.94
0
0
0.16
15.74
0.03
6.45
3.35
0.08
0
1
3.12
0
0
0.45
6.31
0
0
0
0
0
0
0
11.9
1.86
0
0
10.83
5.25
0.54
1.79
0.15
0
0.12
0
0
0
13.96
21.09
0
0
0.35
12.13
1.98
3.42
0.25
8.57
0.33
0
0
0.01
0.07
0
0
1.64
9.45
0.08
0
0
0
0.01
0
0.06
0
0
3.74
6.4
0
0
0
0.56
4.8
0
0
0
0
0
0
0
0
2.58
0
0.15
0
0
0
0.23
0
0.45
0.38
0
0
0
0.13
0.15
0
0
0
0
0.33
1.15
1.08
4.84
2.46
1.07
0.48
4.55
0
0
0
0
1.07
1.63
5.1
6.2
0.09
6.95
7.29
0.09
0
0.3
5.01
0.2
14.35
20.86
0
0
4.75
4.44
5.27
0.02
0
0
0
1.48
0
0.58
22.05
0.58
0
0
0
0.02
0
0
0.79
3.48
0.01
0
0
0
0
0
0
0
0
0
0
0
0
0
0
0
3.05
0
0
0.4
0
0
0
0
0
0
0
0
0.27
0
0
0
0
0
0
0
0
0
0.01
0
0
0.83
3.59
0.99
0.1
3.7
0.11
0
0
0.02
3.05
0
0
0
0
0.32
0
0
0.14
0.33
0
0
0
0
0
0
3.54
0.1
0.01
0
0.02
0
0
0
0
0
0
0.07
15.79
0.83
0.01
0
1.16
0
0
0
0.03
0.8
0
0
0.1
7.83
0.64
0.54
0
0
0
0
0.07
0
0.02
0.57
0.01
0
0
0.01
0.38
0.28
0
0
0.12
0
0
0
0
0
2.32
6.86
3.34
16.99
11.37
0
0
0
0
0
0
0
0.02
2.33
9.71
2.27
1.69
25.07
0
0
0
0.83
4.54
0.07
0
0
1.04
0
0
0
0
1.44
0
0
8.62
3.68
12.02
11.53
0
0
1.49
0
1.21
0.64
0
9.5
0
1.56
0
0
0
17.09
0
9.57
0.18
0
0
0
17.74
0
8.97
0.93
0
0
0
0.55
34.06
0
0
0.01
1.48
0
11.34
0.26
0
0
5.09
14.22
12.71
4.26
9.23
0
0
0
0
23.43
0
0
0.43
17.64
0.07
0.25
15.09
13.4
7.22
0
0
0
0.19
4.01
0.08
3.91
31.2
0
0.13
15.75
1.51
0
0
0.64
0
0
0
7.38
3.74
0.03
0
0
0
0
0
0
0
34.65
0
3.82
0
0
0
0
0
0
0
0
0
0
0
0
0
12.5
0.22
0
0
0
0
0
0
36.85
0.63
0
1.32
10.65
18.96
4.81
0.53
9.05
0
0.68
10.4
0.11
15.77
3.1
0
0
0
0.14
0.04
0
0
0.2
2.07
0.23
0.01
0
0
0
0
0
0.08
0.49
0.07
0.01
0
0
0
0
0.04
0.02
0
0
17.18
12.03
0
3.47
0.2
0
0.12
0.05
0
0
0
0
0
0
0
0.01
0.9
2.95
0.98
0.05
0
0
0
0
0
1.44
3.87
23.54
0.05
0.03
0
0
0.46
0
0
25.35
0.72
0
12.31
17.57
2.96
3.81
0.11
0
0
0
0
0.11
0
0
0
0
0.08
2.52
0
0
0
0
0
0
0
0
2.55
0.25
7.87
0
0
0
0
0
0
0
0
0.05
0
0.02
0
0
5.52
0
0
0
0
0
0
13.12
8.46
0.55
3.07
14.18
13.23
0
0.3
2.46
0
0
0
0
0
0
0.04
0
0
0
0
0
2.94
0
0
0.02
0
0
0
0
0
0
0
0
0
0.04
0
0
0
0
0
0.01
0.78
0.72
0
19.01
0
6.33
12.8
2.01
0
0
10.69
0.01
0
1.18
1.31
4.52
0.06
0.45
0.13
0.84
0
0
0
0
0.5
0.08
0
0.3
1.03
0
0
0
0
0.46
14.05
0
0
0
0
0
0
0
0
2.04
0
2.02
2.95
0.56
0
0.79
32.08
2.82
0
0.31
0
0
0
0
0
0
0
0
0
0
2.1
2.21
22.24
7.73
1.41
0.94
0
3.49
0
0
0
2.08
0
0
4.56
0.66
0.54
0
0.17
1.34
2.53
0
0.06
0
2.28
1.41
0
0
20.79
1.49
0
4.56
0
0
0
4.38
1.6
3.2
0
0
0.4
0
0
0
0
0
7.1
2.59
0
0
8.42
1.6
3.59
0.97
0
0
0
0
33.7
3.27
0
0
0.24
1
0
0
0
0.51
2.13
0
0
0.33
20.67
8.08
0.06
7.16
0
4.25
0
0
0
0
0
0.06
0
0
0
0
0
0
0
0
0
0
0.64
0.24
0
0
0
27.66
0
0
0
0
33.84
0.17
0.11
3.36
0.31
0
0
0
9.43
0.75
0
0
0
16.8
5.94
0
0
0
0
0
0
1.82
1.34
0
0
0
0
0
0
0
0
0
0
0
0
0
0.23
0
32.38
0
0
0
0
0.13
36.76
0
0
0
0.04
0
0
0
0
0
0
0
0
0
0
0
0
0
0
0
0
0
0
0
0.07
0.18
0
0
0
0
0
0
0
0
0
0
0
0
0
0
0.24
26.65
0
0
0.03
0
0
0
0
0
0
0
0
0
0.17
0
0
0
0
0.05
0.09
0.34
0.47
5.42
4.49
0.26
2.53
0.41
0.25
0
3.36
0
0
0
0
0
0
0
15.15
3.02
0.02
0
0
5.45
0
0
0
0
0
2.46
1.35
0
2.73
0.23
4.92
1.21
6.91
0.19
2.1
13.15
0.27
0
0
5.1
5.33
0
0.06
0.61
0
1.25
0
1.99
4.05
0
0.16
0.03
0
0
0
0.6
0.47
0.25
0.06
0
1.1
1.36
0.22
0
3.76
24.04
1.33
4.65
1.56
0
0
0
7.75
3.34
0.71
0.05
0
0
0
0
0
0
0.13
0
0
0
0
0
0
0
0
0
0
0
0
0
0.03
1.41
0
0
8.09
6.08
0
0
2.83
5.21
0.09
0
0.1
0.03
0.03
4.34
0
0
8.65
3.19
0
0
2.51
0
0
0
0
0
0.09
1.4
0
0
0
0
0
0
4.76
0
0
0
0
0
0
5.29
7.11
0.6
6.84
0.18
0.01
1.63
0.98
0
0.79
0
0
0
16.26
1.82
0.38
2.8
2.71
0.61
6.17
7.6
9.19
3.13
0.17
0
0.19
0
0
0.01
0
0
2.24
0.98
0
2.79
1.42
0
0
2.53
3.68
0
2.02
0
0.14
0.09
1.33
0.6
12.66
1.48
0.72
0.06
0
1.96
24.25
2.43
0
29.84
9.33
0.14
0.42
4.06
0.34
0
0
0
0
0
0
0
16.52
3.38
0.09
0.18
2.1
4.04
6.41
0.01
3.9
0
0.44
0.31
0.17
1.17
0.02
0
0
11.05
0
0.11
0
0.01
21.36
5.76
0
4.41
0.01
0.31
0.54
0.05
0
0
0.02
0
0
0
0
0
0
0
0
0.33
0.21
0
0
0
0
0
0
0
0
0
0
16.64
0.7
7.71
0.03
12.69
0
0
0
0
2.63
6.66
0.2
0
0
0.75
4.92
7.53
19.03
4.16
32.53
0.41
0
0
0
0
0.03
3.69
6
0
5.21
0
0.12
0
0
0
0
0.07
0
0
0
0
0
0
0
2.7
1.99
0
0
0
0
2.34
0.78
2.05
0
0
0
0
0
0
0
0
0
0
0
0
0
0
0
0
0.01
4.67
4.07
17.55
3.8
11.87
0.24
0
0.16
0
0
0
0.66
0
0
0
0
0
0
0
0
0
0
0.03
0.06
0
0
0
0
0
0.15
0.06
0.56
7.91
0.02
0.32
0
0.26
0
0
1.98
8.62
3.97
0
0.31
0.99
2.14
0
0
0.15
0
0
0.39
0
0
0.07
0
0
0
0
1.15
0.69
1.02
0
0
0
0
0
0.01
0
0
11.62
0.01
0
0
0
0
0.19
1.31
0
0
0
0
0
0
1.71
3.14
9.44
3.64
0
0
0
0
0.01
0
0.01
0
0
0
0
0.02
0
2.6
0
0.02
0
0
0
6.09
2.42
0
0
0
0
0.12
0
1.13
7.25
0
0
0.37
0.62
0.21
24.55
6.26
17.47
0
3.31
2.86
2.48
0.05
0
0
14.06
0.75
0
0
0
0
2.67
0
0
0
1.04
1.13
2.77
0
7.81
0.03
3.49
0
4.53
1.42
0
3.2
1.79
0
0
0
0
1.77
1.82
0
0.11
3.97
13.89
0
0
0.04
21.93
0.61
0
3.17
6.03
19.34
0.23
0
0
0
0
0
0
0
38.52
5.4
0
8.92
0.07
10.92
10.54
2.63
0
0
0
0
0
0.19
0
0.47
0.05
3.48
0.06
0
0
15.05
7.9
20.41
1.19
1.46
0.55
0.12
5.74
1.21
6.28
0.56
12.02
0.05
0
4.49
0.75
2.51
4.64
0.01
0.15
13.2
2.67
2.5
0
1.12
18.03
3.72
0
0
0
0
0.01
11.43
0.01
0.63
0
0
0
0
0
0.01
7.82
0
0
3.18
0.96
0
0
0
0
0
11.22
0
0
0
11.87
0.29
2.87
0.9
15.28
0
24.76
0.28
0.42
0
0
0
0
0
0
0
0
5.01
7.05
2.27
0
0
0
0
0
0
8.31
0
0.35
0
0
0
9.68
0.05
27.75
0.37
0
0.27
0
0.7
2.39
0
0
0
0
0
0
0
0
0
0
0
0
0
0
0
0.87
0
0
0
0
0
0
0
0
0
0
0
0
0
2.73
0
0
0.3
0
2.12
0.06
0
0
0
0
0
0
0.31
0
0
0
0
0
0
0.01
0
5.81
13.27
0.26
0
0
13.21
0.26
0
0
0
22.03
3.84
8.1
11.42
0
0
0
0
11.06
4.99
17.11
3.85
0.96
6.47
1.69
0.2
0
0.08
0
0
0
0
0
0
0
0
0
0
0
0
0.06
16.14
12.22
0.01
0.04
0
0
0
0.15
0.01
0.08
0
0
0
0
0.07
13.96
0.2
0
34.06
1.09
5.56
0
8.19
0.3
3.29
0
0
0
0
0
0
5.29
0
0
0.68
0
0.02
0.01
0
0
0
0
0
0
25.29
0
0.06
0
0
0
1.25
2.79
6.08
1.04
0.05
0
0
0.1
0.25
7.82
24.91
12.59
0.23
0.01
0
0
1.26
10.98
1.11
0
0.01
0
0
0
1.06
0.2
0
0
0
1.32
4.26
0.73
10.12
1.17
0
0
1.22
0.02
2.12
0
0
1.68
4.81
3.06
0.06
0
0
0
0
0.04
0.08
0.01
0
0.92
19.29
0
0
0
0
3.42
0
1.09
0.16
0
0
0
0
0
0
7.45
0.33
0.7
2.59
2.2
0
0
4.65
0
5.56
2.55
0.21
0
0
0
0
0
0
0
11.18
11.6
0.04
0.01
0
0
0
0
0
0
11.85
0
0
0.13
0.37
0
0
0
1.69
4.43
0
4.84
0.13
0
0
0
10.02
0
0
0
0
34.16
0.46
0
0
1.26
6.61
30.57
4.67
3.55
0
0
0
0
0
2.01
16.95
0
1.21
0.77
0
6.84
17.23
0
0
2.81
0.47
0.03
0
0
0
0.42
3.28
0
0
0
0
0
0
2.1
8.33
0.1
0
0
20.51
0
0
0
0
0
0
0.13
0.05
0
0
0
0
34.58
0
0
0
0
0
7.69
0
6.97
0
0
0.45
5.57
0
0
9.88
0
0.21
0.01
0.1
0
0
0
0
0
0.23
7.18
1.19
0
0
17.4
26.62
0
0
0.51
32.2
0.19
0
0
0
0
1.41
0
0
0
0
0
12.58
6.19
0
0
0
0
0
0
0
12.22
0
0
0
0
0
0
0
1.19
0
0
0
0
0
0
0
0
0
0
0
0
0
0
0
0
0
0
0
0
0
0
8.94
0.14
0
0.02
32
0
0.02
10.06
1.61
0
0
0
0
0
0.14
0
0
0
0
0
0
0
0
0
0
0
0
0
0
0
0
0
0
2.07
0.86
23.08
1.68
1.86
0
0
0
0
0
0
0
0
0
0
0
0
0
0.03
0
0.01
0
0
12.03
4.8
0.2
0
0
11.75
0
0
0.36
0
0
0
0
0
0
0
0
0
0.32
8.03
0
0
0
0
0
0
0
11.47
14.22
0.07
0.03
16.71
0.89
0
4.74
7.95
0.01
0
0
0
0.02
0.08
0
0
0
0
0
0
0
0
0
0
0
0
0
0.45
0
0
0
0
1.76
0.04
0.39
0
4.07
6.53
3.3
15.1
11.88
0
0
0
0
0
0
0.03
0.58
2.6
7.68
0
0
0
0
0.06
0
0
0.78
0
0
0
0
0
0
0
0
21.44
6.01
0
0
0
0
0
0.52
0.05
27.72
1.55
0.49
16.51
3.68
4.81
0
0.14
0
0
0
0.55
0.72
17.41
11.66
0.15
0
0
0
0
0
0
0.1
18.35
1.01
0
0
0
0
0.87
0
0
0
0
0
0.51
4.32
10.5
16.68
9.22
0
0.1
0
0.35
7.49
1.16
17.34
1.09
0.29
8.78
0.04
0.25
0.6
5.42
0.04
2.33
4.89
0
0
0
12.77
8.65
0
0.05
0.01
0.04
0.02
2.35
8.32
2.36
0
0
0
5.14
0
0
0
0
0
0.92
26.76
3.6
1.46
0.66
2.91
7.98
10.8
0.04
5.05
0.55
0
0
0
0
0
0
0
0
0.01
0
0
0
0
8.24
0
0
0
1.69
0
3.39
1.08
0
0
0
0
0
0
0
0
40
29.48
0.1
4.13
0
1.82
2.7
1.78
0.88
25.16
73.25
3.57
0.01
6.1
0.06
2.08
1.41
0.9
0.52
5.06
0
3.66
0.28
0
14.31
2.73
0
0
0
0
0
10.32
0
0.16
2.73
0.09
0
0
0
0
0
0
0
19.63
0
0.22
0.01
0
0
0
0
0
0
0
0
0
0.06
0
0
0
0
13.74
0.01
11.86
16.26
0
0
0.02
0
0
0
0
0
0
0
2.83
0.02
0
5.59
0.01
3.38
0
0
0
0.01
4.89
0
0
0
0.28
4.09
0.03
0.4
7.58
0
0
0
0.01
0
0.65
5.57
0.01
0
0
0
0
0
0
3.85
0.03
0.17
12.51
22.52
0.6
0.25
5.99
0
0.56
0.4
0
0
2.27
5.01
0.04
0.83
3.12
1.48
10.05
7.08
0.01
0.34
0
0
0.85
2.5
1.72
0
0
0
0
0
0
1.04
0
0.18
3.14
2.61
2.27
1.65
0
0
0
0
0
0
0
0
0
0
0
0
0
0.01
0
0
0
4.75
0
0
0
0
0
0
0
0
0.03
0
0.01
0.07
0
4.75
1.27
0
0
24.1
2.1
0
0
2.25
11.16
0.02
0
5.37
0
0
0
0
10.92
2.49
2.16
6.13
0
19.33
0.1
0
0
0
0
0.1
0.06
2
0
0
2.37
7.95
1.02
2
5.21
0.03
0
0
0.02
0
0
18.76
0
0
0
0
0
0.01
0.07
0.08
0
0
0.19
0
0.48
0
0.19
0
15.42
0.02
2.05
0.34
5.89
0
0.12
0
0.49
5.17
0
0
0
0
1.13
0.01
1.15
2.33
3.7
3.21
0
1.28
2.98
0
0
0
0
0
0
0.09
3.92
0
5.16
0
0
0
0
1.81
1.56
0.04
0
0
0.01
8.86
1.85
2.22
0
0
0
0.04
0
0
0.37
0.8
1.8
0
0
0
1.93
18
0.46
0
0
0
0
0.78
10.35
0.65
0.06
0.01
4.45
9.56
0
0
0
12.45
0.23
0.79
0
0
1.06
2.48
0.06
0
0
8.88
4.63
0
0
1.08
0.44
0.24
0.05
7.98
0
0
0.19
0
0
0.37
0
0.01
8.36
1.18
0
0
0
1.46
4.88
3.82
0
0
13.43
0
15.7
1.63
3.83
0.39
4.2
2.55
0
0.22
0
0
0
0
0
7.76
0
17.46
0
0
0
0
0.82
12.24
0
0
0
0
0
0
0
0
0
0
0.31
1.19
0
0
0
3.83
41.57
8.04
1.25
0
16.97
0
0
0
4.11
0
0
0
24.88
0
0
1.71
0
0
0
0
0
0
3.71
31.54
4.42
6.58
0.08
0.01
0
0
0
0
0
0
0
0
0
0
0
0
0.2
0
0
0
0
1.53
11.48
39.63
3.37
0
0
0
0
0.27
0
0
0
0
0
0.06
18.98
6.93
0
0
1.1
1.98
0
0
0
0.13
0
0
0
1.74
0
0.01
0
0
0
0
0
0
0
0
2.5
1.71
0.01
0.21
0
0
0
0
11.16
0.01
0
0
0.41
0
0
0
0
2
0.06
12.93
0.35
2.24
2.77
0
0.67
0
0
0.01
0.53
0.23
0
0.45
0.97
0
0
0
0
0.14
0
0
0
0
0
0
0
0
0
0
0
0.07
0
0
0
0
0
3.18
0.24
0
0
0
0.04
0
0
0
0
0
0
0
0
0
0
0
0
0
0
0
0
0
0
0
0
0
0.11
0.09
0
0
0
0
0
0
0
0
0.44
1.68
0.06
0
0
1.05
0
0
1.48
0.23
0
3.88
2.74
0.58
0.02
5.13
1.43
0
14.21
0
0
0
0
0.01
0
0
0
0
0.44
0
0
0
0
6.32
0.01
0.24
8.1
0
5.55
0
0
0
0
0
1.55
0.01
0
8.23
10.5
3.08
0
1.27
0.02
0.17
0
0.02
0
0
0.02
3.74
8.07
3.04
0
0.46
1.73
5.17
0.01
0.05
0.69
0.02
0
0
0.01
5.57
0.34
0
19.48
8.18
2.02
0
0
0
2.67
0.06
0
0
0
0
0
3.9
6.03
19.59
23.38
5.35
13.91
2.04
3.36
0.33
0
0
0
0
0
0
1.13
0
0.23
0.88
5.05
12.67
0.2
0.75
5.08
0
4.52
0.06
0
0
0
0
1.06
0
0.19
2.95
3.3
12.05
0.54
7.52
0.77
0.37
3.04
0
0.16
0.11
0
7.53
0
0
0
0
12.68
3.56
0.65
0
0
0
0.97
0.23
1.8
0.14
2.43
0.66
0
0.01
0
1.43
0
0
0
0
0.04
35.06
7.65
6
0
5.51
0
0
62.38
2.98
0.29
1.63
0
0
0
15.41
9.24
10.15
0
0
0
0
0
0
0
0.19
1.53
16.55
0.26
0
0
0
0
1.37
23.35
20.16
19.5
2.58
7.7
0
0
4.79
6.55
11.42
0.59
0
0
0
0.01
0
2.21
2.94
0
3.17
0.39
0
0
0
0
0
0
0
0
0
0
0
9.67
15.99
0
0
0.23
0
2.02
0
0
0.01
2.39
3.53
0.02
0
0
0
0
0.14
0.74
0
0
0
0
0
0
0
0
0
0
0
0
0
2.79
0.01
0
0
0
0
0.36
0.05
6.09
0
0.34
0
0
0
0
0
0
0
0
0
0
0
0
0
12.24
0
0
0
0.01
0
0.05
0
0
0
0
0
0
0
0
0
0
0
0
0
0
0
0
0
0
3.51
0
17.43
0
0
0.92
0.25
0.02
0
0
0
0
0
0
0
0
0
0
0
0
0
0
0
0
0
0
0
0
0
0
0.05
0
0.28
0
0
0
0
0
0.11
0
38.09
0
0.05
1.13
0
0
0
0.26
0
0
0
0
0
0.66
0
0
5.89
0.17
0.02
0.14
0.13
0
0
0
0
0
0
0
0
0
0
0.68
3.9
0
0
0.16
0
0
0
0
0
0
0
0.56
0
0
0
0
0
0
0
0
0
0
0
0
0
0
16.09
0.11
7
0
5.51
0
0
0
0
0.25
3.61
0.09
1.93
15.65
0
0
0
0
0
0
0
1.73
0
0
2.47
2.24
5.49
6.74
2.86
11.82
0.21
1.85
0.13
0.01
0
0
0
0
0
0
0
0
0
1.75
8.07
0.62
1.12
0
0.02
0
0.68
0
2.44
5.28
3.22
0
0
0
12.79
0
6.25
21.52
0
0
0.22
0
0
0.67
0
3.51
0.01
3.72
0.34
12.67
0.33
27.05
20.41
3.04
0
2.62
0.14
10.94
3.73
0.01
0
17.39
0
0
9.71
0
2.55
0
0
0
0
1.08
0
0
11.43
0.01
9.31
4.58
0.06
2.9
0
0.43
0
22.75
0
0
0
0
0
0
14.68
0
0
0
0
0
2.3
0.02
0
0
0
0
0
0
0
0
0
0
0
0
0.91
2.69
0.02
0
0.03
2.38
0
0
0
4.61
0
13.89
0
0
0.23
19.86
0.01
0
0
0
0
0
0
0
0
0
11.59
0.05
0.58
5.96
6.36
0
27.85
0
0.01
0.32
0.12
0.15
0
0
0.75
0
0.51
0.99
0
7.45
7.67
0.01
0.02
9.9
0
2.01
7.65
0.56
0
0
3.38
0.14
0
2.8
2.44
0
0.21
6.88
0
0
0
0
0
0
0
0
0
0.01
0.58
7.51
0
0
0
0
0
0
14.15
0
10.32
1.03
29.93
20.35
1.8
4.9
0.02
2.13
0
0
0
0
0
0
0.16
0
0
0.02
0
0
0.06
0
0.03
7.76
0.2
3.32
1.88
0.3
8.61
5.11
9.56
0
0
0
9.63
0
0
0
0.08
5.41
0
4.12
7.68
3.37
0.91
0
0
3.95
1.54
1.72
3.58
0
0
0
0
0
0
4.89
3.6
1.92
0
0
0
1.79
3.47
0
0
1.51
3.55
0
1.3
10.01
0
0
0
0.01
2.47
0
0
0
0
0
0
0
0
0
0
0
0
0
0
0
0
0.01
0
0
0
0
0.01
0.03
12.44
0.71
6.92
0
4.65
3.76
1.12
0
0
0
0.1
0
0
0
0
0
0
0.15
0
0
0
0
0
0
0
0
0
0
0
0
0
0
0.42
0
0
0
0
0
0
0
0
1.41
0
0
0
0.01
0
4.54
0
4.19
0
8.63
1.73
0
0
0
1.82
0
0.11
0.01
0.5
0.03
0.21
0.02
0.95
0.59
1.19
0.63
0.03
4.38
1.23
15.63
0.15
0
0
0
0
1.22
0.07
0
0.01
0.05
0
0
1.13
1.47
20.72
0.48
0
0.23
0
0
1.15
14.38
0.71
1.93
0
0.26
0
7.53
23.1
16.35
2.77
0
0
0.44
0
0
0.57
2.64
0.79
0
0
0
0
1.04
0.1
2.14
9.37
0
4.34
0.03
0
0
3.12
0
0
0
0.01
0
0.02
4.93
4.34
2.69
0.48
7.17
0
0
14.93
0.02
15.31
39.08
0.62
0
0
0
0
0
0.75
0.24
0
0
0
0
0
0
0
17.24
22.17
0
0
15.92
0
0
2.75
17.52
0
0
8.73
4.78
0
6.92
19.97
1.33
0
0.1
10.16
2.48
0
0
0
0
0
0
0
1.73
0
0.06
0.1
0.44
15.36
0
0
16.44
1.55
0
0
0
0
1.3
8.17
6.59
0
3.4
0
0
0
0
0
0
0
0
0
0.09
0.04
0
0
0
6.88
1.6
6.5
3.46
0.11
0.08
0
0
5.25
0
2.29
19.77
0
0
0
0.02
0.02
0
0.44
0
12.31
0
0
0
0
0.11
10.76
0.01
0
0
4.6
0
0
2.97
0
0
32.35
7.48
0.08
0
0
0.01
0.52
0.06
0
0
0
0
0
0
0
0
0.22
20.03
0.26
2.12
0
0
7.34
0
0
0
0
1.18
5.6
21.73
7.28
0
12.18
16.25
24.38
5.08
1.77
6.59
0.03
0
0
0
0
0
0
0
0
0
0.03
0.21
5.34
0.01
0
0
0
0
0
0
0
0
0
0.18
0
6.68
4.45
9.21
0.06
0
0
0
2.29
0.16
0
0
0
0
0
0
0
0
0
0
0.02
0
2.35
0
0
0
0
0
0
0
0
0.91
1.63
3.7
0.19
0
0
0
0
0
0
0.47
0
0
0
0
0
0
2.99
0.31
0
0
0
2.55
0
0
1.67
1.48
0
6.35
0
0
0
0
1.23
0.51
0
0
0
0
0
0
0
0
0
0
0
0
0.32
1.64
0
0
0
0
0
0
0.15
0
0
0
0
0
4.74
10.74
0.07
2.07
1.86
3.93
28.48
0.01
5.2
0
0
0
0.55
0.4
0
0
1.03
0.04
0
0
0
0
0
0
4.72
0
0.71
0.06
0
0
0
0
0
0.07
1.87
0
0
0
1.72
0.04
12.26
0.06
0
0
0
0
0
0
0
0.05
8.68
8.37
4.5
0
0
0
0
0
0
0.99
3.13
4.99
1.1
5.69
7.47
0
0
0
0
0
0.29
0
0
7.25
0
21.27
0
0.26
0.08
0.12
1.64
0.47
4.66
1.6
32.76
1.68
0
0
0
0
0
1.59
19.15
0
0
0
0
0
0
0
0.52
0
0
0
0
3.57
0.31
2.47
0
1.87
0
0
0.2
6.3
1.27
0.27
0
2.61
0
0
21.5
0
0
0
0
0
0
0
0
0
0
0
0
0
0
0
0
0
0
0
0
0
0
0
0
0.13
0
0
0.06
0
0
0
0
0
0
0.32
11.19
0
0
0
0
0
0
0
0
21.13
0
0
16.85
0
0
0
0
0
0
0
0
0
4.62
0
0
0
0
0
0
0
0
0
0
0
0
0
0
11.18
0.02
0.01
0.01
0.7
9.73
18.52
0.58
8.99
0
0
3.28
0.01
0
0
0
0
7.65
29.69
4.54
1.07
0.03
16.32
0.39
0
0.3
3.28
0.04
0
0
39.57
22.13
1.99
0
0.02
30.14
0.61
0.03
0
0
0
0
1.66
2.37
0.17
0
0
0
25.73
9.29
0
0
0
1.22
0.11
1.45
0.59
0.01
0.75
0
0.44
1.57
0
0
0
2.85
2.51
25.44
4.5
0.82
3.02
6.95
4.49
0.06
0.21
0
0
0
0.41
0.29
0
0.17
0
0
0.74
0
0
0
0
0
0
0
0
0
0
0
1.22
0
0
0
0.51
0.01
0
0
0
0
0
0
0
0
0
0
0
0
0
0
0
0
0.33
0
1.54
0
1.24
0
0
0
0
0
0
0
0.1
0
0
0
0
0
0
0
0
0.11
0
1.56
0
0.05
0
0
0
0
5.59
7.23
0
0
0
0
8.63
2.75
0
0
0.26
0.02
0
0
0
0.04
0
0
0
0
0.74
0.76
0
0
0
0
0.31
2.07
3.2
0.01
0
0
0
0
0
0
0
0
6.57
0
0
1.53
2.42
0
0
0.57
11.29
1.33
0
0
2.3
0
0
0.03
0
0.03
0
0
0
0
0
0
0.16
0
0.53
0.08
0
0.06
0.92
0.25
3.86
17.34
0.75
0.64
2.42
0
0
0
0
0.91
0.02
0
0
0
0
0
0.59
0
0
0
0
0.74
0
3.33
0
0.12
2.02
0
0.03
8.67
0
0
0
1.08
0
0
0
0
19.32
0
0.91
1.93
0.12
17.99
0
0
0.64
0
0
8.66
1.32
1.97
1.85
0.91
2.89
0
0
0
0
0
0
0
2.44
0
0
0
0.09
7.53
1.85
0.81
0.19
1.45
1.96
0.05
7.85
0.03
0.84
0.08
0.03
0
0
3.3
2.34
0
0.71
0
0
0.09
0
0
0
0
12.77
3.81
0
0.37
2.03
2.35
0
0
0
0
0
0
0.11
0
0
0
0
0
0
8.05
14.82
0.03
3.4
1.12
0.03
0.31
1.37
0.04
0.02
9.71
13.24
0.3
0
0
0
0
8.59
0.08
0
0
2.01
0
0.57
5.28
0.02
0
0
0
0
0
0
5.58
1.73
0
2.79
22.71
0
0.15
14.93
3.11
2.74
0
0
0
0.32
0.28
0
0
0
0
3.63
2.97
0
1.25
6.9
0.14
0.02
11.58
10.53
14.18
0.05
0
0
0
0
0
0
0
0
0.14
0.56
0.68
17.19
1.29
0
3.43
1.39
0.02
5.47
9.06
12.26
0.1
0.04
0
0
0
0.63
7.26
0
7.05
0
0
0
0
0
6.84
23.35
0.07
0
0
0
0
0
0
1.61
0
0
0
4.78
0
0
11.23
0
2.88
0
0
0.02
0
17.72
0
0
21.24
6.29
20.13
3.82
0
0
0
0.36
12.96
0.04
0.22
4.47
0
0
0
0.04
0
0
0
0
0
0
0
0
0
0
0
0
0
0
0
0
0
5.12
0
0
0
0
0
0
0
0
0
0
0
0
2.72
0.14
0.01
1.78
1.64
3.07
0.36
0
0
0.01
0
0
0
0
0
0
5.36
0.01
0
0
0
0.09
0.74
0
0
0
0
0.03
2.48
0.09
1.24
0
0
0
0
0
0.43
0.03
0
0
0.56
0.63
0.02
0
0.85
0
12.41
1.77
0
0
0
0
16.9
9.01
0.05
2.54
2.3
0
0
0
7.35
24.14
21.65
3.69
0.93
0.01
0
0.71
12.16
2.15
0
0
0
0
0
0.11
0
0.94
0
0
0
0
4.65
0
0
0.11
11.65
0
0
0
0
0.93
0.28
0.32
1.39
0.01
0
0
0
1.38
8.93
4.35
0
0
0
0.94
4.33
0.42
5.6
0.52
10.32
1.14
0
0
0
3.68
14.79
4.72
0
0
0
11.42
3.84
1.24
21.59
0.2
0
0
14.93
0
0
0
0
0
0
0.35
0
0
0
0
12.35
0.11
0
0
0
0
0
0.69
0.08
8.31
0
2.49
4.08
0
8.94
0
0
0.05
0
0
14.28
4.03
5.57
0
0
0
0
0
0
0.07
0
0
0
0
0
0
0
0
0
0
0
10.13
0
0
11.08
0.65
33.02
0
0
0
2.87
15.5
3.93
21.11
0
12
1.84
29.53
8.46
0
0
0
4.26
0.02
2.96
0
12.71
11.78
0
0.04
0
0
0.03
0.42
0
0
0
0.2
13.05
0
17.68
7.3
0.25
0
0
0
0
0
0
0
0.67
11.46
0
0
0
0
2.46
8.95
10.15
0
0
5.16
0
0
0
0
0
0
0
0
0
0
0
0
0
0.03
0
2.21
32.82
0
6.33
0
28.4
0.65
0
0
0
0
0
0
0
0.01
1.83
0.03
0.17
10.38
14.55
0.38
0.22
0
0.81
1.58
0
0.45
0.14
0.02
0
0
0
0
0.29
0.58
0.15
0
0
0.13
0
0
0
0.11
1.39
4.07
0
0
4.82
5.7
0.83
0
0
0
0
0
0
0
0.2
2.59
16.25
0.85
0.15
2.19
0.06
0
0.05
0.97
0
10.4
0
0
0
0
0.59
0.28
0.02
0
0
0
0
0
0.15
0
0
0
0
0
1.12
6.25
0
0.2
0.01
6.34
1
0
6.21
0.03
0.04
0
0
0
0
0
0
0
1.82
0
0
0
0
0
0
0
0.71
6.17
0.02
7.03
3.17
9.75
0
0
0
0
12.08
0.6
0
35.46
0.15
0
0
33.25
0.09
21.49
0
0.22
0
0
0
0
0
0
0.68
0.78
0.04
4.01
0
0
12.49
2.42
0
0
1.3
0
0.7
0
15.34
0
2
0
0
0.41
0.02
0
0
0.22
0
0.26
0
0
0.93
1.95
1.13
0.59
7.12
0.04
0
0
0
0
0
0
0
0
12.01
11.96
0.81
0
5.6
0
1.2
0.01
0
0
0
0
0.1
0.45
0.56
5.95
0.69
0
22.2
4.44
0.03
0
0.13
8.8
4.83
5.86
11.05
6.43
0
0
0
0
0
0
0
2.16
8.12
15.88
0.94
0
0.12
12.05
2.08
29.32
7.29
0
4.22
0
15.42
1.68
3.4
0.03
4.7
1.78
0
0.17
0
0
2.32
8.45
1.6
3.8
6.08
4.51
0.1
0
0
0
0
15.11
0
0.06
23.36
3.86
0
0
0
0
0
0
0
0.22
5.05
10.15
0.02
0.66
0
0
0
0
0
0
0
0
0
17.4
6.68
0
0
0.8
4.46
0.24
0.25
1.49
0
0.06
9.94
10.09
0
0
0
0
0
0
0
0.18
0.42
22.19
0.03
3.86
0
0
0
0.71
0
2.07
47.25
0.31
0.22
0.29
2.71
0.1
8.66
13.96
0
0
0.33
12.85
0
0
0
0
2.38
29.05
12.82
0
0
0
19.04
0
0
0
0
0
0
0
0.5
10.33
1.5
0.03
0.22
0
0
0
0
0
0
0
0
0
0
0
0
0
0
0
0
0
0
0
0.06
0
0
0
0
0
0
0.49
0.02
1.29
0.11
6.51
0.05
0
0
2.75
0.44
0
0
0
0
0
0
0.54
0.01
0
0.55
18.67
0
0.01
0
0
0
0
0
0
0
0
7.46
1.18
0.64
0.4
0
0.85
4.94
5.7
16.43
4.86
0
0
0
1.03
2.72
19.79
1.02
0
0
0.05
0.03
0
0
1.24
0
0
0
0.02
16.65
0
0
0
0.22
14.79
3.92
2.12
0
0
0
0.06
3.17
22.6
0.08
0
0
0
0
0
0
0
0
0
2.33
1.24
1.78
0
3.8
10
0.47
0.49
5.36
0
0
0
0
0
0
13.43
0.84
0
0
0.54
1.61
0
0
0
0
9.53
0
0
0.13
0
0
7.29
0
0
0
0
0
0
0
0
0
0.07
1.87
1.13
0.07
0
0
0.31
0
0
0
0
0
4.98
2.15
0
0
0.08
0.87
0
0
0
0
0
0
0.02
0
0
0
0
0.82
0.04
3.19
2.17
36.27
18.87
18.22
0.38
0
0
0
3.25
0
0.16
9.5
0.42
12.65
2.79
0
0
0
0
0
0
0
0
3.4
0
0.05
0.22
0
0.2
0.8
3.55
0
1.99
0.01
0
0
4.05
25.67
1.45
0
0.8
21.82
3.14
3.55
0.1
0
0
0
0
25.34
0
11.14
0.02
0
4.09
12.3
12.83
0.14
0
0
0
0
0
0
0
0
0
0
0
0
0
0
0
1.01
0
0
0
0
0
11.54
3.26
8.29
13.44
5.4
0
3.43
2.48
0.36
0.02
22.19
6.5
18.56
37.69
0
0
0
0.05
0.15
1.89
0
0.22
7.78
0.07
0
0
3.12
0
0
0.08
0
0
0
0
0
7.41
7.18
0
0
19.08
0
0.76
0
0
0
1.23
0
0
0
5.33
1.67
0
0
2.33
32.67
4.76
4.55
18.53
8.91
0.07
0
0
0
0
0
0
0.23
1.03
0
0
10.29
0
0.54
0
5.36
28.27
15.19
0.67
1.22
0
7.91
0
1.08
0
0
1.23
0.32
3.39
1.13
0
0
0.11
2.75
0.95
4.2
9.08
40.42
1.24
1.79
0.26
1.03
0.89
0
0
0
5.49
0
0.72
8.67
0.14
0
0
0
0
0
0
0
0
0
4.83
4.88
1.05
0
9.36
11.92
0
0.01
0
0
0
0.25
0.13
4.82
0
0
0.06
0
0
0
0
0
0
0.59
0
0
0
0
0
0
0
5.56
1.79
5.84
0.01
8.62
4.36
9.42
0
0
5.66
1.49
0
4.07
0
2.04
0
0
0
0
0
0
0.01
0
1.08
0.55
0.31
0.25
6.1
2.05
0
0
0.01
0
0.05
10.33
0
7.02
3.35
4.59
0.82
0
0
1.11
2.02
0
1.31
3.37
5.02
3.78
2.93
0
0.02
0
0
4.48
3.07
1.77
0
0
0
0
0
0
0
0.03
2.85
0.12
0.05
0.07
0
1.33
0
0
0
0
0
0
0
0
0
0
0
0
0
0
0
0
0
0
2.03
0
0
0
0
0.37
0
0
0
0
0
0
0
3.24
1.23
0
0
0
0
0
0
0
0
0
0
0
0
0
0
0
0
0.29
0.34
4.24
3.41
0.13
1.94
0.39
0.71
0.09
0
0
0
1.91
0
0
3.29
0
0
0
0
0.15
0.46
0
0
0
0
0.01
2.31
0
0.3
0.79
2.53
0
0
0.13
3.51
2.7
0
0
0
0
0
1.88
0.03
0.61
0.02
0
0
0
0
0
2.59
0.88
1.3
0.04
0.03
0
0
0
0
0
0
0.03
0
0
0.19
24.86
18.08
9.04
7.39
0.02
1.87
2.97
0.65
0
0
0
0.07
0.9
14.21
0.01
0
0.69
0
0
0
1.78
0
3.54
0.84
21.99
0
0.12
17.84
1.88
10.74
3.22
0
7.9
4.78
13.15
0
0.05
0
0.07
0
19.29
1.07
0
0
0.02
23.29
16.99
20.59
2.49
0
3.97
6.73
0.23
12.17
4.99
0.08
0.31
9.97
7.47
2.25
0
0.45
0.26
11.22
8.61
8.26
0
0
0.38
3.29
0
15.9
3.34
0.1
0
0
0.36
10.09
0
1.4
0.48
0.1
0
0
0
0
0.21
0
0
7.81
0.02
0
0.14
0
0
0
0
0
0.03
4.31
20
0
0
0
0
0
0
0
4.6
20.31
0
0
0
0
0
16.04
0.4
0
0
0
0
0.86
0
0
0
0
0
0
0
0
0
0
2.65
1.94
0.41
0
0
0
0
0
0
0
4.35
1.21
3.41
0
0
0
0
0
0
0
0
0.07
0
0
0
0
0.11
0.27
0
0
0
0
0
0
0
0
0
0
0.41
5.11
1.32
0.02
0.83
14.67
23.98
0.53
0
7.76
0.41
0.25
0
0
0
0
13.84
1.16
0.01
0.11
0.33
0.65
4.32
4.52
6.94
1.32
17.58
0
0
0
0
0
5.6
0
0.47
6.39
0
0
1.85
2.68
0
0.46
0
9.18
0.98
0.93
0
0
0.04
6.03
0
0
0
0
0
0.02
0.06
0.85
0
0.46
0
0
0
0
0
0
0
0
0
0
0.02
0
0
0.78
0
0.94
1.09
0.01
0
0
0
0
0
0
0
0
0
0
0
0
0
0
0
0
0
0
0
0
0
0
0
0
0
0
0
0
0
0
0
0.73
0
0
0
3.02
14.85
0
0
0
1.68
0
1.16
0.29
0.05
0.1
0
0
0
0.39
0
11.06
18.27
0.74
0.13
0.72
0.21
0
0
0
0
0
0
0
0
0
0
0
0.69
0
0
3.34
10.36
1.4
0.86
4.64
0.76
4.53
0.05
1.17
7.96
0
7.53
0.01
18.94
0
0
0
0.03
0
4.68
0
0
0
0
3.06
0
0.5
0.18
2.63
11.29
0
0
0
0
0
0
0
0
1.18
0
0
0.24
3.94
3.89
7.8
0
13.58
0
0
4.64
0.02
0.07
0
0
0.08
0
0
0.25
0
0.08
0.48
0
0
0
6
0
0
7.41
7.56
8.01
0
2.97
1.13
1.66
0.03
0
0
0
5.13
0
0.55
0
0
13.04
6.96
0.18
33.36
0
3.66
0.52
0
1.59
0.09
47.56
0.84
2.67
0
3.45
9.28
1.86
19.82
0
0.38
2.95
0
0
0
0
0
0
0
0.38
0
0.05
14.05
0
0
12.16
0
0
0
3.91
0.05
0
0
0
0
0
0
0
0
0
0
0
0
0
4.38
0.01
0.27
25.82
0
15.55
0
0
31.18
0
0
0
0.15
0.02
0
7.49
0
36.64
0.16
0
0
0
0
0.03
45.38
8.59
10.34
0.07
15.45
1.85
0.18
0
0.23
0
0
0
0
0
0.34
3.25
37.38
0.25
0.17
4.46
3.08
0
0
16.07
3.46
0.87
4
0
0
1.66
9.52
0
0.21
0
0
0
10.45
19.32
0
0
0
0
0.4
6.78
0.01
0
0
8.36
0.01
0
0
1.18
4.36
65.7
3.68
0
0.01
0
0.3
12.21
0
0
0
10.28
0
0
0.22
0
0.02
0.02
1.07
5.49
1.19
0
0.28
0.67
0
0
0.31
0.22
3.1
0.29
0
12.77
0
0
0
1.07
0
0.18
0.74
0.19
0.88
3.05
0.42
0
0
0
0
9.52
0.86
0.09
0.03
0
0
0
0
0
0
0
0.25
0
0.01
2.29
0
0
0
0
3.67
0
3.3
3.4
0.08
0
0
0
0
0
0
0
0
0
0
0
0
0
2.32
0.54
0.89
0.01
0
0
0.01
0.83
0
0
0
0
0
0
19.61
0.95
0.42
0.04
3.61
0.28
0
0
0.1
0
0.15
0.21
1.53
5.98
0
0
0
0
0
0
0
0
0
0.02
3.16
1.27
2.69
0
0
0
0
0
0
0.16
0
0.04
0.25
0.02
0
0
0
3.73
0
0
0
0
3.04
20.4
0.63
0
0
0
0
0
0
0
0
3.09
1.92
0
0.88
0.83
0.18
5.32
0.59
0
22.72
9.92
2.81
2.29
2.19
0.01
1.21
3.4
2.08
0
0
0
0
0
0
6.96
1.5
0
17.23
1.41
0
0
1.5
0.93
0
0.02
4.74
1.3
22.64
9.09
0
0
0
0
43.02
1.31
0.03
0
0
0
0.01
0
0
0
0
0.57
0
0.33
0
15.4
0
0
0
18.09
0
0
24.89
0
0
0
0.06
0
1.2
0.18
0
0
31.1
0.18
0
0
0
0
0
0.87
0
0
0
1.64
0
0
0
0.61
21.34
0
14.75
18.16
4.95
8.88
0
3.18
0
0
0
0
0
0
0.48
8.96
0.01
0.02
0.02
12.59
0
0
0
0
0
0
0.27
5.86
0.38
0
1.93
14.16
0
0
7.83
0.24
1.15
0.23
0
0
25.17
1.71
0
0.31
17.43
0
0
0
0
0
0.32
0.01
0.01
0.63
18.4
0
4.86
0.49
4.55
0.91
0.28
0
0
0.06
0
0
0
0
0
0
0
0
0
3.27
0.51
0
14.17
0
0
0
0
1.42
0.02
4.98
0
0.05
0.03
0
0.96
18.31
0
0
0
0.01
0.08
0
0
0
0
0
0
0
0
0
0
0
0.13
0
4.44
0
0.61
12.24
0
0.1
1.69
0
0
0
0
0
0
0
7.82
0.03
5.31
15.11
0
0
0
0
0.05
0.02
0.09
11.3
0
21.44
0
11.67
0
0
0
0
0
0
0
0
0
0
0
0
0.66
0.24
0
0
0
0
15.8
0.01
18.87
0.02
3.47
0.59
0
0
0
4.7
0
0
0
0
0
0.36
4.57
0.01
15.45
0
0
0
0.91
1.52
0
0
0
0
0
0
0
0.03
0
0
0.06
0.21
0
0
0
3.66
0
0
0.87
0
0
0
0
0
0
0
0
2.68
0
0
0
0
0
0
0
0
0.14
0.27
0
0
0
0
0
0
14.45
0
0
0
0
0.07
0
0.63
0
0
0
0
0
0
19.98
0
0
0.4
0
0
0
0
0.01
0.02
0
0
0
0.11
0
0.85
6.65
0
0.73
0
0
0
0
0.88
0.01
5.05
0
0
7.72
0.23
0
4.17
0
0.28
2.52
9.61
0
0.31
0
0
0
0.27
0.03
0
0
0.01
0
0
0
0
0
0
0
0
5.87
0
0
0
0.02
3.63
2.18
5.04
0
0
0
0
0
0
0
0
0
0
8.91
0
0
0
0
0
1.48
8.78
3.56
0.04
24.74
0
0
0
0
0
3.48
0.31
0
0.14
0
0
0
0
0
13.47
0.36
0
0
0
0.01
0
0
0
8.84
0
0
0
0
0
0
0
0
6.53
3.82
0.95
0
0
0
0.96
0.04
0
0
0
0.27
0
0.96
9.84
3.95
0
4.57
0.82
0
32.04
8.53
0
0
2.43
2.4
0
0
0.34
0.64
0
0
4.2
0
17.71
0
1.38
1.63
0
0
0
3.93
6.04
0
0.33
0.46
0.17
0
0.12
0.03
0
2.76
0
0
0
0
0
0
0
0
0.11
0
0
0
0
0
0
1.61
22.75
1.64
10.94
3.23
0.35
0.1
0.3
4.14
0
0
0
0
0
0
2.1
0.15
43.33
0
0
0
0.04
2.54
0
0.03
0
0
0
0
0
0
2.28
9
9.88
1.34
0.02
0
3.78
2.13
0
15.47
4.46
0
0
0
0
0
0
2.78
0.01
0.52
0
0
0
0
0
0
0.91
6.69
0
0
0
9.92
6.46
0
6.36
3.4
1.56
5.7
2.05
0.03
3.06
0
0
0
0
0
3.84
5.94
6.23
2.53
2.26
0
0.16
0
0
0.71
9.1
0.55
0
0
0
0
0.02
0.02
0.39
0.53
0.35
0.32
0.13
0
1.12
0.01
0
0
0
0.15
21.45
0
0
0
0.38
0
0
0.01
0
0
2.74
10.65
14.98
1.21
13.4
2.19
0
0
0.78
0.07
0
0
0
0.63
8.66
0
0
0
0
0
0
0
0.07
0
0
0
0
0.02
0.23
1.04
1.04
4.75
0.75
9.37
0
0.08
0.85
0
0.05
0
0
0
0
0
0
0
0
0
0
0
0
0
0
0
0
0
0
0
0
0
0.14
0
0
0
0
7.79
0.03
4.6
0.88
0.14
3.77
0
0
0
0
0
0
0
23.92
2.64
0
0
0.18
0
10.08
0
0.44
1.26
0
0
10.1
5.21
0.07
0.09
0
0
0.01
0
0
0
0.71
3.46
0
14.47
8.05
0
1.13
4.2
0
0
0
0
3.17
0.04
0
11
0.93
0.07
1.11
0
0
0.06
1.62
0
0
0
0
0
0
0
5.81
1.4
0.34
1.03
4.12
2.16
0
1.04
0
0
0
0
0
0
5.96
0
0
0
0
0
0
0
0
0
0
0
1.9
5.36
0
0
21.77
0
0
5.91
0
0
0
0
17.17
0
0
0.07
0
1.19
6.86
0
0
0.03
0
7.44
0
0
0
0
0
6.48
0
0.2
4.79
0.01
2.38
2.78
0.01
0
0
14.88
0.05
9.49
1.17
0
0
0
0
3.54
7.72
0.22
0
2.86
4.34
0.14
1.04
1.98
0.01
0
0
0
0
1.27
0
0
0
0
0
0
0
0
0
0
7.13
0.06
0
0
0
0
0
0
0
0.84
0.05
0
0
1.08
0
0
0
0.02
0
0
0
3.28
0.01
8.81
0
23.33
18.91
2.29
0.32
24.56
11.45
0
0
0.83
0
21.79
6.11
7.03
11.57
0.19
0
0
0
1.24
15.44
6.65
2.67
0.88
0
0
0.31
1.21
0
0
0
2.09
0
0
0
0
0
0
0
0
0
0
0
0
0
0
0.05
0
3.35
0.01
0.22
1.88
0.02
0
0
0
0.01
0
0
0
0
0
0
0
0
0
12.8
5.74
0
3.79
2.81
6.69
0
0
0
0
0
0
0
0
0.17
0.04
0.01
0
0.08
2.53
0
0.31
0.08
0
0
0
0
0.02
3.09
0
0
0
0.18
1.78
4.63
0.01
0
0
0.23
2.04
0.02
0
0
0
4.51
0.01
0
0
4.64
0
0
0
0.96
0.04
0
0
0
0
0
0
0
0
0
0
0
0
2.71
0.04
0.01
0.03
0.03
0
0
0
0.22
0
0
0.15
0
0.02
0
0
0
0
0
0
0
0
0
0
1.88
3.95
0
0.54
1.83
0
0
0
0
0
0.71
9.82
4.75
0
0
1.76
0
0.26
0
0
0
0
5.02
0.63
0.3
0.31
0
0
0
0
0
0
0
0
0
0
0
0
0
0
0
0.01
1.01
3.01
1.05
0.55
0.34
0
0
0
0
0
0
0
0
0
0
0.4
0
0
0
0
0.48
2.76
0.77
18.47
4.64
0.87
0.02
0.86
8
2.12
6.45
2.82
0
0
3.21
4.15
0
1.29
15.83
0
1.16
0
0
0
0
1.16
0.06
0
0
0
0
0
0
5.51
0.48
5.68
0
0
0
0
0
0
4
0
0
0.82
17
0
0.22
0.27
0
0
0.07
1.06
0
0
0
0.01
2.29
2.39
0.1
6.93
8.06
0
0
0
0.11
0.21
0.01
0
0
0
0
0
0
0
10.87
1.29
0
0
18.29
0.01
0
0
0
0
6.94
0
9.27
2.9
0
0
0
0
0
0.01
25.13
4.34
0.33
0
4.03
0
0
2.05
15.73
0
11.91
0
0
0
0
2.42
15.63
13.56
0.18
0
0
8.59
0
19.13
10.43
1.43
0
0.01
22.06
4.63
0.22
0.06
0.02
0.42
0.07
0
0.61
0.02
4.42
3.3
0.01
0
0
0
0
0.19
0.01
0.01
0.35
2.67
0
0
0
3.42
0
0
0
0
9.83
0.1
0
0
0
1.97
0.05
0
0
0.04
6.79
3.06
4.99
14.72
1.34
3.45
0
0.09
0.01
0
0
0
0
0
3.01
0
1.07
0
0
0.05
11.13
14.4
12
0
0
0
0
20.67
10.28
0.13
0
0
0.11
10.62
0
0.32
0.08
0
0
0
0
1.37
0.02
0.02
5.56
2.72
0.82
0.01
0.71
0
0.01
0
0.03
0
0
0
0
0.3
0.45
0.2
0.41
0
0
7.33
0
0
0
0
0
0.01
5.53
0
0.31
9.13
3.82
4.97
9.45
2.73
1.75
0.01
0.03
0
0
0.58
0
0.1
4.51
0
0.19
0
0
0
0
0.4
0.01
0.13
0
0
0
4.87
0.01
0.02
4.49
0
0.16
0
2.52
0.28
6.77
5.33
1.67
5.59
1.84
0
0
0
0
0
0
0
0
0
0
4.04
2.88
0.01
0
0
0
0
0.08
0
0
1.96
0
0
0.66
16.66
0
0
0
0.1
0
0.01
0.71
0
0
0
0.04
0.08
0
0
0
0
0
0
0
0
0
0
0
0
0
0.71
0.61
0
0
0
0
0
0.11
0
0
0.05
0
0.1
0
0
0
0
0
0
0
0
0
0
0
0
0
0
0
0
0.52
0
2.37
0.02
0
0.64
0.02
0
0
0
8.69
1.39
4.11
0
0
0
0
0
0.16
0
0
0
0
0.26
0
0
7.73
3.64
0
0
0
0
0
0
0
0
0
0
0
0
5.75
0
1.23
0
0
0.01
0
0
0
3.09
3.23
0.32
0
0
0
0
5.22
0
1.75
0
0
1.39
4.44
0.55
1.19
0
0
1.42
0
0
0
0
6.28
0
1.5
6.65
0
0.01
0.01
8.54
0
1.17
0
0
0.54
4.36
0
0
0.01
0
0
0
5.2
0.23
5.31
2.69
0.44
3.53
0
0
0.04
1.03
0
3.04
0.01
0
0
0
8.12
0
0
0
0
8.74
5.14
16.18
0.49
0
0
9.17
0
0.05
1.44
0.15
0
0
0.27
0
0
0
0
0
0
0
0
0
1.72
8.81
0
0
0.12
0.52
0
0
0
0.3
0
0
0
0
0
8.71
13.18
23.4
0
0
0
0
0
0
0
0.13
14.56
9.29
2.63
1.18
1.52
0
0
0
0
0
0
0
0
0
4.94
0.38
0
0
0
0
26.04
0
0
0
14.35
36.59
5.29
0
4.05
0.33
0
0.01
0
0
0
0
0
0
0
0
0
1.58
8.4
0
16.25
0.49
0
0
0
0
4.69
5.99
0.12
12.25
2.03
0
0
0
2.42
0.59
0
0
0.01
0
0
0
0.02
0
0.1
4.95
0
0
0
0
0
0
0
0.02
1.79
0.7
1.07
1.08
0.01
0
0
0.02
0.02
0
0
0
0
0
0
0
0
0
3.12
1.03
0.08
0
0
0
0
12.18
0.07
0
0
0
0
0
0
1.19
4.7
12.05
0
0
0
0
0.05
0.34
0.1
0
1.19
0
0.08
1.56
0.02
0
0
0
13.06
0.16
0
0
0
0
0
0
0.47
0
10.26
0
0
0
0
0
1.1
0.06
0
0
0
0.07
0.36
0.46
0.01
0.01
0.01
0.3
0.16
1.62
0.49
0
0.02
0
0
0.09
2.08
9.5
0.99
0.05
14.67
0.12
7.21
0.69
0
0
0
0
0
0
9.64
5.41
0.1
0
0
0
0
0
0
0
0
0
0
0
10.39
4.83
20.82
15.36
5.64
0.77
0.04
0
0
0
0
0
0
0
3.87
12.35
13.7
0.77
0
1.19
1.3
0.01
1.96
7.14
0.53
0
1.71
0.49
2.98
10.74
2.92
0
0
2.56
3.06
0.06
0
0
0
0.08
0
0
1.88
0
1.17
4.13
5.46
2.2
3.84
0.09
0.52
0.1
2.45
7.05
0
11.02
0.05
0.04
0
0.01
0
0.01
2.68
0.83
0
0
0
2.8
1.93
0.19
0
0
1.22
13.66
0.44
0.69
5.85
0
0
0
0.18
0.33
18.96
14.32
1.09
0
0.19
0
0
6.46
3.57
13.37
0
2.06
0
9.48
26.7
0
0.05
19.98
4.93
0
6.61
10.27
0
0
0
2.15
0
0
0
0
0.26
0.09
0
0.22
0.72
0
0
0
0.03
0
0.04
0.12
0.15
0
0
0.04
0
1.65
0.01
0
0
0.64
3.38
4.97
0
0
6.16
26.2
0
8.87
0
0
0
4.01
0.32
0
0
0
0
0
7.36
12.19
0
0
0.07
1.98
15.05
0
0
0
0
1.66
0.4
0
0
0
0
0
0
0
0
0
0
4.09
0
0
1.72
0
0
0
0
0
2.61
3.07
2.7
7.56
0.03
0
0
0
0.19
0.32
1.34
0
0.03
0
0
0
0
0
9.87
21.73
0
1.18
0.51
2.15
5.47
23.5
8
0
0
0
6.25
9.8
0.15
0
0
0
0
0
0
1.94
0.27
0
0.17
0.16
0.01
0
0
0
7.99
9.29
1.56
0
0.02
11.69
0.2
0.6
0
0
0
1.17
0
0
0
0.01
0
0
0
0
0
0
2.21
0.42
0
0
0
1.23
0
0
0
0
0
0
0
0
0
0
0.15
6.26
0.54
0
0
0
0
0
0
0.03
4.75
8.71
2.51
0
0
0
0
0.01
0
0
0
0
0
0
0
0
0
0
0.04
0
0
0
0
0.05
0
0.08
1.44
0
0
3.44
0.16
1.07
0
0
0
0
0
0.02
6.74
6.58
0
0
0
0
0
0
0
0
0.5
0
0
1.49
0
0
0
0
0.06
15.55
0.17
8.8
0.01
3.08
0.01
0
0
0
0
5.58
1.18
0
0
0
0
2.56
0
0
0.04
0
0
0
0
0
0
0.77
0
0
0
0
0
1.91
0
8.93
0.13
1.4
1.32
0
0
0
0
0
0
0
0
0.18
28
3.66
5.39
3.93
0.29
0
0
0.71
0.02
6.39
9.68
8.67
0
0
0
0
2.03
0.05
2.84
0
0
0
0
0
16.47
9.35
3.19
0
5.72
1.11
0
0.2
0
0
0
0
0.43
0.03
4.58
18.97
1.52
0
0
0
0.09
0
0
0
0
0
0
0.29
0
0
0
0
1.52
0.74
0.08
3.21
0.07
2.11
0.05
1.41
0.01
0
0
19.11
0
0
0
0
0
0
1.09
0
0
0.05
8
19.72
6.65
27.92
9.43
23.36
0.09
0
0
18.26
0
3.78
21.05
3.78
3.01
14.63
13.43
1.78
0.23
0
5.67
0.21
0
1.69
0.65
5.11
1.05
1
0.18
0.12
9.08
0
0
0
0
0
0
0
19.09
1.43
0.06
1.59
2.36
0.13
0
0.43
3.66
0
9.89
51.32
1.06
12.15
11.83
0.01
0
9.26
24.72
8.26
1.31
0
0.01
0.68
4.43
0
0
0
0
0
0
0
0
0
0
0
0
1.9
0.59
0
0
7.83
0
0
3.79
1.91
7
15.8
0.24
0.35
0
0
0
0
0
5.89
0
28.21
0
0
0.65
1.17
0.01
0
0
0
0
0
0
0
0
0
0
0
0
0
0
0
0
0
0
5.88
0
0
0
0
0
0
0
0
0.19
0
0.06
0
0
0
0.68
0
0.01
0
0.03
0.42
0.24
0.12
0
4.02
0
0.42
0.01
0.33
0.01
2.33
1.84
1.64
11.95
9.43
11.45
2.18
2.28
0
1.94
0
0.2
0.81
17.51
16.92
0
0
0
0
0
2.8
0
0
0
0.2
0
0
0
0.97
0
0
0
0
0
0.77
12.32
7.31
11.96
0
1.26
19.87
14.98
0
2.09
6.64
1.97
0
0
0
0
0
0
0
0
0
0
0
0.03
0
0
0
0
0
0
0
0
0
0
0
0
0
0
0
0
0.04
0
0
0
0.02
1.69
0
0
0
0
0
0
0.77
2
0.26
0
3.47
0
0
0.51
5.98
5.74
0.61
0
0
0
0
0
3.34
7.33
0
0
0
0
11.92
0.09
1
0
0.05
0
0.03
0
0
0
0
0
0
0
0
0
0.01
0
10.3
2.42
0
0.88
0
0.84
1.62
0.01
1
0.04
0
0
0
11.09
6.77
0
0
0
0
6.46
0.07
0.26
0.34
0
0
0
3.34
0
0
0.5
6.46
11.03
20.05
9.51
2.69
0
0
0
0
3.3
0.43
0.03
0
0
0
0
0.76
33.43
0
0.08
6.52
0.23
7.95
0.17
4.86
0
2.91
15.65
0
1.3
0.05
15.32
22.37
15.75
0.6
1.85
23.91
1.53
0.62
0.61
5.13
0
0
2.07
8.48
0
0
0.03
0.04
0
0
0.17
0
0.01
0
0
0.58
0
0
0
0
0.33
0.03
50.89
0
1.14
3.4
2.26
0
0
0
4.27
0
0
0.04
0
4.88
0
0.39
0
0
0
0
0
0
0
0
2.25
0.4
0.21
0.01
0.11
7.79
6.82
0.9
0.17
1.07
0.13
11.26
4.43
1.15
2.61
13.87
0.06
0
0
3.66
21.23
0.84
6.38
0
0
0
0
0.12
1.58
3.31
11.16
1.43
30.13
16.07
0
13.9
5.42
10.09
3.68
0
0
0
0
0
0
0
0.49
0.1
0
0
0
0
0
0
2.17
1.86
0.14
3.34
4.56
0.03
0
0
0
0
0
0
0
0
0
0
0
0
0.45
8.6
0
0
1.03
0
0
0
0
0
0
0
0
0
0
0
0
0.01
0
0
0
12.35
0.01
0
0
0.26
0.91
0
0
10.15
0
0.22
0
0.21
0
0
0
0
0
0.03
1.46
0
0
0
0
0
0.05
0.12
4.11
2.1
16.79
0
0
0
0.19
0.18
0.09
0.2
0
0
0.1
0.05
0.25
0.02
0
0
0
7.1
2.86
0
0
0
0
0
0
2.45
0.01
0
0.1
0
0
0
0
0
0
0
0
0
0
0
1.5
0
0
2.06
0
0
0
0
0.48
0
0
0.09
0
0
0
0
0
0
10.51
0.12
0.25
2.98
7.58
7.99
0
0.02
1.01
0
0
0
0
0
0
0.17
0
0
8.88
0.17
0.23
0.54
0
0
16.51
0
0
2.45
0
0
0
0
0
0.01
0
0
0
18.62
0.32
0.58
0.36
0
1.46
1.1
0
0
0
1.25
11.36
0
0
0
0
0
0
0
0
0
0
40.51
2.77
0
0
20.07
5.05
0
0
0
0.05
0
0
0
0
0
3.01
0
0
0
0.01
0
0
0
0
0
0
0
0
0
0
0.01
0
0
0
0
0
0
0
0
0
0
0
0
0
0
0.76
14.69
5.01
2.79
0
10.85
0.15
0
3.29
0.51
0
0
8.55
1.85
10.72
0
0
0
0
0
0
0
0
0
0.14
12.72
0.72
0.01
0.12
0.1
5.44
0.57
14.49
6.25
9.41
5.29
7.88
0
0
0.05
2.48
0
0
0
0.04
0
6.12
0.01
0.73
0.14
0.26
0.07
0
0
0.15
6.65
0
0.01
1.2
0
2.08
0.14
13.96
0.69
0
2.52
0.07
16.02
2.82
0.24
0
0
0
0
0
0
0
0
0
0
0
1.45
5.84
0
0
0.36
1.99
8.83
14.29
0
0
0
0.89
0
0
0
4.22
0
7.69
2.06
8.18
2.43
0.01
0
0
2.37
0.73
0.03
0
29.48
0.98
1.79
2.07
0
0
0
0
0.98
27.13
5.22
0.21
0.22
0
16
0.38
15.18
22.45
17.29
0
0
4.32
1.52
0
0
0.14
0
0
12.14
21.44
0
0
0
0
0
0
0
1.17
32.3
5.05
0.48
0
0
0.02
0.17
0.17
3.89
0
0
0
0
0
0.1
0.14
0
0
0
0
0
5.16
0.01
0.2
0.99
14.32
14.01
0.52
1.52
1.92
1.78
14.37
0.07
1.9
0
0
0
0.19
0.69
0.09
0
0.01
0.67
10.38
0.68
1.61
0.05
0.75
0.27
0.1
0.05
4.28
5.09
0
0
0
0
0
0.01
9.72
0
0
0
0
0
0.31
0.41
4.66
1.01
0
0
15.12
0.26
2.49
0.07
8.35
6.73
0
3.04
5.9
0.27
0
0
0
0
0
0
0.1
1.83
1.63
0
0
0
0
0
0.24
0.87
0
0
0
1.95
0.21
0.22
0.05
0.05
0.07
0.05
0.02
1.46
0
0
0.02
0.21
0
0.66
0
0
0.48
0
0
0
0
0
0
0
0
0
0
6.57
0.51
1.41
0.44
0
0
0
0
0
0
0
0
0
0
0.15
0
0
0
0
0
0.59
0
0
0
0
0
0.1
0
1.58
0
5.6
0.03
0
0
4.12
2.06
0
0
0.85
1.43
0
0.01
0
2.69
0.1
2
0
0
7.63
2.38
23.95
0.04
0.27
0
0.18
0
0.09
0
0
0
3.63
0
0
0
0.92
1.02
0
0
0
0.86
1.99
0
1.63
4.11
2.16
0.14
0.5
1.58
0
5.7
4.95
0.05
0
0.47
1.34
0
0
0
0
8.72
0.07
0.01
0
0
0.01
0
0
0
0
0
0
0
0
0.02
5.84
0.01
1.34
10.97
3.2
3.84
0.04
0.16
0.44
0
0
0
0
0
4.46
0
0.3
0.73
23.32
3.49
11.39
2.73
7.65
2.1
1
0
5
0.14
0.2
1.73
0
0
8.36
3.8
0
0.33
0
0
0.3
9.66
0
1.63
2.89
0
0
8.35
0
0
0
4.18
0
0.49
7.17
3.75
0.08
0
0
0
42.43
24.05
0
0
9.18
0.38
0
15.18
1.19
0.33
20.5
0.1
0.07
0
0
0
0
0.12
0
0.35
0.33
0
7.85
0.37
0
0
14.38
0.89
0
0
0
0.58
0
30.79
3.57
0
0
0
0.01
0
0
22.56
1.1
0
0
0
0
0
0
0
0
0
0
0
0
0
8.71
0
0
0
0
15.55
0.44
15.39
2.17
0.37
0
0
0
0.22
0.37
0.92
0
1.34
7.44
0
0
0
0
0
0
0.49
3.75
6.04
0
0.11
0.04
0
2.01
0
0.02
0
0
0
0.36
4.08
0
0
0
0
0
0
1.85
0
0
0
0
1
4.95
7.4
0.39
4.14
0.05
0
0
0.5
3.05
9.98
1.46
0.16
0.05
0.01
0.04
1.94
0
0
2.53
0
0
0
0
1.01
0
0
1.51
0
0
0
4.74
0.23
0.82
4.24
3.29
0.89
1.1
0.84
2.03
0
0
0.05
0.16
2.72
10
0.76
0.02
0.96
5.2
18.61
13.71
1.86
2.89
0.28
0.41
0
0.5
0.73
0.09
0.09
0
0
0
0
0
0
0
0
0
0
0
0
0
0
0
0
3.07
6.32
0.51
0
0
0
0.07
0.1
22.21
0
15
0.08
0
4.66
32.89
5.58
0.17
0
0.63
2.12
11.26
5.1
0.21
0
0
4.77
16.45
0
0.45
0
0
0
0
0
0
0.54
0
0
0
1.25
2.45
0.17
2.33
0
0
0
0
0
1.7
0.33
1.2
15.96
2.02
0.1
0
0.06
0
0.02
0.12
0.03
0
0
0
0
2.87
3.08
0
0
0
0
0
0
0.05
0
0
28.6
0.25
1.27
0.09
0
0
0
0
0
0
0
0
0
0
0
0
0
0
0.01
0.15
0
3.52
0.12
0
2.18
6.54
0
0
0
0
3.53
7.48
3
0
0.22
0
3.48
0
0.11
0
0
0
0
5.68
14.98
4.71
0.17
0
2.59
0
0
7.1
0
0
6.23
0.35
0.68
0.04
6.58
9.05
0.5
1.48
5.65
0.01
0
0.1
0
0.73
0.19
0.45
4.54
0
0
0
4.46
0.27
0
0
0
10.25
0
0
0
10.11
0
22.78
21.58
7.01
4.18
26.95
5.25
24.37
8.1
0
6.57
3.92
0.36
3.2
6.63
1.69
5.59
4.53
4.36
3.69
0.1
0
0
0
2.87
0
0
8.49
0
0
0
0
0
12.58
0.01
0
0
0
0
0.03
0
0
0
13.67
26.22
0
0
0
0
0
21.06
0.12
0
19.51
0.29
0
0
0
0.01
0
0
0
13.78
0
0.08
0
0
0
0.51
10.79
0
0
0
0
1.08
26.9
0.64
0
0
0
0
0.06
1.47
0
1.3
0.25
0.04
0.96
13.9
0.25
0
0
0
0
0
0
0
0
0
0
0
0
9.58
0.41
0
0
0
0
0
0
0.52
17.04
6.93
10
0
0
0
0
0.36
0.03
0
0
0
1.19
8.22
0.42
0
0
0
0
1.13
0
0
0
9.91
0.92
9.92
0.15
15.62
0.12
6.36
0.86
3.73
0.04
0
0
0
0
0
0.01
0.24
0
0
0.26
0.03
1
0
0
0
0
3.7
0
6.79
5.94
0
0
0.02
0
0
2.37
13.83
0.01
0.52
2.98
0.18
0
3.94
0.22
0.11
0
0
11.47
0
0
0.27
0.2
0
12.68
0.78
0.88
0
0
0
0.05
0.17
0.01
0
0.86
8.97
1.79
2.49
15.79
7.31
0.18
0
0
0
0
0
0
4.27
2.14
1.03
0
3.13
0
0
0.07
0
0
0
0
0
1.69
0
0
0
0
0
2
5.11
0
0
0.61
8
5.08
0
0
0
0
0
0
0
8.45
0.94
0
0
0
0
0.05
12.21
0
0.01
0.51
0.49
0
1.13
0
0.11
0
0
0
10.89
0
0.01
0
0.01
0.36
0.34
0
0
0
0.01
0.37
3.17
0
0
0
0.42
0
0
0
1.84
4.91
2.6
0.05
0
14
4.26
0
0
0
0.08
0.36
4.1
5.1
4.73
5.05
0.47
0
0
0.63
0
0.73
2.52
0
0
0
0
0.26
0
0
0
0
0.35
0.1
0.1
2.35
6.3
0.17
0
0.01
0.04
0
0
0.06
5.22
4.4
18.2
10.02
0.6
0
0.09
6.23
0.18
0.27
0.03
0.02
0.08
0
0.07
0.6
0
0.48
7.7
7.7
15.53
10.23
0.41
0
0
0.02
0
0
0
0
0
0
0
19.65
25.08
2.13
0.57
0.55
5.84
4.86
0
0
0
3.12
0
0
0
0
0
0
1.4
1.7
0
0
1.32
0
0
0
0
0
0
3.26
0
16.15
0
20.01
0.02
0
0
0
0
4.58
20.5
0.8
0.73
0.04
0.01
25.23
5.42
0
0
0
10.95
0
18.09
18.19
4.47
0.57
5.94
0
0
0
40.58
4.05
0.33
1.16
0.69
2.25
0
0
0
0
0
5.9
0.11
0
31.24
9.49
0.06
8.17
2.81
0
0.22
1.59
5.09
0
0.29
0.56
3.43
0.58
0.04
0.12
0
0
0
0
22.78
45.33
25.15
0.94
0
0
0
0
0
38.33
13.38
0.05
0.23
3.31
0.4
0
0
0
0
10.15
0.83
0.01
0
0
0
0
0
0
0
0
0
10.7
7.9
0.7
8.1
0
0
0
3.25
7.84
0
0
0
0
0
0
0
0
0.34
0
0
0
0.64
6.39
6.58
4.21
0
0
0
0
0
0
3.62
1.9
9.02
0.07
11.76
3.1
0
0
0
9.65
0
21.69
0.06
1.23
13.07
17.22
8.39
0
0
0
0.03
1.44
6.32
3.77
0
0
0
0
0
0
9.83
1.38
0
0
0
0.15
0.52
7.25
3.54
0
0
0
0
0
0
0
1.36
0
0
0
0
0
0
0
0.31
0.02
0.13
0.22
0
0
0
0
0
8.47
0
0
0
1.19
0.29
0
0.39
2.21
0
0
0
0
0
0
0
0
0
0
0
0
0
0
0.08
0.01
2.05
0
0.83
3.65
1.08
0.01
0
0
0.11
0.01
0
0
0
0
0
0
0.29
1.56
0.01
0
0
0
0
0
0
0
0
0
0
0
0
10.47
1.09
0.72
0.14
0
0
0
0
0
0.03
4.92
0.11
0.25
0
0
0.01
0.52
0
0
9.49
0.01
0
0
0
0
0
0
14.42
0
0
0
0
0
0
0
0
0
0
0
0
14.73
5.31
0.47
0.59
0.96
5.46
14.36
0
6.76
0
0
0
0
0.74
0
0
0
4.55
0
3.01
12.02
0
0
0
0.01
0
0.58
0
0
0
0
0
0.85
4.52
0
0
0
8.06
0.64
5.79
7.75
0.03
0
12.9
4.15
0.91
0
0
0
4.99
1.42
0
0
0
21.55
7.12
0
0
0
4.54
7.72
0.13
0.98
0
0
0
0.01
0.28
1.6
0.02
0.76
0.12
0.19
0
0
0
0
0
0
0
31.69
0
0
0.01
0.14
2.17
22.3
1.51
8.28
5.53
16.95
0.12
0
0.68
25.02
0.04
1.28
0.22
0.37
0
6.53
8.53
0.01
0
0.05
7.08
5.38
0
0
0
0
0
13.65
0
0
2.74
9.93
0
0
0
0
0
0
0
12.56
0
0
0.1
0
19.33
1.58
0
0
0.55
0
0
0.12
0
0
0
2.61
0
0.39
0
0
0
0.23
27.16
0
0
0.02
0
0
0
0
0
0
0
0
0
0
0
0
0
0
29.32
0
0
0.44
0
1.44
0.32
0
0
0
0
0
16.78
7.13
0
0
9.76
4.92
0.06
4.13
0.59
0
0
0
0
0.38
0.05
0
0
0
0
0
0
0.19
0
0
0
0
0
0
0
0
0
0
0
0
0
0
0
0.02
0
0
0
0
0
0
0.8
0.67
0
2.84
0
0.01
0
0
1.19
0
6.06
0
6.24
6.2
22.74
0.01
0
0.23
0
0
0
0.25
0
0
0.19
0
0.01
0
0
0.18
0
4.59
0.01
1.48
0
0
0
0.02
0.43
0.1
0
0
0
0
0.52
0
0
0.28
0.88
1.04
0.01
0
0.21
0.05
0
0
0
0
0
0
0
0
0
0
0.06
0
3.36
1.28
0
0.54
0
1.9
0
0
0
0.86
0.01
0
0
3.41
0
0
0
0
0
1.23
0.36
0
0.79
0
0
0
0
0
0
0
0
0
0
0
0
0.93
0
0
0
0
0
0
0.41
0
0
0
0
0
0
0
0
0
0
0
0.01
0
0
0
0
6.71
2.84
5.24
0.46
0
0
5.79
0.73
0.69
0
0
0.08
0
0.03
0
0.57
1.13
9.92
0.14
1.12
0
0
0
0
0
0
0
0
17.88
8.58
0
1.06
4.73
0
0
0
0
14.26
0.21
0
0
0.31
0
0
0
0
4.7
17.71
1.32
0.15
0
0
0
0.28
0.01
3.28
10.48
0.21
0
0
6.09
0.01
0
0
0
21.9
3.4
4.18
3.12
0.13
0
0
0
0
0
0
0
0
0
0
1.6
9.32
0
0
0
0
0
0
0
2.17
0
0
0.01
0
0
9.05
0.52
20.22
0.47
0.86
24.01
0.38
0.16
0
0
3.69
0
3.68
0
1.22
33.37
1.42
4.81
0
3.19
8.11
0.01
0
0
0
0.88
0
0
0
0
0
0.01
0.05
1.27
0
0
0
0
0
0
0
0
0
0
0.04
0
0.35
0
4.42
0
0
0
0.01
2.15
6.65
0
0
0
0
0
0
0
0
0
0
30.47
7.77
0.01
0
0
0
0
5.18
0
0
0
0
22.32
0
0
0
0.01
0.03
0.38
5.44
3.73
0
0
0
0
4.86
0
0.01
3.52
0
0.07
3.66
0
10.13
13.62
0
0
0
0
0
0
0.05
0.85
0.1
13.22
26.78
5.23
0.02
0
6.7
1.51
1.28
0
0.65
28.58
0
0
0
0
0
1.48
6.58
0
0
0
0
0
0.46
1.18
0.46
0.09
0.7
0
0
0
0.01
0.05
5.14
4.41
0.02
0.05
1.83
0
4.94
0
0.6
5.58
1.28
0
0
0
0
0
0.72
4.27
0.1
0
2.03
0.41
0
0.3
0.05
0.14
0
0
7.13
0.76
0
0
0
0
0
0
0.01
4.42
2.16
6.25
1.88
1.44
0.05
0.05
0
0
21.11
15.43
0.64
8.99
1.01
4.9
0.36
0.79
9.73
3.57
0.07
1.36
0
0
0.01
2.71
0.45
0
0
0.1
22.62
0
0
5.7
2.74
0
0
1.53
1.13
4.73
7.08
7.86
1.57
0
0
0
0
0
0.06
3.26
16.5
11.27
3.47
19.29
9.35
1.5
0
0
0
0
0
0
0
0
1.24
11
5.53
0.05
0.37
6.83
0.65
0
0
0
12.85
0
0.52
0
0
1.75
4.69
11
5.22
0
1.84
6.89
31.24
9.2
1.03
19.48
1.71
0.11
2.75
0
0
0
0
0.83
0
4.79
0.27
0
0
0
0
0
0
0
0
7.03
0.01
0
0
0
0
0
0
0
0.81
10.05
0
2.69
11.24
0.88
0.07
0.34
0.08
2.52
3.81
0
0.02
0
0
0.91
9.75
0
0.76
0
0
0.6
0
1.31
8.85
1.27
0.83
0.01
0
17.93
3.9
7.23
4.07
1.07
4.34
0.31
0
0
2.99
0
2.81
4.52
0
0
0
0
0
0
0
0
0
0
2.09
2.98
15
0.14
0
0
0
0.02
0.23
0
0
0
0
0.27
6.09
0
0
0
4.3
3.21
0
0
0
0.53
0
0
0
0.06
0
0
0
0
2.05
0
0
0
0
0
0
0
0
0
0
0.31
0
0
0
0
17.68
0.25
0
0
7.58
2.03
0
0
0
0
0.09
0.76
0
0
11.31
6.51
2.29
2.58
18.34
0.01
0
0
0.01
3.81
0
0
0
0
0
0
2.41
11.65
26.96
1.09
1.76
0
0
0
13.53
9.22
1.44
0.64
0.03
0.07
0
0
0
0
1.36
1.87
1.21
27.85
7.44
0.1
0
0
0
0.42
1.99
0
0
0.34
0.22
6.61
3.22
0
0.17
1.27
2.07
0
0
0
0
0
0
0
0
0
0
0
0
6.66
0
0
0
0.44
19.06
7.68
16.54
0.02
0.05
0
31.9
16.3
5.37
0.01
2.78
2.02
0.02
0
0
0
4.68
9.55
1.11
10.85
18.23
10.22
0
0.02
0
0
0
0
0
0
0
0
0
0
0
0
0.45
0.01
0
0
0.17
0.01
0
0
0
0.01
0
0
0
0.18
0.15
0
0
8.56
0.02
0
1.26
0.24
0.68
0
0
0
0.48
3.2
0
0.19
0.07
0.01
0.05
0
0
0
4.55
0.25
0
0
0
3.84
0.1
0
0
1.59
11.44
0.03
0.33
0.12
2.4
0.58
2.02
1.62
7.06
4.57
0.04
0
0.21
0.11
7.42
0.53
14.33
0.94
16.66
5.26
5.51
0
0
14.86
7.36
0
7.72
0
0
6.04
1.1
0
0
0
0
0
0
0
6.04
0.05
0.02
0
0
0
0
0
0
0
0
0
0
0
0
0
0.34
0
0
0
7.82
0.16
0.15
0
0.16
0
0
0
0
0
0
0
0
0.09
10.06
0
6.35
0
1.97
0
0.01
0.38
2.33
1.52
0.02
0
0.01
3.96
1.53
10.16
0.01
0
1.83
14.11
0.03
0.05
0.18
1.89
2.14
0
0.5
0.18
0
0
0
8.89
0.5
6.24
0.38
28.93
3.83
12.57
0
9.39
9
1.96
0.74
0
0
0
0
1.88
0
0
2.92
0.09
0.1
0.02
0
0.12
0.28
0.2
8.7
0
0.04
0
0
0
0
0
0
0.16
0
0.07
0
0
0.07
0.15
1.02
6.9
0
0
5.44
8.41
3.74
0
0
0
19.45
6.28
0
11.42
0
0
3.57
0.01
0
1.39
5.65
12.32
2.82
0
0.19
1.42
0
0
0.76
1
0
0
0
10.02
0
0
0.08
0.49
23.2
4.04
0
27.94
0.44
0
0
0
3.77
0.73
0.21
0
0
23.38
0.01
4.89
10.53
28.25
34.57
0.93
0
0
0
0.24
19.26
0.68
0
4.37
0.76
0
0.41
6.89
0
0
0
25.8
15.1
25.29
2.17
3.07
2.97
3.62
0.02
0
2.89
4.6
28.71
37.36
5.08
3.3
1.78
1.22
0
0
0
0
30.74
0.62
0
0
0.89
3.27
0.38
0
0
0
2.23
0.76
0
0.39
0
0
0
0
0
0
0
0
0
0.08
0.08
0.35
0.68
0
0
0
54.33
5.19
7.28
0.73
0
0
0
0
0
0
0
0
0
0
0
4.01
1.81
2.33
0.72
0.01
0
0
0.12
0.31
0
0.25
0.2
15.44
0.06
0
0
0
0
0
0.16
0.13
0
0
0.43
0.73
2.33
5.28
2.85
0.69
2.04
0.82
13.91
8.75
0.31
0
0
0
0
0
0
0
3.51
0.01
0.01
0
0
0
0
0
0
0.15
0.37
4.3
0.78
0.63
0
0
0
2.18
0.39
1.44
0.4
0
0
0
0.01
0
5.1
0
0
1.01
0.05
0
0.45
0
0
1.18
0.92
0.02
15.38
5.19
0.04
0
0.1
0.04
1.71
12.56
0.21
4.55
0.09
0.27
0
0.08
0.04
0
0.28
4.63
0.15
0
0
0
0
0
0
0
0
0
0
0
11.16
3.17
11.8
1.7
0
0
0
0
4.06
0
0
0
0
0
0
0
0
0.84
0
0
0
0.01
0
0
0
0
0
0
0
0
0
7.68
6.73
0.44
0
0
2.16
0.04
0
0.03
0
0.01
0.03
0
0
2.08
0
0.31
2.41
0
0
0
0
0
7.27
0
0
0
0
0
0
0
0
0
0
4.61
0
0.15
3.89
3.39
0.49
0
0
0.1
0
0
1.13
0
0
0
12.01
0.61
4.88
0.01
0
0
0.39
15.58
6.34
36.89
4.88
0
1.58
4.56
0.01
0
0
2.59
0
0.2
0
0
0
0
0
0
0
0
0
0
0
0
1.25
0.22
0.05
0.14
0
1.81
3.41
0
0
21.12
2.42
0
0
1.18
0.02
0
0
0
0
0
0
0
0
0
35.11
1.77
0
0.64
14.15
1.59
0.03
0
0
0
3.89
0
0
0
0
0.32
0.42
11.14
0.12
1.66
0.01
3.58
0.64
0.07
0.09
1.45
0
0
0
0
0
0
0
0
0
0
0
0
0.1
14.38
0.89
0
0
0.31
0.31
0
0.08
0
0.4
0
0
0
0
0
0
0.05
0.33
2.75
14.54
9.36
2.7
0.15
0
0
2.1
0.01
0.05
0
0
0.04
0
0
1.6
2.78
0
0
0.1
3.56
21.39
16.57
0.02
0
0
0
0
0
0
0
0.47
0.01
0.4
0.94
3.56
0.02
16.94
15.04
1.19
7.91
25.49
20.35
2.35
0.86
0.85
24.81
0.02
0.1
0
0
0
0
0
0
0.2
0.06
0
0
0
0
0
0
0
0
0
0
0
0
0
0
0
0
0
0
0
0
0
7.3
0.93
0
0
0
0.03
0
0
0
0
0
0.25
0
0
0
0.1
0.02
0.12
0.49
0.69
0
0.05
0.05
0
0
0.05
0
0.17
0
0
0
0
0
0
0
0
0
0
0
0.05
0
0
0
1.37
0.75
1.58
0.77
4.16
0.05
0.62
3.61
0.08
21.02
2.53
0
0
0
0
0
0
0
0
0
0
0.92
0.01
0.62
0
0
0
0
0
0.16
0
0
18.34
0
0
0
0
0
15.61
13.33
0
11.92
7.08
8.27
10.72
1.64
0.34
11.11
5.62
0.27
0
0.02
3.25
0
0.53
0
0
1.58
10.55
0
2.37
7.9
1.46
0
7.13
3.19
0
0
0.57
0.98
0.1
0.03
0
3.6
0.03
0
0
0
0
1.08
0
0
0.06
0.12
0
0
0
2.87
0
0
0
0
0
0
0
0
0
5.76
0
0
0
0
0
0.64
0
0
0
0
0
0
0
0
2.13
0
0
0
10.83
0.01
0
0
17.4
6
3.37
0.59
0
0
0.2
0.13
0
0.02
2.39
7.25
6.98
11.34
0.91
0.53
0.76
0
4.46
0.12
0
0
13.35
1.65
0.16
0.35
0
0
2.51
0.13
0
1.19
5.86
1.74
3.48
26.12
0
0.73
0
1.97
2.67
8
4.35
1.26
12.41
4.35
0
0
1.01
23.2
15.93
0
0
0
1.89
1.53
0.19
3.87
0
0
0
0
0
0
0
0.07
0.87
0
0
0
0
0
0
57.16
0
0.04
4.83
0.07
0.09
0
0
3.61
0.02
0
0.15
17.19
2.12
14.71
0.05
0
0.02
3.62
0.01
0
0
0
8.43
0
0
0
2.45
15.21
0.25
0.05
0
0
12.49
7.17
0.01
0
14.71
0
4.93
0.95
0
0
0
0
0
0
0.06
0
0
0
0
0
6.09
5.04
10.07
0
0
0
0
0
0
1
0
0
1.94
1.58
0
0
0
0.04
0
0
0
0
0
0
0
0
0
0
6.83
2.11
4.74
0.26
0.1
0.36
0.64
0.15
13.62
1.41
0
0
0
1.34
0
0.01
0.68
10.67
12.19
1.75
0
0
0
18.67
1
0
0
0
0
0
0
2.91
1.23
0
2.42
29.38
0.52
7.45
0
0
34.65
6.18
0
0
0.02
2.13
0.06
0.01
2.95
0.01
0
0
0
0
0.01
0.03
0
0
0
0
0
0
0
0
0
0
0
0
0
0
0
0.05
0
0.32
0
0
0
0
0
0
0
0
0.1
0
0
0.24
3.89
2.92
0
0
0
0
0
0
0
0
0
0.33
0.61
0.38
0
0
0.02
22.41
0
0
0
0
0
0
0
0
0
0
0
0
0
0
0
0
0
1.75
0.9
0.74
0
11.75
11.3
17.08
0
0
0.05
0.02
0
0
0
0
0
0
4.82
0.02
0
0
0
0
0
1.4
0
0
0
8.51
1.38
0
0
0
0
0.72
0
0
0.83
0.15
0
0
0
0
0
0
0
0
0.01
0
0
0
0
0
0
0
0
0
0
0
0
0
0
0
2.54
0.2
0
0.87
0
0
0.01
0.25
0
0
3.04
0.84
0.05
0.1
0
1.78
0
0
0.11
0
0.03
0
0.02
6.24
14.87
0
0
0.02
0.65
13.47
1.33
0.76
1.38
0.94
0.45
0.02
0
0
0.04
2.03
2.05
0.71
0
0
0
0
3.87
0
1.24
4.21
5.28
0
0
0
0
0
0
0.16
0
2.67
0
3.31
0
1.59
2.75
0
0
1.79
0
3.5
0
0
0.05
0.14
0
0
0
0
0
0
0
6.4
16.58
0
0
14.36
0
0.9
0.02
0
0
0
0
0.06
6.18
0.51
0.3
0
15.17
4.9
0
0.01
0.27
0
0
0
0.64
0
0
0.01
1.63
13.9
1.95
3.97
0.53
0
0
0
0
0
0
0
4.19
0
24.2
0
0
0
15.52
0.4
0
0
0
0
0
0
0
13.29
0
0
0
0
0
0
0
11.59
2.6
0
0
0
2.54
10.21
0.63
3.92
0
4.58
1.67
0
0.17
0
5.72
1.79
0
23.84
12.49
32.46
30.35
36.43
39.5
1.04
0
0
0
3.6
1.49
0.09
0
0
0
0
0
0
1.88
0
0.97
2.08
0.01
0.36
0.26
0.01
0
0
0
0
0
0
0
0
0.07
0.02
0
23.82
5.59
0.38
0
0
0.97
0
0.3
0
0
0
1
0.13
0
0.7
8.72
5.16
3.59
0.05
0.01
0
23.56
0.08
0
0
0
0.62
0
0
0
0.52
0
0
0
17.93
0.01
0
0
22.78
1.18
0.08
0
0
0.15
0.04
0
0
20
0.54
0
0.66
10.31
0
0.13
14.68
0.66
0.01
0
0
0.06
0
0
0
0
0
0
0.38
14.48
0.1
0
0
8.17
0
0.25
0.17
0
0
0
0.03
6.34
3.46
0
0.31
1.8
0.89
0
0.12
0.75
0
0.12
0
0
0
0
0
0
0.01
0
0
0
0
0
13.33
6.08
3.54
0
0
8.34
13.94
2.11
0
0
0.07
3.56
1.14
0.29
0
0.15
3.88
0.05
5.76
2.96
1.28
3.97
2.48
0.01
0
0.79
0.54
0.03
0.08
2.01
0.03
0
6.01
1.88
5.35
0.01
0
0
0.15
0
4.13
6.1
5.23
8.53
12.95
0.88
0.43
0
0
0
0
0
0
0.6
1.98
0
13.51
0.37
15.18
0
0
0
0
3.73
0
0.41
0
2.05
0.09
0
1.48
0
0
0.06
0.13
0
0
0
0
0
0
6.04
0.02
0
16.17
0
0
0
0
0
13.69
0
11.46
0.01
0
0
0
0
9.53
2.01
1.08
3.59
25.23
0.97
2.41
0.12
0.03
0
0.01
0
3.02
3.13
0.02
0.36
0
0.01
0.34
0.79
0
0
32.06
0.03
9.1
2.54
4.07
5.72
1.9
35.8
0
0
0
23.6
3.38
2.99
0
0
0
0
0
0
2.72
0.41
0.12
5.99
0.73
1.65
7.76
0.7
0.26
0
0
0
5.36
0
8.73
24.94
0
0.01
0
19.42
7.6
0
0
19.24
3.54
0
0
0
0
0
4.67
7.3
1.43
0
0
1.21
0.08
0
0
0
0
0.17
1.8
0.34
0
0
0
0.25
0
0
21.32
0
0
0
15.03
0
0
0
0
0
0
0
0
0
11.91
21.32
4.34
0
0
0
0
1.11
14.09
8.21
4.07
19.2
0
0
0
0
0
0
0
0
0
5.31
0
0
0
0
0
0
0.01
1.85
5.96
0.02
0
0
0
0
0
0
1.03
0.04
0
0
0
0.11
0.19
0
0
0
0
0
0
0
0
0
0.03
0
0
0
0
0
0
1.59
0
0
1.05
13.48
4.97
0
0
0.64
3.24
0
0
0.09
0
0
0
0
0
0
0
0.01
0
0
0
0
1.7
2.14
6.27
0.24
0.03
0
1.34
17.01
16.22
0.4
0
0
0
0
0.03
0
0
0
0
4.94
0.01
0.01
0
0
0.02
0
3.12
0.19
0
0
0
0.01
0.05
0
0.04
0.01
0.21
0
0
0
0
0
0.19
0
0.02
0.04
0.24
0
1.32
0.01
0.26
0.02
0.42
0.28
0
0
0
0.06
0
0
9
1.96
0
0
0
3.96
0.07
0
0
0
2.22
4.15
0
0
0.18
0.01
0.1
18.37
0
0.02
0
0
0
0
8.67
0.05
0
0
0
0
0
0
0
0
0
0.55
0.95
0
0
0
0
0
0
0.02
0.02
0
6.58
0
0
0
0.22
0.54
0
0.43
0
0.92
0
0.1
0
5.25
5.71
0
0
0
0
0
0.06
9.12
0
0.01
0
0
0
0
0
0
0.38
0
7.27
0
0
0
0.01
10.7
5.71
0.01
0.09
2.08
0
0
0
0
0
0
0
0
0.94
0
0
0
1.33
0
0.14
1.89
0
0
13.64
19.81
13.57
0.91
0
0.04
7.17
3.42
0
5.17
2.54
2.56
15.45
0.83
0
4.32
2.44
0.19
0.23
0.47
0.69
0
0
0.11
2.65
23.97
46.97
2.54
0
0.55
0.38
0
0
0
0
0
0
0
0
0
0
0
0
0
5.03
5.14
0.27
3.41
3.76
0.02
22.76
14.09
0
0
0
12.42
0
0
0
0
11.09
3.93
0
0.41
3.23
9.33
0.63
0.63
0
0
4.48
0.39
0
0
0
1.34
1.75
0
0
0.07
0.12
0
0
0
3.54
51.65
8.45
0.08
0
8.35
0.03
6.69
12.19
0
0
0
0.24
4.16
0
0
0
0
23.14
0.08
0
1.23
0
0
0
0
1.35
7.04
0
0.62
0.79
0.32
0
0
0
0
0
0.01
6.65
0
0
0
8.33
4.88
11.88
3.81
0
0
0
0
0
0
0.03
0
0
0
0
0
0
0
0
4.79
0
0
0.26
0
2.8
0
17.34
0
0
0.47
0.05
0.01
0
2.72
4.1
0
0
0
0
0
0.22
0
0
0
0
0
0
0
0
0
0
0
2.07
5.2
3.48
0.18
0
0.13
3.89
5.87
20.56
2.02
0.11
13.22
0.55
0.18
0.09
11.89
8.39
0
9.97
2.23
4.12
0.16
0.01
13.41
0
0
0
0
0
0
7.8
3.1
0
0
3.65
10.67
0
0
0
0.37
0
0
8.3
0
0
2.07
8.02
0
0
0
0
0
0
0
9.12
33.57
0.01
0
0.35
0
0.37
0
0
0
0
0
0
0
0.31
0
0
0
0
0
0
0
0
0
0
0
0
0.02
0.18
0.32
0
0
0
0
0
0
0
0.02
6.09
0
0
0
0
0
0.57
2.15
0
0
0
0
0
0.63
0
0
0.01
0.01
0
0
0
0
0.03
0
0
0
0.11
0
5.62
22.23
0
0
0
6.13
0.33
11.7
0
3.86
2.58
0
0
0
0
0
0
0.13
0
0
0
0.03
0
0
0
0
0
0.13
0.32
2.31
0.04
0
0
0
0
0
0
0
0
0
0
0
0
0
0
0
0
0
4.63
0
0
0
0
1.88
4.38
0
0
0
0
0
0
0
3.84
0
3.41
5.79
2.02
9.23
0
0.11
3.04
0
0
0
0
0
2.6
0.22
0
0
0.45
4.11
2.4
0.02
2.89
0
0
0.04
5.36
0.25
4.94
1.15
0
0.36
0
0.06
3
0
0.39
3.11
1.62
7.85
0
0.22
0.29
0.72
1.04
0
0
0
4
0.09
0
1.43
24.24
17.47
10.76
1.37
0
0
1.01
3.11
0
0
0
15.96
0
6.4
2.05
0.94
0
0
10.25
0
0
0
0
11.17
0
0
0
0
5.83
1.4
0
0.04
0.14
11.18
0.72
0.21
49.62
16.01
3.03
0
0
0.06
0
0
0
0.05
18.95
5.33
3.12
0.18
0
0
0
0
3.09
0
19.26
14.86
3.01
0.74
29.43
6.44
0.74
0
0
0.37
0.38
0.21
0
0
0
0
0
1.24
23.75
0.27
0.05
2.9
0
0
0.06
0
0
0
0
0
0
0
0
0
0
0
0
0
0
0
0
0
1.76
36.69
1.02
22.18
0.72
0.11
0
0
0
30.89
0
3.5
0.25
9.5
0
0
2.02
21.48
5.21
6.6
0.14
14.92
3.65
0.12
0.06
0
0
0
0
0
0.82
0
0
5.73
0
0.83
0.08
0
0.03
0
0
0.28
0
0
0.03
0.13
0.05
0.09
0.07
0.01
0
0.26
0.12
9.82
0
0
1.39
0.03
0
0
0
0
0
0.1
0
0
0
0
0
7.97
3.66
0.1
0.02
0.72
0
3.98
27.17
2.72
0.03
0.07
0
0
0
0.63
0.3
0.34
0.94
1.22
0.27
0.59
0
15.35
1.87
0
0.05
10.06
3.83
0.05
0
