20010101
5.16
4.07
1.95
3.72
3.86
3.87
3.49
1.77
5.5
6.23
4.24
6.11
5.17
7.52
7.65
1.7
3.04
4.22
3.99
2.24
1.86
2.24
1.52
1.72
2.69
1.44
5.42
3.56
2.82
2.09
4.59
5.54
7.38
6.66
5.01
6.88
8.55
6.4
9.15
7.05
7.28
11.07
10.75
6.44
7.93
11.07
11.54
9.54
10.5
7.69
6.21
8.51
10.7
6.39
6.99
11.95
6.89
13.24
8.31
8.44
11.01
4.79
7.93
4.31
11.48
13.74
9.43
12.28
11.63
13.84
15.66
2.08
11.55
12.16
14.89
12.59
15.13
7.69
11.81
2.92
2.26
13.07
13.13
15.08
12.66
4.6
9.6
9.03
7.58
10.27
18.87
20.63
18.99
19.38
7.27
19.73
14.59
2.48
8.33
14.89
4.92
13.45
19.94
18.42
21.43
14.29
11.33
20.57
13.68
7.21
8.34
10.45
20.29
23.24
24.08
5.76
25.2
23.39
24.08
22.93
25.26
25.68
25.57
22.81
20.94
17.84
13.05
17.92
20.94
26.1
20.25
24.57
25.39
27.27
22.09
26.19
27.75
21.45
20.95
26.83
17.6
21.27
26.5
30.23
23.82
29.48
24.18
21.11
21.79
27.02
14.76
22.85
25.78
14.99
13.3
21.75
25.05
20.83
27.28
17.3
22.48
5.55
28.57
27.34
14.54
26.66
23.79
12.03
16.95
11.41
9.34
28.49
15.51
23.48
29.39
28.77
29.52
28.18
20.9
13.96
27.56
8.93
24.61
25.47
17.28
22.93
23.17
26.39
25.17
15.38
21.74
28.33
14.67
25.2
27.15
24.33
18.06
4.69
25.1
24.46
15.01
3.69
9.65
6.93
12.4
15.42
21.17
19.78
25.58
26.05
21.84
26.66
24.91
23.45
24.3
24.31
25.02
23.65
24.99
25.1
24.77
21.58
7.52
26.28
25.21
22.41
22.04
23.81
22.46
22.69
21.57
22.67
18.57
11.97
18.15
16.14
19.83
22.44
20.46
14.74
22.55
21.59
6.76
14.58
9.6
19.7
16.84
3.59
3.55
12.54
8.22
6.03
13.66
8.45
12.62
17.28
8.95
3.78
6.97
4.38
12.21
11.05
18.48
15
13.25
3.88
14.17
4.79
6.6
16.2
16.77
14.69
7.74
10.56
14.89
14.14
12.39
10.66
13.94
11.31
13.99
10.35
10.46
11.95
13.08
13.17
12.14
11.66
10.8
7.55
3.64
2.37
2.61
9.4
8.4
9.57
3.04
3.18
6.8
9.46
6.46
3.94
5.4
9.99
6.46
9.35
9.79
10.01
9.03
3.87
4.96
3.79
2.76
6.67
2.85
2
1.54
5.75
8.75
8.93
8.31
4.88
2.67
6.32
7.62
7.14
4.76
4.48
6.29
4.02
1.73
2.36
5.45
1.79
6.39
2.93
2.44
1.34
2.83
1.97
2.62
5.82
6.27
7.11
2.08
1.72
4.48
5.66
6.77
4.78
2.91
2.63
6.89
6.52
6.05
4.63
2.97
7.69
4.37
2.74
4.02
4.05
3.67
2.04
2.78
4.23
3.15
6.07
6.42
5.88
6.61
4.91
3.5
6.04
1.59
1.07
3.22
1.56
1.76
1.7
1.68
2.09
2.25
6.12
6.64
1.27
7.53
7.52
2.75
5.83
2.6
2.76
5.82
7.26
8.2
6.77
6.23
8.59
8.65
6.86
8.51
5.87
2.52
4.69
5.01
3.53
9.28
6.48
8.37
2.32
7.04
6.53
5.39
3.52
7.83
3.51
4.04
13.26
7.81
8.07
6.38
11.41
7.75
2.05
9.73
8.86
8.56
14.97
14.15
7.83
13.96
14.74
14.33
7.97
16.84
13.8
8.1
10.68
10.8
8.02
14.92
10.98
7.66
7.71
7.7
7.93
8.29
7.94
7.81
7.85
12.16
16.42
18.09
18.48
15.65
7.56
17.52
16.32
7.56
17.83
13.67
17.86
17.93
7.18
6.6
6.7
6.64
7.49
7.07
6.91
17.74
7.41
6.91
11.6
11.03
19.21
18.32
14.59
7.85
18.9
15.09
6.76
23.54
20.44
20.52
24.46
22.38
18.29
22.29
8.01
15.5
18.07
22.29
15.84
11.52
19.78
17.16
15.11
20.9
23.98
22.85
21.87
22.89
17.1
8.13
11.72
18.8
12.93
8.43
8.19
5.65
8.4
8.16
8.57
8.91
8.75
1.88
2.45
1.93
1.98
1.21
1.22
0.95
1.57
1.19
0.88
2.17
2.29
2.06
1.81
1.96
1.7
26.14
29.53
29.69
29.64
28.59
27.8
28.3
27.05
14.13
29.28
30.21
9.21
23.29
28.61
29.7
26.42
26.33
10.73
30.1
29.71
17.59
30.03
28.03
27.15
28.73
24.84
22.59
26.7
22.01
19.57
24.63
10.97
21.39
22.98
28.14
15.56
26.16
19.68
23.78
26.98
28.51
23.82
19.51
23.96
17.17
18.06
19.27
23.34
16.12
18.78
9.48
6.98
11.52
21.25
21.18
5.65
7.89
11.14
9.62
14.8
21.02
22.55
21.07
21.77
21.43
14.82
12.17
17.93
21.64
22.32
20.18
13.25
15.34
12.85
18.4
20.04
17
15.52
19.74
15.56
16.47
14.31
16.84
18.21
17.55
10.48
12.52
18.06
12.85
18.67
8.95
13.14
13.88
18.22
14.65
10.26
11.14
3.59
3.69
2.77
3.34
11.46
8.49
6.1
15.05
16.42
15.97
12.94
11.98
7.01
13.39
7.77
12.06
13.65
4.24
4.62
1.82
1.87
6.26
10.39
9.09
8.52
9.66
4.84
9.28
11.76
7.54
6.15
11.43
7.75
9.87
10.58
7.3
11.32
10.8
3.05
2.42
5.42
3.27
3.74
2.3
4.86
4.38
2.95
3.06
4.65
8.27
3.82
9.03
5.45
3.86
7.59
3.55
4.7
4
6.61
7.21
7.04
2.2
5.73
5.75
4.85
4.15
3.95
1.75
2.1
4.41
3.58
1.04
1.43
0.99
1.09
1.18
1.03
2.7
3.57
5.89
3.12
1.67
1.25
1.46
0.88
2.47
1.93
3.07
4.35
5.93
3.68
3.2
1.96
1.48
2.38
2.26
2.17
2.03
4.16
2.48
1.28
3.11
3.16
4.45
3.62
1.84
3.1
1.59
6.18
2.3
3.34
6.42
7.43
6.12
3.67
7.53
6.95
6.52
3.24
3.34
3.24
2.43
1.92
5.42
4.44
3.77
4.06
5.43
4.25
7.31
7.5
2.57
8.55
9.3
7.42
1.16
5.51
6.66
9.85
5.12
7.58
3.62
3.35
11.01
9.9
11.3
9.25
5.66
11.27
12.03
5.88
5.51
7.81
9.31
8.36
12.13
13.63
12.36
14.12
12.72
13.24
10.59
4.46
10.85
6.53
4
4.71
12.72
10.8
11.48
11.4
6.05
14
3.93
10.91
6.71
16.8
13.4
10.73
15.4
19.41
19.14
18.79
19.04
18.05
15.75
17.45
17.83
15.83
15.11
8.84
21.19
12.57
5.3
13.47
13.94
17.41
13.38
16.52
16.16
10.81
5.67
8.05
21.76
12.92
9.89
22.15
19.06
16.51
19.39
22.08
23.18
22.67
13.02
18.65
22.79
23.01
9.18
23.11
22.44
16.33
17.21
21.3
9.97
26.32
27.39
26.59
26.97
23.12
22.6
21.31
20.52
25.61
23.76
9.3
22.45
27.36
27.25
25.14
24.76
6.45
7.86
14.76
28.15
26.64
25.04
20.24
21.53
23.96
26.15
27.27
26.56
18.38
19.6
21.15
26.84
27.46
27.75
26.76
26.31
27.41
27.33
25.75
28.65
23.33
24.31
18.64
21.56
24.54
6.62
23.97
18.13
27.2
28.38
27.87
20.82
27.02
27.03
24.26
23.53
13.11
28.11
28.35
21.7
19.37
16.21
20.64
18.17
27.88
28.93
20.32
22.17
28.86
20.99
14.97
28.07
27.83
27.13
24.69
27.81
27.78
28.12
27.3
25.61
11.73
27.05
17.32
26.51
27.42
24.59
19.47
9.98
9.82
22.4
25.07
25.82
22.31
24.19
21.38
25.49
25.3
24.19
25.32
26.3
25.72
20.32
17.88
18.06
20.67
23.11
22.07
18.2
20.66
20.24
22.34
21.98
22.03
12.64
23.37
22.07
20.8
13.94
12.71
3.59
19.74
13.03
18.69
17.54
21.52
15.95
17.87
14.64
7.88
3.07
13.64
11.71
3.93
18.29
19.43
18.98
18.17
18
18.03
17.88
17.91
17.7
17.11
5.44
16.36
17.58
16.24
14.64
2.09
16.33
13.45
14.69
11.71
9.79
10.43
10.83
5.54
8.51
12.39
10.31
12.05
7.6
10.07
12.15
12.99
8.59
12.01
10.71
5.99
5.58
6.28
3.69
4.75
6.51
12.3
11.37
8.53
10.81
3.13
4.45
8.56
6.8
3.94
9.71
9.46
10.1
5.23
4.24
6.17
2.55
2.74
8.67
6.11
8.1
3.93
5.19
2.94
1.56
3.65
7.56
7.71
5.7
5.82
6.5
5.59
6.11
2.18
4.46
2.74
3.18
2.4
1.91
2.11
1.67
1.34
1.64
2.38
5.95
6.65
6.19
5.48
3.91
3.76
5.22
3.32
4.1
3.57
2.88
5.78
5.78
5.64
3.07
1.98
5.96
6.15
6.63
5.42
5.52
3.3
1.63
2.57
1.48
2.35
1.53
2.68
4.9
3.99
6.33
2.87
3.57
1.38
2.28
5.04
3.86
2.95
5.25
2.78
6.58
1.37
2.94
4.71
2.87
6.68
5.83
7.77
8.12
6.84
6.22
2.47
5.59
8.02
8.24
9.05
8.41
5.74
3.84
4.91
8.38
3.5
7.62
8.69
10.17
7.08
3.94
9.34
5.03
4.43
4.6
4.38
11.95
8.67
8.5
8.98
8.38
2.48
1.66
4.2
12.68
3.03
6.41
9.27
11.2
8.93
11.99
7.77
15.26
8.77
15.24
5.93
5.27
7.43
15.19
13.92
8.41
11.61
9.72
15.41
15.65
16.68
17.16
15.82
11.56
11.34
5.01
1.86
2.6
5.19
11.22
6.99
7.47
17.25
13.37
16.11
11.56
15.33
16.88
17.18
4.36
4.92
6.12
20.6
10.52
4.24
14.72
8.83
4.31
5.06
14.8
17.97
5.73
13.05
14.38
4.39
21.34
23.41
23.29
5.82
13.95
16.86
19.44
23.01
23.9
15.42
17.69
21.83
23.44
13.79
15.76
13.05
13.36
9.87
22.44
15.79
18.11
24.8
9.56
27.56
24.58
19.49
13.85
26.34
18.71
27.59
24.68
8.41
14.74
23.18
21.75
28.14
24.29
10.36
10.1
28.16
29.09
16.82
8.51
12.68
8.5
5.39
18.59
27.61
27.99
27.11
22.12
18.83
14.15
8.31
25.24
25.43
15.94
27.79
20.02
20.89
12.36
20.5
25.17
27.56
25.05
5.68
27.82
23.71
20.28
16.44
22.98
26.22
4.48
29.03
25.43
28.17
22.3
16.77
23.57
18.71
26.94
13.25
21.36
22.67
10.7
10.44
23.78
26.06
28.02
21.94
26.15
27.14
23.26
23.02
21.01
20.2
14.02
11.06
10.28
9.6
11.55
27.31
19.61
21.16
21.15
23.81
23.73
18.78
11.26
20.92
19.56
24.03
23.4
22.89
7.14
21.66
22.4
25.18
24.77
23.96
24.16
21.16
16.37
20.92
22.96
19.85
13.37
4.14
19.97
23.09
22.72
20.21
5.94
11.47
8.67
17.33
18.37
16.53
20.56
17.22
18.05
21.56
20.95
20.1
16.65
19.05
19.29
8.78
9.26
18.78
19.35
15.16
15.31
12.36
12.99
12.28
2.56
8.95
10.71
8.47
8.48
14.29
9.69
8.24
9.58
10.04
14.58
13.84
14.01
9.87
12.36
6.31
1.91
7.59
8.25
1.75
1.84
2.69
2.77
5.18
11.67
8.01
10.52
7.29
2.13
3.19
7.63
8.68
8.02
7.96
8.99
7.99
4.97
4.15
6.01
3.06
2.13
4.43
4.83
7.14
6.75
4.46
2.68
5.14
2.88
2.67
1.71
3.69
2.75
3.89
6.36
6.67
3.16
7.11
7.25
3.05
6.03
7.97
7.67
7.32
3.67
6.12
3.58
1.33
1.46
5.43
2.96
3.41
2.51
4.48
2.88
1.16
1.5
1.28
2.94
1.16
0.89
0.92
0.97
0.9
1.03
2.05
5.87
6.27
6.34
3.83
2.66
5.21
3.96
1.12
1.02
1.43
4.86
2.7
6.2
2.29
4.09
5.4
2.79
5.89
3.91
5.2
6.76
4.42
6.5
4.36
6.47
2.35
3.97
5.64
7.46
7.48
2.19
4.84
3.5
4.48
6.56
5.8
3.88
5.03
2.77
4.8
6.81
6.67
7.44
4.35
7.55
4.46
2.66
6.4
9.26
9.31
8.49
10.37
10.71
10.24
6.25
3.9
6.91
9.67
5.7
2.81
6.5
7.61
3.85
10.71
3.45
7.8
7.21
11.05
4.55
9.78
7.22
13.89
14.93
14.94
13.98
4.3
9.97
12.38
15.69
6.88
5.75
16.05
14.94
14
13.86
17.08
15.25
16.47
17
11.28
3.79
18.06
16.76
16.02
14.92
16.18
9.19
12.68
12.04
12.22
13.7
5.35
16.07
20.15
20.55
20.89
21.11
21.09
20.19
17.15
18.65
3.91
6.29
3.37
5.95
9.1
14.7
20.81
22.01
11.42
6.15
6.64
6.09
24.11
24.64
24.18
20.88
16.28
11.64
22.95
18.36
25.62
20.59
24.29
25.08
21.34
13.26
11.97
25.03
20.94
16.91
12.09
14.67
21.01
27.06
26.96
22.28
14.06
17.23
14.26
5.82
7.36
29.66
29.02
25.33
20.43
23.86
29.46
28.85
28.86
28.03
28.28
28.79
18.85
26.65
24.87
28.59
24.85
13.26
18.1
12.95
15.63
8.99
8.83
19.88
16.5
29.44
26.23
19.2
22.55
25.72
16.84
28.9
26.96
30.39
22.04
29.16
29.5
27.13
15.78
20.61
21.84
19.46
17.39
8.59
10.31
28.23
28.24
8.42
28.87
20.93
8.36
7.43
16.96
12.56
5.6
19.52
26.88
28.58
22.44
24.31
23.92
15.18
26.42
13.67
20.21
11.72
21.32
24.96
20.53
25.4
25.81
25.98
24.31
25.25
27.02
25.03
7.23
4.8
16.4
20.22
7.82
20.87
24.79
25.36
19.17
11.07
22.74
21.61
6.06
7.11
6.94
19.87
18.25
16.28
6.66
10.23
17.53
12.01
23.02
10.37
9.59
10.9
19.17
20.5
17.36
18.04
18.11
19.54
14.81
20.6
19.52
19.88
20.39
15.73
11.16
11.32
18.77
17.37
16.13
13.23
18.54
4.52
3.8
3.89
4.95
7.03
6.29
12.36
15.16
14.72
13.7
11.82
12.29
3.9
13.71
15.63
11.37
3.79
4.68
9.52
11.3
12.19
8.12
9.1
12.53
6.76
11.32
9.53
9.18
10.61
13.27
10.64
12.87
12.26
7.21
5.18
9.55
11.15
8.38
8.41
9.39
10.26
9.36
9.8
9.64
6.63
6.34
3.58
3.51
6.32
4.33
4.08
4.04
5.84
7.97
2.77
4.53
2.14
1.61
1.97
5.44
4.02
5.78
5.37
7.03
5.3
3.32
2.89
6.45
2.39
5.32
2.57
1.84
2.6
3.84
2.22
2.57
2.6
3.65
5.89
2.05
1.12
4.48
5.89
5.45
3.95
6.22
4.96
2.65
2.11
4.41
1.84
5.48
5.92
5.13
4.25
3.98
2.11
4.98
2.88
4.94
2.18
2.13
2.08
2.33
3.32
4.46
1.77
1.45
3.92
2.14
1.51
1.79
3.53
2.78
5
3.62
6.65
4.88
2.58
3.11
5.7
2.8
2.74
2.47
6.19
5.67
7.38
4.6
5.7
8.13
8.14
7.55
5.61
6
4.3
4.81
7.86
3.95
3.09
2.81
5.04
7.74
10.18
5.58
5.99
9.75
6.82
5.74
8.06
5.13
7.39
6.71
4.98
4.22
9.39
10.97
9.61
9.86
8.78
5.49
2.42
4.47
8.45
11.44
11.23
12.93
5.72
11.89
1.55
2.62
11.38
15.68
14.55
7.34
2.49
11.78
7.04
6.62
5.67
7.35
7.19
7.28
6.56
17.15
17.83
15.11
11.67
13.02
18.45
11.48
8.33
16.01
14.39
9.73
17.38
7.24
17.85
18.27
9.46
15.37
8.21
7.18
22.03
22.31
20.11
17.91
8.06
7.6
9.87
13.34
17.39
6.68
16.95
15.17
17.28
21.09
21.14
21.6
21.82
23.75
21.44
17.65
6.62
6.49
3.03
3.25
16.77
18.07
22.81
23.67
22.57
20.98
15.38
18.86
26.92
26.72
26.22
27.65
24.5
13.95
26.32
22.63
17.98
26
5.38
17.51
7.2
26.83
23.8
4.19
25.9
21
19.79
15.77
6.35
4.05
22.87
21.84
4.66
7.4
19.68
18.78
11.14
20.85
25.46
27.8
14.83
19.38
28.36
27.5
28.02
29.47
23.52
23.32
23.18
27.33
26.39
22
26.12
25.05
26.48
27.13
27.06
27.16
26.65
11.76
17.15
11.72
8.63
6.74
23.69
28.8
29.18
26.67
27.7
25.24
26.04
24.53
24.46
26.68
26.25
29.95
28.53
29.5
28.5
28.8
28.79
25.81
26.11
16.66
20.8
23.56
25.62
20.41
25.82
24.42
20.08
21.66
11.59
8.2
8.57
10.87
16.22
15.23
5.92
13.67
24.28
20.12
15.85
3.68
15.32
18.03
24.61
21.2
24.27
22.34
17.11
19.46
18.46
18.22
16.74
21.14
9.19
16.64
19.58
14.9
21.37
9.47
14.71
22.4
21.12
16.09
17.36
16.59
17.75
17.27
10.83
21.41
21.09
18.45
20.02
19.44
18.55
10.07
5.46
14.58
5.98
8.15
17.01
16.15
15.94
17.73
16.15
15.67
16.11
10.56
14.38
14.71
13.05
12.43
10.49
13.78
2.49
10.71
15.4
14.49
14.87
14.58
13.98
13.19
13.27
10.61
9.04
11.68
11.81
13.31
13.2
11.2
6.74
9.8
10.75
9.79
2.93
7.55
9.7
7.4
4.81
4.21
11.3
10.71
2.03
10.06
7.06
4.97
4.15
2.94
9.51
8.93
5.73
7.81
5.57
3.66
4.74
4.1
6.93
8.25
5.39
5.19
5.1
2.09
3.04
1.63
3.65
6.18
6.25
4.13
1.97
2.43
1.85
2.12
2.35
2.45
3.29
3.13
3.4
5.87
4.14
6.26
2.56
2.58
4.59
3.38
4.38
4.54
1.86
1.56
1.25
1.95
2.57
4.79
1.94
2.93
2.52
1.01
3.26
5.51
6.06
2.32
3.05
3.62
3.37
1.7
2.37
3.9
2.93
3.76
4.3
5.36
4.35
4.61
5.61
6.21
7
6.09
5.44
6.99
5.97
5.59
4.08
1.57
2.91
5.55
1.23
1.18
3.14
5.64
8
6.78
6.58
7.04
6.62
8.91
8.76
8.43
7.85
7.87
9.98
6.38
3.01
8.47
5.35
6.56
6.61
7.3
4.98
11.38
3.16
2.65
8.87
8.76
8.38
10.42
4.53
8.24
6.82
7.07
5.19
4.47
8.11
5.14
6.69
2.53
3.12
13.88
14.24
13.06
9.74
2.34
4.74
8.99
14.7
15.96
15.82
15.49
16.76
16.28
13.65
15.78
1.61
5.64
6.85
12.35
6.24
2.64
15.78
14.48
16.28
14.86
6.97
13.65
14.81
14.23
19.68
17.56
9.64
21.2
20.95
18.77
19.61
20.41
19.18
17.87
21.94
22.13
22.96
23.41
22.63
23.49
11.77
19.92
23.49
23.69
24.35
24.2
10.12
20.63
21.66
22.91
25.85
24.88
20.72
25.17
24.26
16.08
12.39
17.99
18.28
25.6
18.42
9.35
21.41
26.72
13.81
24.63
27.06
8.68
18.65
23.56
25.88
21.14
21.17
25.62
26.32
27.34
26.47
26.48
25.81
21.78
14.22
18.92
7.18
22.12
26.46
21.82
19.78
17.11
19.93
19.1
20.95
19.54
22.23
24.49
24.28
22.32
26.16
27.82
27.94
26.64
26
23.25
23.56
26.22
25.96
23.46
20.55
24.58
27.92
15.4
12.91
19.28
21.35
19.11
28.8
28.23
26.24
5.49
23.73
21.78
27.65
26.47
25.23
9.96
23.45
19.89
23.4
29.2
28.92
29.69
28.59
27.85
26.91
26.81
27.81
26.48
28.14
17.88
23.88
28.52
25.09
22.28
19.65
3.64
20.58
27.78
27.75
8.71
24.75
23.74
25.61
23.43
21.69
18.89
14.29
9.55
10.15
22.12
24.02
24.75
25.04
24.66
23.8
13.32
10.61
19.87
19.77
20.44
21.87
17.26
21.84
19.45
17.72
6.87
4.47
14.36
15.1
17.7
16.59
5.99
11.54
4.02
3.38
10.66
9.73
14.82
13.72
12.73
16.75
19.55
10.7
17.31
15.84
6.15
18
17.42
18.34
18.6
17.09
17.66
15.7
8.83
5.15
13.16
15.57
16.54
15.96
13.35
12
5.68
6.47
6.49
12.64
14.47
12.69
7.85
9.3
8.92
6.93
14.13
13.84
12.95
11.98
3.73
11.47
6.54
5.52
2.88
2.58
1.86
3.22
1.69
3.6
1.04
3.35
2.41
6.19
10.19
7.99
6.27
3.8
9.27
4.13
7.65
4.79
1.61
6.91
5.65
6.73
7.41
3.24
2.44
3.9
3.08
1.77
3.41
3.26
5.43
5.55
5.66
5.13
1.92
5.67
5.98
7.51
8.14
4.67
6.22
3.49
1.16
3.48
6.12
5.31
3.18
3.07
3.98
2.43
2.21
1.18
4.05
2.62
3.8
2.38
2.31
3.37
3.21
2.28
1.55
1.5
1.34
1.59
2.15
1.62
1.19
1.13
0.99
1.27
1.94
2.79
2.04
1.29
1.54
1.86
1.91
4.13
6.09
2.68
1.83
3.2
5.17
2.63
2.69
5.2
4.82
2.37
3.07
2.48
5.8
7.34
2.25
6.79
7.58
5.41
8.8
2.4
2.32
5.88
5.97
5.65
6.15
1.67
5.68
7
4.42
5.6
10.28
7.93
9.29
8.37
10.04
9.22
11.22
8.04
6.8
10.24
12.45
6.2
11.93
11.99
10.96
9.66
10.62
12.63
12.8
12.99
9.16
7.69
9.47
3.9
11.2
7.93
3.24
7.23
8.18
3.86
3.9
11.27
14.86
5.17
7.54
14.36
6.82
12.15
12.27
13.88
7.55
16.05
12.51
9.43
8.27
5.76
10.25
12.14
14.34
11.04
14.33
10.78
20.66
20.47
20.07
8.63
14.89
12.36
18.18
19.21
8.96
8.68
19.11
18.34
15.9
5.87
15.21
21.66
11.89
13.1
13.87
15.25
17.78
23.55
18.71
19.15
14.03
24.17
13.82
23.19
24.77
25.75
16.55
17.52
15.23
21.92
25.9
25.63
21.84
18.12
24.8
27.95
24.36
23.54
27.98
25.9
25.79
24.1
23.87
22.64
20.25
10.9
21.03
6.31
13.35
19.46
18.4
21.87
24.99
22.23
28.29
26.28
26.06
24.7
29.14
27.88
26.05
21.76
14.53
6.58
22.86
10.19
16.14
24.74
27.78
21.54
16.38
18.87
20.77
23.72
22.49
15.95
17.53
27.91
22.31
26.36
28.48
27.32
27.51
28.09
27.07
18.99
24.36
27.29
16
26.81
29.51
27.46
21.25
25.08
29.11
25.29
9.13
21.03
21.19
29.54
28.53
21.26
9.8
19.08
21.75
22.64
11.12
28.86
24.47
11.26
16.26
4.15
12.61
14.48
20.55
26.79
25.96
26.59
16.37
24.87
23.35
22.45
25
23.33
14.57
24.66
23.35
17.64
16.43
24.51
26.09
25.21
23.74
23.5
19.29
13.63
22.49
24.81
25.07
22.43
22.15
22.43
14.02
13.8
20.46
20.82
21.52
20.22
17.96
16.41
22.92
18.18
21.22
20.73
19.38
18.01
19.74
18.14
19.18
20.43
19.24
19.29
15.72
10.37
4.86
3.65
3.26
14.46
16.49
13.97
4.96
4.38
7.81
9.15
12.22
6.7
11.19
7.22
9.43
16.59
14.77
10.52
9.21
4.37
3.65
15.67
11.37
9.23
11.42
11.72
12.16
12.06
11.2
11.67
10.44
10.73
10.7
3.82
12.33
11.95
11.78
9.49
9.12
5.64
7.69
4.18
4.74
8.85
8.82
9.05
7.11
9.69
5.21
4.02
9.96
7.28
6.3
6.42
2.37
1.72
5.14
5.28
3.11
2.23
2.21
2.41
3.56
5.3
7.59
8.86
6.07
6.18
1.98
5.69
6.94
2.21
2.56
7.04
6.83
6.79
2.17
2.18
3.44
3.68
2.01
1.54
2.5
2.28
3.03
2.39
6.65
2.96
2.07
0.93
1.44
1.66
1.69
1.22
1.08
1.25
1.22
3.79
6.53
4.78
4.96
2.88
2.38
2.91
2.29
4.42
4.52
1.81
1.96
1.39
1.65
6.27
5.47
4.37
2.21
1.78
6.31
6.79
3.29
2.09
1.15
1.37
1.33
2.66
6.31
4.51
3.55
6.06
6.42
1.51
3.91
2.7
4.03
4.23
4.87
1.03
2.03
4.23
3.29
3.95
2
2.41
1.43
2.61
6.03
9.08
5.45
1.65
8.18
5.04
6.36
6.17
8.88
8.29
8.04
7.78
3.81
9.66
10.81
9.02
3.93
4.68
7.62
6.95
8.22
8.42
7.21
9.03
11.79
4.41
4.45
3.57
1.48
8
2.71
14.95
4.32
13.3
6.7
9.9
9.31
14.09
7.19
9.32
10.3
16.87
4.63
10.92
14.67
17.86
12.48
5.99
15.13
12.14
12.72
15.39
2.89
9.89
8.25
7.29
18.34
16.09
19.8
19.47
18.82
19.88
21.87
20.89
21.93
21.79
21.99
21.64
21.87
22.57
20.5
13.31
19.7
14.23
15.66
17.95
25
7.67
23.58
23.48
20.98
16.86
16.26
14.19
19.14
22.86
15.71
21.14
18.19
24.69
15.2
19.49
25.44
25.34
25.18
25.53
18.61
7.42
8.76
15.53
22.19
27.58
23.96
26.25
26.55
27.48
21.75
22.35
19.49
25.67
25.36
7.93
22.76
18.82
9.32
22.12
17.03
23.44
21.36
17.05
15.28
20.9
12.42
29.25
27.72
22.65
20.07
28.13
26.03
29.92
20.92
16.93
25.07
29.34
30.03
4.84
25.91
4.75
6.36
9.9
25.43
17.02
18.57
12.97
20.06
27.09
22.13
21.97
25.93
24.38
20.39
23.97
22
11.38
21.78
6.18
25
26.26
23.92
28.55
26.8
28.77
28.63
9.63
25.38
24.81
28.18
27.84
27.27
27.99
16.54
23.53
28.46
21.71
27.63
25.57
22.52
26.19
26.37
22.01
8.78
15.41
20.01
19.73
18.97
14.1
23.18
16.91
19.6
15.19
17.05
24.03
24.69
23.86
22.89
19.96
21.78
24.01
15.11
22.42
19.54
22.5
22.79
20.48
21.47
6.25
21.07
22.8
22.12
18.53
19.34
5.23
14.75
21.19
20.11
19.72
17.57
15.93
9.77
17.25
15.21
8.88
13.01
15.9
9.97
9.34
14.25
16.2
16.76
17.05
16.71
15.69
15.02
15.9
15.45
14.65
13.09
13.72
11.69
4.48
13.57
14.88
14.09
13.71
13.1
13.18
7.5
7.38
9.25
1.84
9.75
8.27
7.65
9.04
7.21
7.56
7.28
6.15
11.02
7.54
7.22
2.28
9.45
4.14
8.78
8.68
4.87
8.87
9.6
5.46
6.68
2.67
4.29
5.23
1.42
2.99
1.76
5.36
2.46
3.01
7.76
7.82
6.63
6.07
6.13
7.53
3.1
7.46
7.09
2.24
3.48
2.54
5.94
6.81
3.92
4.63
2.69
3.65
4.27
2.35
4.28
2.63
1.4
4.17
2.93
4.22
0.99
2.2
5.29
1.9
2.01
1.63
1.69
2.67
1.9
3.61
4.37
1.12
4.6
4.49
4.16
3.5
3.04
2.98
5.57
2.23
4.76
4.03
3.34
3.35
2.13
2.67
4.91
5.67
1.13
2.37
1.93
1.33
1.63
2.07
2.96
3.44
1.58
1.55
2.78
6.29
1.96
4.7
3.44
5.28
2.54
3.01
3.68
3.65
6.35
5.01
8.56
4.38
5.7
2.53
4.4
9.22
9.04
4.35
8.13
3.55
2.29
4.77
5.09
4.19
3.8
3.48
5.66
9.98
9.31
6.02
7.78
9.83
8.3
5.55
4.43
12.48
9.62
7.79
10.32
12.36
3.56
14.06
8.12
10.97
6.58
11.28
2.97
14.29
12.15
9.32
11.52
8.83
4.26
4.98
12.12
10.92
9.13
10
6.89
13.46
15.18
13.65
14.93
14.17
4.74
13.31
11.34
13.07
15.75
13.12
15.51
17.47
15.05
5.99
20.2
12.82
21.1
8.39
4.41
22.03
22.35
19.19
19.94
13.12
11.33
4.94
6.24
12.05
12.03
15.33
24.28
15.25
17.83
19.72
20.87
12.73
13.77
22.86
19.74
23.23
19.2
25.24
26.29
25.51
19.66
14.05
12.15
15.47
6.77
25.24
23.35
15.15
18.58
19.89
20.1
11.58
7.98
17.65
6.46
3.33
7.93
14.65
17.67
10.95
17.95
25.44
28.3
25.95
26.48
24.91
26.66
22.97
24.15
16.31
7.57
6.06
6.22
12.13
9.73
30.02
29.4
25.17
28.4
30.14
26.08
28.43
29.22
27.94
18.83
26.37
8.44
11.59
19.87
13.36
9.88
7.23
15.65
28
25.68
13.86
10.06
27.66
28.71
29.51
29.47
27.66
26.85
25.31
28.63
20.88
17.48
25.15
30.2
30.13
29.55
27.68
28.78
21.14
28.37
25.65
27.04
26.78
20.59
25.56
21.88
27.53
27.97
25.17
9.75
6.56
9.21
21.09
19.26
18.39
6.11
18.32
27.06
27.56
15.03
22.92
19.12
10.59
12.04
25.49
13.9
22.89
24.85
25.23
21.11
19.97
18.44
14.3
22.16
18.5
18.02
18.45
23.07
23.72
23.77
12.41
7.11
23
19.19
5.08
18.69
6.56
7.22
18.86
15.61
9.03
9.79
21.24
10.32
3.88
4.27
12.88
7.24
6.99
11.44
15.73
19.16
15.9
6.11
3.67
7.19
10.92
18.68
18.49
18.05
17.43
16.17
5.96
3.18
8.71
11.09
10.17
7.82
8.25
5.18
4.13
6.85
6.56
2.05
11.77
11.07
13.89
13.18
13.25
10.66
8.05
10.66
10.39
5.98
3.42
2.69
2.2
2.44
11.31
12.26
9.71
7.62
1.71
3.94
11.47
10.57
11.09
10.78
8.69
5.95
5.65
3.05
8.53
9.9
8.41
7.48
2.49
5.67
3.46
7.97
5.32
7.32
8.53
6.98
5.29
4.01
3.35
2.23
3.55
2.42
2.22
3.75
7.24
6.62
3.62
6.15
1.79
4.67
4.12
1.85
1.92
2.02
5.03
3.7
4.58
4.13
3.04
0.93
3.99
2.95
2.38
5.88
5.48
4.35
4.39
3.89
2.37
3.28
6.22
5.2
2.47
4.86
4.13
2.06
2.94
5.72
4.57
4.55
2.14
1.3
1.82
1.18
4.88
2.87
1.39
5.44
5.3
2.28
5.86
3.15
1.59
3.36
2.68
3.63
4.65
5.99
4.9
2.79
1.18
3.98
3.81
5.03
7.65
7.04
3.43
5.53
1.62
5.33
4.89
2.94
2.29
3.97
5.71
6.51
9.12
9.61
8.78
10.53
10.11
9.92
9.8
7.58
3.28
3.85
1.38
2.12
2.58
2.16
2.33
7.05
4.54
5.88
6.29
11.91
13.14
12.12
7.59
4.39
8.35
3.03
7.48
3.42
10.83
8.17
13.32
11.61
16.05
14.93
10.04
14.42
15.55
12.56
12.03
15.22
2.99
5.61
3.86
3.44
14.18
15.24
18.08
17.47
18.56
18.62
15
3.07
6.3
18.02
20.23
17.88
8.27
19.82
18.14
15.34
16.44
9.7
18.65
17.72
22.98
22.53
16.82
11.93
18.59
11.71
13.73
11.8
17.57
19.79
21.76
23.96
24.39
24.03
23.53
20.61
20.47
6.67
12.92
14.17
13.03
14.8
12.11
23.52
16.55
25.98
27.82
27.69
27.89
8.28
25.34
26.5
26.8
26.9
24.45
22.74
5.25
21.94
20.81
26.17
26.19
27.39
23.98
24.98
26.39
25.1
27.31
29.27
28.32
11.22
28.47
29.69
28.44
16.44
23.94
20.38
19.27
24.62
25.4
21.71
19.68
10.71
28.37
30.46
26.63
27.2
17.69
27.03
28.33
22.79
20.75
9.94
26.71
27.79
29.62
26.64
9.91
24.54
13.4
28.07
29.71
26.15
25.83
26.91
18.51
14.17
16.3
16.89
24.71
27.39
27.51
29.11
28.92
25.68
28.44
24.97
23.68
20.36
27.39
28.24
22.19
22.16
14.18
15.61
21.66
8.95
4.56
5.15
5.19
24.44
2.17
18.67
14.62
16.76
17.31
24.64
22.51
5.01
23.29
20.77
23.33
15.12
19.96
21.55
26.55
23.33
19.69
24.58
23.45
23.65
24
24.62
19.82
22.39
22.51
22.5
22.85
23.23
22.53
22.81
21.7
18.43
21.02
20.93
21.07
19.13
18.97
21.79
20.12
18.4
20.87
17.64
9.71
10.6
20.31
19.94
15.73
19.79
17.34
13.38
17.78
17.25
17.35
11.47
7.71
15.67
13.28
16.09
14.9
17.09
16.52
15.37
15.69
16.74
16.08
16
15.98
15.52
14.23
14.49
13.39
0.93
9.77
10.06
5.66
10.97
8.22
6.93
11.96
13.57
13.45
13.45
13.09
12.4
2.88
8.87
8.72
1.88
2.07
1.9
3.61
2.26
3.32
3.97
7.74
8.14
2.8
3.12
2.93
8.95
8.55
5.92
6.22
6.42
2.5
2.52
8.78
8.3
8.34
8.19
5.5
2.97
1.96
2.08
1.31
1.06
1.59
1.61
1.7
1.38
1.13
2.34
2.55
6.02
3.15
1.39
1.46
1.38
1.55
4.26
1.07
4.42
3.4
6.41
2.77
3.65
2.22
2.38
4.04
3.89
1.13
3.77
2.28
6.55
1.74
6.82
3.39
4.62
2.36
4.86
6.21
1.73
3.52
1.55
1.39
2.14
6.13
2.98
5.75
2.73
4.1
1.95
5.01
5.33
4.16
4.11
4.07
5.21
6.98
6.58
6.71
5.68
6
3.28
6.75
3.2
1.3
6.94
7.8
5.72
3.56
8.3
7.78
9.05
7.55
4.14
9.41
8.38
6.76
7.18
4.13
2.82
8.16
3.89
3.8
9.78
9.34
6.03
4.58
5.18
9.08
10.06
5.27
10.45
5.85
6.2
10.37
7.16
12.99
12.02
9.13
11.91
10.84
9.55
13.23
4.5
10.5
5.01
12.79
15.01
12.4
14.41
14.78
15.63
12.49
12.72
15.76
3.23
2.85
7.59
11.96
17.2
17.37
17.7
16.04
9.9
15.7
17.64
17.82
16.72
17.13
18.58
20.19
19.46
18.55
7.37
6.83
19.83
19.46
21.66
19.5
19.7
17.68
6.75
5.57
17.49
23.58
20.77
16.87
9.88
16.16
5.48
11.77
8.4
16.11
12.12
19.27
20.22
15.36
8.5
15.88
13.55
22.95
25.79
26.37
26.1
25.78
26.13
25.4
24.53
16.49
14.15
24.71
24.67
9.5
25.75
28.15
26.94
27.07
21.38
17.57
9.59
18.45
10.88
27.07
29.69
29.22
28.11
10.64
3.43
22.47
23.67
23.12
22.59
27.78
18.19
22.96
20.27
19.51
20.45
12.86
27
17.28
21.86
25.65
26.64
24.77
12.22
15.27
13.73
7.4
18.3
26.71
29.16
30.52
29.61
30.24
27.83
28.06
26.37
19.35
25.45
28.67
6.67
24.1
25.66
24.18
26.44
28.47
27.54
28.7
26.16
26.66
25.83
26.33
28.21
29.39
27.95
25.96
25.51
20.1
11.74
24.18
10.54
21.32
21.87
21.28
26.61
26.24
8.53
14.89
23.09
17.23
14.63
20.29
23.92
25.68
20.44
26.1
20.18
27.05
26.54
21.3
24.78
25.71
25.41
23.76
19.03
18.69
22.05
10.88
21.74
23.61
23.85
23.4
21.57
21.07
23.32
24.11
24.64
20.98
21.41
17.29
22.29
22.69
11.93
17.41
23.4
20.53
21.71
10.6
6.59
18.88
18.34
13.74
14.73
16.35
21.28
21.08
20.82
20.39
19.8
14.29
4.09
4.94
11.81
17.29
16.24
17.03
9.95
16.07
18.24
16.05
15.85
14.96
17.09
15.74
8.22
12.25
9.21
10.58
12.88
4.63
14.36
13.74
12.58
14.41
9.88
13.27
10.67
3.47
9.05
3.85
5.34
6.38
10.7
2.9
8.44
11.59
10.4
9.51
8.67
9.24
3.76
2.95
2.04
2.08
2.98
3.67
5.59
10.48
10.32
1.95
4.63
8.68
7.53
1.44
5.16
7.08
9.37
7.33
5.76
7.43
1.34
4.77
6.74
6.9
3.05
4.6
2.92
3.2
2.33
2.33
2.56
1.99
3.14
3.61
3.51
4.66
5.85
5.23
3.07
3.42
1.47
5.84
2.2
3.68
3.11
6.03
2.12
6.46
4.7
5.11
6.41
6.5
3.58
1.57
2.46
1.29
1.39
2.6
3.05
1.29
1.89
1.72
5.68
2.93
1.13
5.2
2.61
6.56
7.13
5.64
3.35
1.36
4.44
4.02
3.38
1.47
2.68
1.93
2.74
2.46
2.69
5.27
1.88
1.77
2.66
3.47
2.69
3.28
4.12
5.07
2.79
3.43
3.45
2.06
6.17
5.66
6.99
3.61
5.08
7.97
9.45
5.45
1.18
6.1
4.65
3.5
2.02
10.32
7.57
4.78
4.44
8.96
3.82
3.42
4.35
7.49
8.65
8.97
6.63
9
5.51
9.26
6.96
7.75
4.52
7.16
1.97
3.96
7.48
2.93
15.01
15.05
15.05
14.86
8.5
11.37
10.59
6.59
3.1
13.65
6.54
7.31
3.63
10.54
14.93
11.54
2.53
13.33
15.91
8.05
19.22
9.79
4.84
3.79
6.87
17.6
19.23
2.65
4.23
3.52
8.25
2.72
3.95
12.69
3.98
9.87
11.55
20.63
17.1
17.34
19.34
11.92
17.03
21.37
23.38
24.79
17.63
23.21
20.84
20.99
22.51
17.19
20.99
25.72
24.85
24.68
17.22
23.2
20.33
22.5
23.39
10.68
15.64
21.24
10.98
12.4
19.12
21.59
21.69
26.38
7.02
20.11
26.88
23.81
28.52
21.77
10.04
29.38
26.15
18.7
28.03
22.75
20.63
21.89
15.85
17.44
14.1
16.31
18.85
4.08
9.88
13.56
6.83
15.47
9.41
12.6
17.31
22.78
21.53
26.66
19.62
10.57
23.55
30.2
28.7
28.17
25.35
29.61
28.86
27.75
28.19
29.24
27.67
24.14
3.93
10.61
25.07
30.42
24.82
24.22
23.6
29.48
29.35
29.01
29.72
29.07
26.37
27.96
29.05
27.65
26.06
16.17
23.47
20.89
25.6
19.27
29.36
29.83
27.31
23.28
27.91
29.11
29.18
27.92
26.76
18.84
24.97
26.23
26.21
26.62
21.33
21.78
27.55
27.65
26.73
25.3
25.83
25.81
25.68
25.82
24.39
12.8
25.46
22.67
17.8
5.51
24.78
25.7
25.4
24.87
21.64
15.08
18.59
22.07
20.06
5.25
6.1
10.15
11.45
11.58
21.59
22.03
20.3
10.6
15.73
12.84
14.09
16.24
19.34
21.14
19.42
4.04
13.17
10.22
12.82
11.76
9.77
12.44
14.55
4.69
8.19
16.12
14.85
11.42
16.15
16.31
17.71
14.86
11.14
3.93
7.09
2.02
2.51
15.5
11.64
14.7
16.69
7.77
4.28
10.43
14.24
8.22
7.83
6.42
12.36
13.18
11.31
12.59
6.29
12.95
10.32
12.36
9.77
9.54
9.68
11.56
7.31
10.69
8.24
9.89
10.12
5.87
3.76
8.65
10.03
5.01
3.14
3.23
1.87
5.7
8.29
7.37
2.11
4.23
2.62
4.33
1.32
3.27
1.82
6.61
5.42
2.78
2.85
1.76
1.8
1.68
2.41
1.61
2.67
5.2
4.78
8.05
6.75
4.28
6.94
6.43
6.76
6.67
5.78
4.91
4.65
4.55
2.34
2.86
3.19
2.16
1.28
1.13
2.18
2
1.45
0.9
3.44
4.06
3.5
3.14
2.4
6.05
3.74
1.62
3.27
5.02
2.84
3.46
2.32
1.19
4.72
5.81
3.68
2.18
4.43
2.87
1.65
2.11
2.98
1.97
6.91
6.92
2.46
4.55
6.09
4.59
3.79
2.69
3.94
3.79
2.43
1.64
1.06
8.27
4.97
4.19
3.67
4.08
4.23
3.84
3.37
2.3
3.35
2.39
3.38
3.4
8.4
3.5
3.33
7.02
1.8
2.52
10.21
6.76
9.89
5.33
2.54
2.94
3.71
8.28
3.58
2.38
4.09
11.49
7.52
10.44
11.38
10.27
10.21
7.91
3.81
6.56
5.48
7.03
10.08
10.32
14.69
11.99
16.08
15.39
15.55
15.39
7.61
11.82
17.35
16.38
12.77
18.53
17.63
15.25
5.3
10.57
10.96
14.76
12.45
18.58
19.15
19.82
15.29
17.15
16.84
15.4
16.24
9.1
11.53
19.9
19.36
14
7.5
22.41
13.26
12.12
14.91
13.59
13.67
8.52
22.32
14.14
10.55
13.44
18.22
16.81
15.36
3.98
9.91
23.29
19.24
18.81
23.94
23.3
21.09
5.96
19.75
27.5
26.33
19.1
22.55
21.44
24.63
7.72
22.01
6.25
17.16
7.49
6.26
6.76
12.6
28.58
29.09
28.72
27.11
25.69
24.26
27.85
20.73
25.18
16.48
16.07
22.2
16.12
13.37
25.16
20.71
28.77
19.95
30.62
29.76
29.4
30.09
29.9
29.28
21.6
25.61
20.59
28.73
24.27
9.29
25.61
25.12
16.39
21.06
29.31
26.55
10.22
10.64
30.36
27.26
27.93
26.97
9.82
27.11
23.24
27.87
30.16
19.97
29.46
29.32
24.56
16.72
8.39
9.93
22.48
23.23
21.53
23.23
26.4
27.4
27.11
27.09
27.58
17.74
7.17
22.59
25.55
19.24
23.71
15.63
12.34
17.85
14.03
13.75
19.65
22.91
23.67
20.74
18.11
10.4
16.51
22.22
24.58
23.3
21.22
14.37
18.75
6.5
13.99
18.06
23.41
25.2
17.23
11.49
20.14
14.77
10.64
16.77
21.96
10.45
13.83
22.77
22.89
20.12
12.89
4.05
2.77
15.05
9.83
16.6
7.24
12.07
18.68
17.38
7.17
2.74
5.76
12.84
6.1
9.53
11.31
16.12
18.02
16.97
13.32
16.38
9.97
12.68
16.82
7.39
2.37
5.69
16.96
16.46
7.42
6.86
5.2
9.43
5.49
11.35
12.63
8.41
11.88
14.27
12.29
13.13
12.64
12.69
11.78
5.96
10.35
4.92
12.46
12.17
11.42
3.42
3.74
1.67
1.37
2.74
4.85
4.98
7.72
7.95
4.92
4.47
9.04
9.92
5.69
9.21
8.56
3.26
4.22
3.4
5.12
7.68
7.3
4.04
3.28
4.48
3.61
5.31
2.43
6.31
6.09
6.75
6.22
6.46
5.75
2.84
1.85
4.7
2.84
1.17
1.48
1.15
0.69
1.03
1.2
1.32
1.53
0.9
1.53
3.56
2.63
6.12
3.67
6.34
5.65
3.07
3.17
1.96
4.42
3.27
5.91
5.7
6.26
4.09
4.65
5.83
5
4.59
3.79
1.9
5.31
4.91
7.4
2.35
4.69
4.32
6.68
2.82
6.27
3.84
3.53
2.59
5.79
0.85
5.87
7.23
6.59
6.41
6.73
2.46
2.44
3.39
2.18
2.35
1.9
1.57
1.62
2.66
7.17
2.45
7.57
2.19
1.65
9.5
4.39
8.22
6.91
2.93
4.26
3.41
7.45
7.05
3.15
3.04
4.37
8.48
11.12
7.38
9.06
11.81
9.33
8.02
11.8
12.5
11.76
3.05
3.24
2.11
3.82
8.16
8.62
9.46
8.48
4.05
14.96
7.9
7.18
12.26
14.4
15.4
15.14
15.25
6.28
7.43
3.18
7.6
5.55
13.26
14.35
16.76
15.74
15.06
17.37
13.7
17.12
14
7.39
15.05
3.97
13.01
15.02
8.27
13.81
18.03
10.74
18.68
11.02
17.19
19.91
11.98
5.13
13.9
21.76
19.69
20.67
19.19
19.36
22.66
21.89
9.53
9.97
21.74
24.77
24.79
22.03
22.8
18.32
25.05
19.46
22.06
7.15
26.02
20.97
13.86
19.86
9.02
20.27
21.85
20.61
26.74
25.36
18
23.2
28.6
26.25
23
17.43
4.88
14.63
20.66
24.81
26.18
22.71
5.17
3.94
5.99
24.62
6.83
6.74
18.69
22.61
27.82
28.03
19.12
26.91
28.64
28.97
27.23
28.62
29.96
29
28.17
27.19
29.17
28.97
29.44
28.97
24.07
18.54
16.58
22.48
26.25
11.22
16.99
22.5
27.44
4.25
16.99
28.1
30.02
12.45
22.74
21.54
27.65
27.82
27.58
28.13
30.05
30.47
26.04
28.3
19.71
16.64
29.14
29.28
26.37
9.52
17.57
23.98
25.05
27.26
24.29
27.43
25.98
25.35
27.65
23.48
26.4
21.52
12.94
7.62
11.5
11.26
7.43
22.08
26.25
20.48
22.38
23.6
24.98
25.56
25.42
24.7
25.31
23.29
24.64
24.82
24.01
22.53
20.57
17.33
6.88
16.56
17.55
6.83
17.91
22.04
15.03
20.3
8.88
22.55
19.75
23.22
22.55
22.44
22.56
22.37
16.85
14.99
15.27
4.33
13.43
18.26
18.12
17.21
14.33
10.26
19.98
15.56
13.86
12.01
14.84
17.59
16.24
13.75
14.09
17.69
15.84
14.3
10.91
1.85
7
8.98
9.98
12.41
9.57
15.48
15.38
12.82
11.9
12.17
9.3
3.24
5.11
5.11
3.14
2.14
8.28
2.55
1.76
1.35
4.7
6.55
5.15
1.23
6.59
5.53
7.89
6.51
11.19
9.05
8.22
9.39
1.58
3.5
10.38
10.61
11.47
11.46
10.94
8.39
9.06
9.54
6.16
8.8
5.67
5.74
8.95
9.04
8.73
6.13
2.98
8.31
4.47
8.2
7.97
3.55
1.33
3.14
7.23
5.39
2.59
3.33
3.68
4.56
6.61
5.37
4.31
5.33
3.95
1.84
4.55
2.45
2.25
1.2
1.69
4.79
7.17
2.7
5.46
4.55
2.02
2.92
1.3
1.79
5.06
1.27
3.64
5.86
4.56
5.03
4.75
5.92
2.89
6.49
1.88
4.97
4.39
2.42
0.8
2.56
2.42
2.96
1.2
4.29
3.29
2.76
3.37
4.45
6.29
5.67
5.6
2.44
6.51
4.4
7.23
6.23
7.64
8.64
9.15
2.55
7.1
2.79
7.07
7.19
8.73
7.63
5.87
1.63
4.8
3.19
2.39
8.15
10.21
10.35
6.14
5.31
8.05
2.92
9.18
4.45
5.16
5.97
2.24
3.23
2.02
1.83
3.59
11.24
6.59
10.76
5.48
10.51
5.13
8.98
10.96
6.39
3.28
4.74
10.6
2.79
11.36
10.04
10.46
2.58
7.27
14.13
14.24
4.82
6.33
6.11
17.32
4.98
6.65
13.97
17.56
14.66
17.69
9.57
9.04
7.3
13.56
8.16
8.56
17.83
13.64
11.78
12.97
19.19
13.07
15.29
20.37
18.45
18.29
20.06
18.96
3.23
14.43
18.43
23.18
21.79
18.83
7.49
21.75
24.35
17.75
15.37
13.93
23.44
25.58
24.46
19.28
10.55
16.92
24.56
4.02
11.97
23.62
24.95
5.35
8.25
16.72
15.58
25.5
26.95
23.86
23.95
21.29
9.34
7.26
3.29
20.99
9.58
10.68
21.03
19.65
21.45
25.64
20.52
27.48
29.19
27.25
10.22
28.25
24.41
26.17
27.27
25.96
28.38
25.71
21.54
20.88
25.25
20.28
20.25
26.81
30.8
27.98
19.29
18.27
19.13
13.99
21.74
21.3
15.48
24.72
25.39
27.02
11.67
17.28
29.23
27.93
28.47
27.94
27.63
26.3
11.69
30.62
29.33
27.14
25.11
27.24
11.71
28.88
28.12
18.47
27.56
27.27
19.89
27.27
27.94
26.7
23.55
18.74
18.69
6.08
12.85
26.48
25.64
25.88
26.43
24.38
23.99
23.13
13.59
16.04
21.52
17
24.14
25.9
24.13
16.87
26.62
24.05
26.96
22.61
24.54
26.81
26.35
25.07
4.6
16.17
19.71
16.87
25.61
15.85
22.32
16.1
16.76
12.09
22.17
8.2
7.69
24.24
23.16
23.39
23.8
21.87
23.28
18.49
20.34
22.9
22.38
16.49
20.37
16.87
11.54
6.38
18.58
19.44
19.5
18.88
17.5
15.17
18.1
17.49
17.43
17.08
13.18
10.42
12.96
15.34
10.97
16.52
16.99
15.94
15.48
14.38
14.27
15.01
15.37
15.29
14.09
4.59
6.26
3.55
14.09
4.66
5.84
10.1
8.93
5.93
4.48
6.66
11.85
7.01
5.47
10.23
6.17
1.84
6.2
2.41
3.39
11.12
9.1
9.77
8.29
10.1
6.64
9.7
6.69
5.59
10.3
9.53
7.76
5.45
9.23
4.81
1.87
3.18
1.65
8.89
7.18
4.83
1.33
8.31
7.64
6.21
3.26
4.26
7.38
4.01
5.06
7.11
7.17
6.84
5.13
2.47
4.49
2.47
6.46
7.32
6.85
4.73
4.49
7.19
5.3
4.13
1.79
5.46
2.05
5.23
6.24
6.5
4.22
5.34
3.53
2.73
2.09
6.57
2.12
1.28
1.02
0.89
0.99
1.61
1.52
2.23
5.42
6.06
1.75
6.22
7.16
7.13
6.91
5.35
6.6
2.09
5.66
3.42
7.18
2.17
3.35
6.8
7.5
3.54
0.74
4.44
7.55
4.58
4.98
3.78
7.25
8.26
8.58
8.46
2.45
1.54
2.7
2.42
3.54
2.17
1.63
1.81
2.98
1.82
4.5
6.55
5.64
6.84
1.16
8.43
3.8
1.91
3.38
4.87
7.47
9.93
11.51
11.71
9.84
5.37
6.48
12.36
8.3
4.24
8.26
7.28
3.04
14.05
12.01
10.76
9.77
7.31
8.39
13.32
13.94
4.55
6.74
8.39
15.11
12.15
8.94
11.92
12.37
16.46
12.43
9.54
16.18
16.97
3.91
9.68
13.09
16.17
14.05
16.44
15.67
18.32
16.98
20.39
20.45
17.88
14.48
20.12
20.42
20.66
20.05
15.36
8.72
12.63
7.43
11.66
16.16
22.39
12.7
18.72
14.27
17.15
12.95
16.04
16.7
12.51
5.59
14.06
23.43
14.3
16.3
23.05
20.83
13.09
7.49
4.87
17.85
21
19.7
24.24
4.64
19.41
7.43
25.08
12.25
21.47
18.27
24.49
24.45
21.78
15.12
22.53
13.09
27.25
28.56
28.67
29.06
24.8
26.82
28
19.21
9.11
19.83
26.87
28.66
30.05
29.82
28.51
21.09
24.52
22.17
27.75
25.41
26.34
23.93
12.41
30.14
30.54
19.4
30.8
28.45
27.14
25.23
28.59
13.33
15.49
28.32
27.42
30.12
20.41
25.06
18.22
27.79
13.54
26.08
23.74
22.26
26.74
21.56
23.17
21.58
23.25
25.08
27.51
26.53
24.41
26.61
25.51
27.92
20.27
28.88
30.36
12.63
22.5
27.66
29.23
29.38
27.19
28.36
27.86
22.44
22.36
15.04
23.05
18.66
13.78
22.48
27.59
24.98
27.35
27.06
24.12
26.33
24.52
24.59
15.66
25.68
17.38
23.51
21.6
19.51
13.94
20.31
24.92
25.51
22.3
24.38
23.85
14.45
18.41
21.64
21.66
23.45
22.93
22.01
22.17
19.93
16.12
22.77
22.94
21.73
11.65
9.54
7.53
20.43
19.27
12.96
4.86
15.78
19.73
13.07
7.3
6.07
18.6
18.36
6.55
7.13
4.55
13.12
2.23
3.9
8.02
14.55
14.13
10.31
9.51
11.64
7.47
14.41
13.36
15.03
15.52
15.43
5.06
13.66
13.59
8.63
13.21
8
8.38
10.8
12.91
13.02
11.75
11.87
12.56
12.54
11.14
11.09
7.5
7.18
5.83
2.28
1.75
10.56
10.78
10.4
2.64
5.47
5.41
6.29
5.76
9.17
7.96
5.95
9.41
8.32
1.87
4.63
1.29
5.6
4.91
5.73
3.67
2.3
6.19
5.05
2.03
1.54
4.26
3.79
6.32
3.69
6.23
6.65
3.1
5.26
3.29
7.27
6.02
1.84
4.12
3.7
7.13
3.57
2.98
2.16
6.59
4.78
3.89
3.1
6.74
1.57
0.72
3.53
2.02
1.66
3.49
5.36
6.6
6.83
1.51
2.62
3.14
5.22
5.57
6.33
3.8
4.68
1.99
5.91
4.42
4.4
1.55
2.78
3.99
4.59
3.83
4.62
5.14
2.96
1.74
1.6
2.4
1.36
1.02
2.59
1.88
4.73
2.3
5.64
1.76
7.59
6.36
5.5
3.9
5.89
7.5
5.29
1.87
2.97
8.57
8.44
4.02
4.81
1.61
1.7
8.48
6.09
2.48
2.32
3.81
3.68
2.55
8.83
2.85
4.33
5.68
10.82
5.53
5.35
5.39
8.31
3.88
3.89
4.6
5.1
10.03
13.75
7.69
9.49
14.02
8.8
3.29
6.7
8.77
4.78
7.04
11.95
11.83
9.72
12.58
11.76
13.64
12.98
10.34
10.55
4.17
2.22
7.45
6.8
10.08
12.52
19.1
7.95
15.04
8.04
15.09
12.22
14.24
2.85
10.05
4.03
12.49
20.14
19.73
11.98
9.95
21.59
12.58
18.81
20.07
12.19
15.39
17.14
21.49
22.66
11.88
8.69
9.42
22.15
24.3
24.26
25.03
24.03
18.29
18.45
24.17
13.03
21.55
25.09
25.15
24.05
22.97
23.07
24.84
20.92
17.87
25.97
26.34
24.51
26.16
20.47
18.54
24.1
23.1
6.55
11.47
22.05
22.43
17.46
24.14
25.2
26.72
20.75
22.32
17.45
16.91
26.94
25.38
23.08
24.62
23.4
26.79
17.15
24.59
20.7
24.25
22.46
25.91
19.55
22.46
16.48
23.52
27.86
23.44
13.71
7.22
13.7
23.02
20.57
27.22
27.06
27.71
28.48
9.85
21.08
17.55
15.89
23
20.18
12.14
15.01
26.51
27.15
22.64
25.77
19.71
28.47
10.4
25.71
20.92
27.23
25.09
7.76
20.63
23.8
22.41
21.67
23.78
23.39
19.19
27.49
25.3
23.14
18.11
12.71
26.86
27.35
24.4
22.87
22.46
26.58
26.95
25.86
21
14.1
23.06
26.05
22.34
23.89
22.56
25.25
25.09
21.08
18.46
25.66
24.9
12.27
21.07
23.58
22.75
22.71
22.87
22.74
23.06
22.79
21.7
17.59
10.23
7.17
23.43
20.89
20.47
19.83
18.05
8.19
6.71
10.77
5.42
17.87
20.58
16.44
18.06
19.39
19.38
16.68
19.76
15.96
15.8
17.83
17.73
17.1
18.61
17.3
17.12
17.41
2.45
10.84
14.37
16.68
17.8
17.11
16.92
17.13
16.76
14.3
8.02
12.04
14.28
15.36
12.75
5.93
8.08
12.76
13.08
13.05
13.21
12.67
12.69
10.03
6.41
8.93
8.61
9.84
10.78
7.56
7.28
9.54
5.66
10.59
7.63
2.8
4.94
6.91
9.58
10.46
7.44
6.29
4.63
2.6
5.32
8.62
8.44
5.19
5.18
4.53
8.37
6.67
4.58
8.4
7.57
8.48
7.4
4.47
1.58
1.21
1.65
1.53
1.49
1.95
1.45
1.52
2.59
5.33
7.93
6.54
3.68
5.06
3.37
5.17
6.12
3.41
5.76
2.27
3.22
5.3
3
3.3
2.25
1.32
2.98
3.95
3.15
3.36
4.38
2.35
2.73
3.08
3.08
2.91
2.74
4.41
4.57
3.23
5.11
2.61
4.03
4.07
4.95
5.41
6.2
1.52
5.65
2.86
2.25
4.65
1.7
7.24
4.2
6.6
5.55
6.54
5.65
5.96
2.93
3.71
4.33
5.82
4.69
2.24
4.33
6.29
4.76
6.66
2.35
5.7
4.02
3.17
4.53
4.2
2.85
9.65
2.81
10.4
10.78
6.92
7.7
6.83
4.1
6.98
6.86
8.8
7.47
11.58
11.99
12.1
11.98
7.71
11.48
6.94
13.19
9.42
10.73
9.79
14.11
14.43
8.37
5.32
11.41
12.5
13.18
14.15
11.78
7.16
11.49
7.86
6.85
14.69
6.13
14.28
9.42
8.71
17.92
3.06
9.25
18.06
18.46
18.25
18.78
19
4.97
15.49
9.56
11.81
19.79
20.78
20.86
19.88
18.39
18.16
13.27
4.3
15.52
18.89
16.2
16.93
9.61
3.07
6.35
8.34
4.47
22.46
23.81
23.68
21.59
24.5
25.43
25.09
24.98
5.9
20.87
24.54
20.08
16.47
25.17
9.8
6.9
22.89
26.3
12.43
7.68
6.46
5.29
18.34
25.3
8.6
22.4
23.27
16.36
5.74
9.74
4.97
9.64
12.95
21.41
16.75
19.22
16.72
14.06
18.11
28.51
27.84
27.56
7.6
10.77
6.95
7.6
23.78
26.13
23.91
27.76
27.69
25.27
20.42
27.83
29.32
29.66
28.46
27.79
28.7
28.43
29.08
23.63
22.71
20.3
22.54
22.06
27.68
26.01
11.66
9.41
27.38
28.17
29.88
22.16
30.77
30.71
29.99
28.87
23.88
26.55
23.23
27.13
27.36
17.38
13.13
14.03
27.48
21.85
16.5
14.44
23.04
26.97
26.56
27.99
19.59
25.25
27.4
21.96
24.17
28.38
28.48
25.64
16.62
21.73
11.66
16.53
22.37
21.23
26.2
7.61
18.29
24.55
25.52
24.12
23.28
14.63
25.11
25.68
23.62
24.45
14.24
19.42
25.12
14.49
24.08
23.65
24.67
23.54
17.06
16.38
17.98
16.81
17.95
14.03
20.79
20.56
14.05
20.35
21.15
19.75
17.95
18.06
22.31
21.53
5.3
8.47
13.41
11.9
20.2
18.94
17.09
17.68
16.94
19.61
18.63
13.61
15.36
15.63
17.75
18.65
14.2
11.11
13.75
7.64
12.26
14.89
5.09
12.53
14.58
15.52
7.97
10.18
13.91
7.55
13.23
6.62
14.04
13.15
4.31
11.83
11.9
8.97
10.97
13.19
4.18
11.63
8.84
10.75
11.95
11.13
9.87
10.28
11.45
10.98
10.95
9.89
4.7
1.88
2.17
3.4
10.23
5.74
7.41
4.2
3.52
7.64
5.77
2.42
3.4
2.49
4.94
1.53
2.08
7.25
3.99
2.89
5.45
7.46
5.4
1.11
5.14
3.73
5.46
5.19
1.9
2.05
3.02
2.85
4.2
6.13
5.58
1.23
3.71
6.57
1.05
1.61
2.59
3.01
1.78
5.12
7.49
1.04
2.78
5.53
4.99
4.65
4.62
4.92
3.91
5.41
1.03
1.25
2.58
5.42
5.11
4.14
1.75
5.22
2.67
6.49
5.12
6.28
6.77
4.43
3.24
6.89
7.39
5.66
6.15
5.43
4.87
5.99
7.46
4.24
1.66
4.29
2.43
1.24
1.24
2.54
2.76
7.8
2.22
6.3
1.74
2.2
2.29
2.38
4.75
5.81
7.89
6.05
9.22
6.34
4.44
1.59
6.09
8.26
7.96
9.74
10.07
7.13
8.56
8.69
10.27
6.02
10.78
11.64
10.1
5.81
6.7
12.52
12.04
11.36
6.29
5.09
12.78
1.46
13.23
11.16
9.69
5.38
10.22
5.69
12.8
15.27
3.8
10.79
15.81
10.99
14.57
12.74
15.56
2.07
12.15
18.34
18.24
15.42
17.28
18
18.06
10.37
17.39
10.7
9.57
5.09
7.05
18.05
18.98
17.27
11.18
20.02
21.07
22.35
19.38
21.93
21.68
22.11
23.65
23
23.21
22.1
21.12
22.4
16.41
16.76
24.65
24.24
22.97
18.42
14.26
22.62
24.25
25.55
25.82
24.54
20.15
22.19
20.2
23.91
8.55
23.15
15.77
22.65
19.44
26.54
9.27
27.76
28.26
27.13
23.34
18.68
19.2
12.33
16.98
22.92
12.34
16.4
18.61
26.36
7.76
15.88
29.24
26.54
14.99
22.25
14.98
19.35
25.98
22.7
21.68
15.49
8.97
23.63
23.2
19.91
24.82
10.19
24.24
28.47
15.28
14.83
16.24
27.03
30.08
29.92
23.3
7.6
9.5
10.99
15.57
24.43
9.52
7.21
21.36
29.95
30.35
18.87
25.65
28.83
27.87
16.44
23.74
28.63
28.09
11.19
27.75
29.92
20.79
29.12
30.41
28.28
30.02
21.63
29.15
27.08
24.17
26.87
15.13
16.8
15.89
18.49
24.76
25.64
22.48
24.16
12.36
6.81
21.87
28.44
27.44
23.18
26.82
26.3
26.79
24.45
11.8
12.87
10.14
19.29
25.31
25.13
24.25
25.06
19.33
25.08
22.44
18.84
13.08
13.7
20.82
12.69
20.84
24.7
24.26
23.79
15.82
14.43
22.25
22.09
22.83
21.88
20.06
15.51
9.29
13.6
20.08
15.68
19.84
21.55
18.63
18.39
21.21
20.91
19.65
18.26
18.62
18.71
18.89
18.46
15.03
16.34
17.42
15.85
16.19
16.62
16.1
14.18
15.91
7.28
8.52
14.97
8.72
9.01
11.78
9.59
10.42
11.16
15.07
10.52
14.42
4.05
13.63
13.28
8.59
3.05
3.44
2
12.3
2.31
5.23
6.85
9.11
8.02
10.25
9.68
10.19
6.15
2.93
6.97
9.94
4.75
8.57
4.13
3.54
9.28
4.25
5.48
6.49
3.41
5.55
9.73
9.24
7.64
2.17
1.71
1.62
2.21
1.78
2.14
1.8
2.87
6.9
7.92
1.63
4.03
8.19
8.04
5.03
6.91
1.62
1.19
1.32
1.52
7.17
4.9
2.01
2.63
1.01
2.45
3.16
2.87
3.79
1.22
1.32
1.56
1.45
1.05
1.64
3.35
1.33
1.23
1.24
1.36
1.09
1.26
1.42
2.49
5.29
2.07
2.18
5.17
2.38
2.36
4.89
2.25
3.65
