20010101
5.35
3.3
1.54
2.95
3.68
3.53
2.83
1.32
5
5.78
3.59
5.9
4.76
7.15
7.3
1.21
2.57
3.87
3.42
1.93
1.44
1.76
1.06
1.13
2.01
1.05
4.9
3.32
2.66
1.73
4.39
5.1
6.93
5.97
4.28
6.38
7.99
5.95
8.57
6.48
7.01
10.53
10.21
5.9
8
10.53
11.02
8.88
9.95
7.23
5.78
8.01
10.12
5.8
6.61
11.74
6.4
12.74
8.13
8.29
10.64
4.56
7.83
4.6
11.41
13.82
9.42
12.47
11.7
13.14
15.6
2.12
11.29
11.61
14.57
12.5
14.72
7.28
11.93
2.82
2.33
12.9
12.51
15.04
12.53
4.81
9.5
7.87
7.15
10.24
18.5
19.89
18.2
18.5
7.07
18.87
13.9
1.72
7.61
14.5
4.44
12.95
18.35
17.39
20.29
13.66
11.48
19.36
12.43
7.16
7.65
9.94
20.19
22.5
23.27
5.49
24.6
22.32
23.39
22.32
24.48
24.9
24.85
21.76
19.78
17.98
11.92
17.24
20.79
25.28
19.2
23.64
25.24
26.47
21.34
25.73
26.85
20.34
19.95
25.93
17.15
21.69
26.3
29.48
23.32
28.71
22.93
20.21
20.19
26.44
14.52
23.43
25.34
14.51
13.37
21.26
24.95
20.65
26.76
15.67
22.25
5.2
28.82
27.48
14.84
26.35
23.43
11.38
17.64
11.45
9.59
28.64
14.53
23.87
29.66
28.81
29.57
28.19
20.43
14.3
27.36
8.09
23.49
24.68
16.14
22.7
22.26
25.51
23.69
14.26
20.61
27.24
12.92
24.43
26.03
22.47
15.13
3.22
24.16
22.79
12.99
2.47
8.53
5.3
11.44
14.06
19.95
17.48
24.13
25.11
20.42
25.68
24.19
22.81
23.49
23.53
24.13
22.53
23.8
24.35
24.11
20.34
7.57
25.45
24.39
21.7
21.58
23.15
21.73
21.92
20.72
21.9
17.59
10.88
17.37
15.42
19.41
21.75
19.45
15.21
21.98
20.89
6.13
14.03
9.14
19.24
16.22
3.51
3.22
11.61
7.4
6.09
13.74
7.96
11.96
16.63
8.93
3.68
6.58
4.21
11.54
10.64
18.23
14.69
12.75
3.58
13.86
4.4
6.88
15.81
16.47
14.38
7.24
10.41
14.13
13.09
11.48
10.17
13.29
10.52
13.26
9.36
9.67
11.19
12.31
12.46
11.39
11.08
10.06
6.36
2.66
1.49
1.52
8.71
7.64
8.9
2.33
2.32
5.78
8.52
5.59
2.73
4.64
9.26
6.31
8.61
8.95
9.37
8.39
3.18
4.21
2.99
2.29
6.24
2.47
1.29
0.96
5.17
8.13
8.09
7.68
3.9
2.1
5.83
6.92
6.47
4.22
3.97
5.64
3.17
1.09
1.75
4.85
1.18
5.93
2.3
1.81
0.85
2.27
1.43
2.39
5.41
5.89
6.73
1.61
1.27
4.18
5.24
6.37
4.29
2.43
2.24
6.38
6.17
5.58
4.1
2.5
7.3
3.66
2.37
3.75
3.44
3.1
1.83
2.38
3.67
2.58
5.74
6
5.28
6.13
4.39
2.69
5.58
1.09
0.65
3.03
1.18
1.36
1.34
1.14
1.51
1.79
5.67
6.05
0.79
7.06
7
2.3
5.35
2.12
2.26
5.19
6.47
7.51
6.26
5.8
8.1
8.12
6.07
7.65
5.37
1.99
4.29
4.73
3.16
8.53
6.02
7.39
1.87
7.02
6.08
5.01
3.1
7.4
2.86
3.69
12.69
6.98
7.7
5.46
10.73
7.3
1.56
9.08
8.39
8.15
14.87
13.95
7.66
13.86
14.67
14.28
7.82
16.63
13.6
7.92
11.1
10.05
7.85
14.78
10.21
7.47
7.52
7.49
7.72
8.12
7.77
7.66
7.68
12.76
16.08
17.93
18.3
15.64
7.07
16.84
15.26
7.07
16.57
12.94
17
17.18
6.65
6.08
6.18
6.11
6.8
6.51
6.35
17.07
6.76
6.42
10.07
9.59
18.66
17.68
13.84
7.17
18.57
14.34
6.25
22.67
19.61
19.57
23.56
20.96
17.23
21.48
7.39
14.81
17.13
21.52
14.94
10.2
18.87
16.4
14.15
19.1
23.41
22.14
20.77
21.9
16.43
7.6
10.32
17.45
11.31
7.89
7.63
5.56
7.8
7.55
8.02
8.33
8.18
1.58
2.06
1.67
1.71
0.95
0.99
0.68
1.27
0.93
0.58
1.91
1.93
1.77
1.5
1.66
1.4
25.71
29.34
29.59
29.37
28.36
27.59
27.84
26.83
14.23
29.37
29.97
8.29
22.36
28.23
28.55
25.53
25.22
9.98
29.18
28.58
16.89
28.9
26.88
25.85
27.56
23.91
21.4
25.71
20.59
17.57
23.62
9.82
20.62
22.09
26.96
14.51
24.68
18.28
22
25.54
27.39
22.66
18.69
22.73
15.72
17.45
18.25
22.27
15.56
18.22
9.06
6.36
11.31
20.67
20.42
4.71
7.07
10.17
8.38
14.38
20.1
21.85
20.26
21.15
20.52
14.08
11.36
17.58
20.88
21.63
19.43
13.37
14.74
12.42
17.93
19.37
16.81
15.82
19.43
15.06
15.9
15.57
17.1
17.74
17.22
10.13
12.18
18.15
13.13
18.27
8.84
12.89
13.69
18.12
14.78
9.83
11.21
3.43
3.36
2.6
3.03
11.51
7.69
5.55
15.01
16.09
15.22
12.19
11.21
6.27
12.55
7.16
11.22
12.66
3.49
3.57
1.07
0.98
5.32
9.4
8.25
7.72
8.47
4.06
8.68
10.93
6.46
5.22
10.59
7.33
9.01
9.77
6.42
10.73
10.08
2.28
1.51
4.56
2.51
2.95
1.58
4.07
4.05
2.51
2.4
3.71
7.67
3.27
8.41
4.9
3.29
6.74
3
4.26
3.13
6.03
6.54
6.29
1.53
4.85
5.02
4.12
3.5
3.06
1.08
1.33
3.86
3.13
0.58
0.89
0.54
0.68
0.74
0.58
2.58
3.18
5.35
2.76
1.28
0.74
0.96
0.45
2.11
1.54
2.58
3.91
5.49
3.1
2.66
1.46
1.06
1.94
1.81
1.58
1.59
3.74
2.02
0.88
2.78
2.51
3.76
3.14
1.52
2.48
1.17
5.82
1.9
3.01
6.18
7.06
5.72
3.21
7.13
6.56
6.23
2.83
2.86
2.93
1.84
1.38
5.36
3.99
3.31
3.95
4.83
3.49
6.59
6.65
2.09
7.87
8.7
6.7
0.69
5.01
6.04
9.39
4.27
6.82
3.05
2.69
10.49
9.37
10.75
8.75
4.95
10.69
11.43
5.43
4.86
7.33
8.76
8.66
11.86
13.09
11.95
13.26
11.95
13.01
10.58
4.26
10.71
6.18
4.38
4.09
12.43
10.5
11.82
10.96
5.79
13.64
3.68
11.38
7.24
16.64
13.46
10.97
15.08
19.21
19.01
18.69
18.91
18
15.54
17.32
17.57
15.55
14.83
9.13
20.4
10.94
4.84
12.88
13.87
16.25
13.02
15.78
14.96
9.65
4.36
7.34
20.95
12.71
9.84
21.24
18.39
16.11
18.56
21.5
22.48
22.27
11.92
17.31
22.1
22.19
8.66
22.48
21.88
15.46
15.63
20.5
8.6
25.5
26.57
25.75
26.09
22.17
21.53
20.25
19.74
24.76
22.9
8.59
21.8
26.73
26.34
23.92
23.5
4.85
7.05
14.11
27.45
26.22
24.47
19.9
21.04
23.91
25.44
26.12
25.38
18.06
19.25
21.27
26.56
27.16
27.39
26.71
26.02
27.28
27.1
25.34
28.57
23.28
24.47
17.67
21.41
24.34
6.54
23.92
17.76
26.97
28.53
27.72
20.57
26.59
26.86
23.88
23.82
13.49
27.96
27.25
21.11
18.1
15.18
19.23
16.85
26.93
27.98
18.65
21.03
27.63
19.51
13.69
26.81
26.5
26.09
23.25
26.84
26.92
27.15
26.22
24.47
10.33
26.11
16.3
25.4
26.32
23.31
17.89
9.1
8.67
22.22
24.56
25.01
21.62
23.45
20.55
24.92
24.6
23.48
24.61
25.59
24.95
19.42
16.64
17.01
19.57
22.17
21.27
17.23
19.7
19.09
21.39
21.19
21.2
12.4
22.57
21.18
20.04
12.89
12.31
2.75
19.62
13.32
18.13
16.71
21.26
14.63
17.31
14.27
6.93
2.97
12.73
11.97
3.42
17.97
19.08
18.67
17.89
17.73
17.74
17.62
17.58
17.46
16.71
5.08
16.46
17.31
15.88
14.56
1.78
16.03
12.43
14.05
11.13
8.72
9.87
10.04
4.56
8.31
11.44
9.11
10.92
6.62
9.27
11.25
12.11
7.99
11.4
9.94
5.61
4.81
4.9
3
4.27
6.17
11.7
10.58
7.82
10.04
2.46
3.36
7.96
5.99
3.43
9.17
8.96
9.47
4.48
3.27
5.46
1.92
2.27
8.03
5.72
7.39
3.24
4.33
2.13
0.98
2.88
6.84
7.07
4.76
4.87
5.71
4.72
5.56
1.46
3.85
2.18
2.58
1.9
1.48
1.73
1.25
0.93
1.21
1.95
5.6
6.21
5.74
5.04
3.41
3.32
4.72
2.74
3.73
3.06
2.28
5.29
5.35
5.06
2.58
1.62
5.55
5.73
6.25
4.95
4.99
2.75
1.09
1.99
1.07
1.79
1.13
2.45
4.39
3.32
5.95
2.47
3.16
0.97
1.89
4.84
3.28
2.48
5.13
2.33
6.14
0.98
2.55
4.61
2.38
6.14
5.4
7.37
7.79
6.18
5.83
1.99
5.41
7.57
7.64
8.62
7.89
5.11
3.34
4.42
7.79
2.82
7.02
7.96
9.77
6.66
3.34
8.8
4.45
4.02
4.15
3.66
11.44
7.81
7.76
8.54
7.92
1.99
1.09
3.81
12.13
2.57
6.2
9
10.81
9.09
11.44
7.44
15.14
8.73
15.2
5.7
5.47
7.67
15.11
13.65
8.59
11.53
9.23
15.43
15.62
16.58
17.14
15.61
11.2
11.67
5.09
1.85
2.51
5.01
11.48
7.35
7.63
17.45
13.58
16.33
9.78
14.05
16.35
16.11
3.3
4.41
5.74
19.7
10.09
3.53
14.21
8.7
3.78
4.62
14.22
17.71
4.72
12.14
13.28
3.66
20.89
22.73
22.56
5.34
13.1
17.58
18.44
22.57
22.94
14.73
16.8
20.26
22.49
12.72
14.8
11.89
12.12
9
21.72
15.5
17.15
24.34
8.64
26.55
23.14
18.7
11.91
25.18
18.06
26.78
23.72
6.91
14.57
21.86
20.67
27.23
22.55
8.01
9.64
27.51
28.14
16.74
8.75
11.89
8.21
5.17
19.66
26.97
27.98
26.95
21.52
17.89
14.01
8.64
26.24
24.36
15.45
27.38
18.61
20.43
11.52
20.52
25.05
27.58
24.84
5.38
27.18
23.5
19.96
17.17
21.92
25.05
3.61
27.86
24.32
26.88
21.22
16.13
22.04
17.67
25.75
12.02
19.87
21.79
9.51
9.11
22.36
25.03
26.91
20.32
25.17
25.96
21.69
22.01
19.4
18.85
13.63
10.99
9.06
8.57
10.94
26.27
18.52
20.21
20.25
23.16
23.17
17.79
11
20.98
18.79
23.48
22.69
22.13
6.3
20.73
21.12
24.35
23.99
22.95
23.41
19.87
15.4
20.3
22.1
18.88
11.93
3.38
19.18
22.3
21.92
19.68
4.62
12.02
8.4
17.55
18.34
16.15
20.35
16.78
17.84
21.24
20.66
19.7
16.38
18.74
19.08
7.43
8.56
18.64
19.04
14.99
14.84
12.03
13.03
11.69
2.25
9.16
10.76
8.41
8.51
14.05
9.23
7.71
8.67
9.26
13.87
13.05
13.22
9.22
11.73
6.02
1.28
7.17
7.57
0.96
1.04
1.91
1.92
4.5
10.8
7.55
9.94
6.41
1.36
2.44
6.36
7.48
6.81
6.89
8.12
7.11
4.22
3.1
5.26
2.52
1.57
3.85
4.13
6.32
5.84
3.88
1.99
4.46
2.27
2.19
1.1
3.23
2.2
3.21
5.62
5.81
2.5
6.55
6.6
2.33
5.28
7.35
7.04
6.68
2.88
5.44
2.82
0.66
1
4.88
2.68
2.78
2.09
4.05
2.62
0.67
1.07
0.88
2.57
0.68
0.44
0.48
0.51
0.44
0.58
1.72
5.36
5.82
5.89
3.03
2.12
4.69
3.82
0.69
0.59
0.97
4.45
2.19
5.67
1.88
3.68
4.99
2.28
5.41
3.45
4.62
6.35
3.87
6.12
4.12
6.03
1.91
3.42
5.04
7.08
7.07
1.66
4.41
2.89
4.06
5.87
5.07
3.42
5.01
2.31
4.25
6.63
6.45
7.36
3.85
6.86
4
2.05
5.99
8.69
8.92
8.08
9.93
10.25
9.69
5.57
3.33
6.51
9.2
5.34
2.32
6.02
7.24
3.37
10.04
2.94
7.71
6.85
10.64
4.12
9.44
6.99
13.46
14.9
14.94
13.94
4.3
10.38
12.5
15.65
6.99
6.02
15.93
14.81
13.93
13.69
17
15.14
16.38
16.82
10.99
3.67
17.96
16.43
15.37
14.78
16.19
9.46
12.72
12.08
12.85
13.42
5.28
16.18
19.36
19.74
20.12
20.21
20.28
19.3
16.2
18.1
2.58
5.87
2.76
5.74
8.34
15.05
19.7
21.25
10.51
4.75
6.96
4.88
23.33
23.75
23.39
20.17
15.88
11.34
21.64
17.87
24.78
19.74
23.4
24.27
20.06
12.55
11.74
24.18
19.64
17.11
11.63
14.17
20.86
25.86
25.98
21.53
13.16
15.97
13.28
4.32
7.14
28.87
28.18
24.31
20.13
23.5
28.66
28.13
28.07
27.18
27.56
27.94
18.33
26.4
24.53
28.48
24.24
13.86
17.45
12.87
16.4
9.1
9.31
19.21
16.15
29.3
26.11
18.81
23.66
25.26
17.2
29.07
26.91
30.28
21.22
29.17
29.38
26.73
15.39
20.38
21.53
18.8
17.23
7.05
9.44
27.26
27.1
6.85
27.76
19.36
6.98
5.97
15.38
11.28
4.28
19.66
25.66
27.41
21.01
22.82
22.64
13.76
25.03
13.6
18.3
10.89
20.4
23.54
19.14
24.16
24.78
24.85
23.16
24.18
26.24
24.46
6.34
4.21
15.76
19.14
7.25
19.99
23.48
24.5
18.85
10.4
21.67
20.9
5.4
5.8
5.89
19.35
17.22
15.86
5.9
9.16
16.66
11.41
22.27
9.41
8.73
9.82
19.02
19.65
16.83
18.16
17.8
19.02
14.5
20.4
19.19
19.6
20.11
15.49
11.31
9.97
18.13
16.73
15.72
12.77
18.15
4.4
3.67
3.58
4.55
7.34
6.21
12.61
15.28
14.64
13.93
11.29
11.47
3.29
13.85
15.06
10.72
3.04
3.86
8.85
10.82
11.4
7.6
8.46
11.8
6.23
10.49
8.9
8.49
9.78
12.51
10.26
12.12
11.51
6.99
3.87
8.95
10.31
7.82
7.33
8.42
9.55
8.59
8.88
8.8
5.6
5.53
3.04
2.7
5.43
3.59
3.39
3.41
5.37
7.37
2.24
4.25
1.55
1.01
1.37
4.63
3.22
5.29
4.86
6.4
4.53
2.76
2.27
5.95
1.8
4.61
2.01
1.23
2.19
3.28
1.72
2.3
2.06
3.15
5.54
1.48
0.66
4.28
5.34
5.07
3.73
5.76
4.63
2.21
1.74
4.09
1.39
4.91
5.53
4.45
3.62
3.52
1.54
4.53
2.32
4.55
1.8
1.69
1.75
1.81
2.86
3.98
1.42
1.09
3.23
1.75
1.13
1.41
3.01
2.36
4.95
3.28
6.33
4.81
2.29
2.82
5.15
2.28
2.25
2.07
5.71
5.29
7.14
4.12
5.69
7.8
7.62
7.03
5.18
5.79
3.67
4.07
7.43
3.75
2.62
2.27
4.72
7.64
9.6
4.99
5.45
9.26
6.12
5.43
7.63
4.57
6.81
5.95
4.45
3.67
8.87
10.36
8.98
9.45
7.86
5.07
2.06
4.15
7.85
11.05
11.05
13.01
5.84
12.13
1.33
2.73
11.76
15.52
14.54
6.73
2.51
11.22
7.31
6.49
5.63
7.31
6.57
6.92
6.83
17.14
17.77
15.5
12.63
13.14
18.39
11.25
7.92
15.99
14.07
9.72
17.2
7.38
17.19
17.48
8.43
14.1
7.46
6.36
21.19
21.53
19.18
17.33
7.33
6.95
9.32
11.71
16.69
5.56
16.12
14.22
17.42
20.66
20.63
20.68
20.8
23.06
20.57
17.02
5.85
5.64
1.99
2.59
15.95
17.55
22.27
22.71
21.77
20.4
14.41
18.83
26.29
26.07
25.5
26.88
23.31
13.68
25.6
20.99
17.12
24.87
4.7
16.08
5.58
25.8
22.66
3.53
24.96
19.01
18.46
13.35
5.87
3.37
22.2
21.28
4.75
6.85
19.41
18.3
11.34
22.54
26.02
27.4
15.46
19.55
28.28
27.6
28.31
29.33
22.9
23.01
22.1
27.1
26.36
21.66
25.72
24.74
27
26.98
27
27
26.34
11.2
17.11
10.6
8.37
5.82
22.65
27.75
28.2
25.53
27.11
24.34
25.33
24.16
23.51
25.76
25.07
28.94
27.37
28.49
27.55
27.78
27.79
24.43
25.16
14.75
18.98
22.94
24.33
19.15
24.67
23.55
19.1
20.35
10.24
7.48
7.56
10.26
15.66
14.5
4.87
12.62
23.38
19.2
14.94
2.97
14.92
17.14
23.72
20.25
23.59
21.78
16.51
18.57
17.48
16.88
16.29
20.27
8.25
16.45
18.48
14.18
20.52
8.97
14.36
22.11
20.71
15.45
17.05
15.33
17.34
16.54
11.33
21.14
20.84
18.22
19.79
19.34
18.29
9.57
4.83
14.56
5.61
7.7
16.87
15.68
15.61
17.48
15.77
15.1
15.76
10.03
14.06
14.5
12.43
11.49
9.61
13.07
1.56
10
14.68
13.76
14.15
13.96
13.34
12.49
12.59
9.78
7.98
11.01
11.2
12.63
12.52
10.4
6.27
9.22
9.95
9.04
1.99
6.94
8.75
6.1
4.03
3.38
10.54
9.94
1.41
9.38
6.42
4.06
3.5
2.35
8.88
8.41
4.76
7.12
4.94
3.33
4.15
3.52
6.4
7.54
4.4
4.51
4.31
1.4
2.56
0.99
3.34
5.38
5.66
3.12
1.27
1.86
1.34
1.41
2.04
1.85
2.53
2.73
2.93
5.47
3.49
5.81
2.12
2.15
4.19
2.96
4.3
4.39
1.32
1.08
0.78
1.54
2.21
4.47
1.51
2.55
2.06
0.57
2.94
5.05
5.69
1.84
2.62
3.13
2.92
1.22
2.02
3.52
2.45
3.29
3.68
5
3.96
3.96
5.05
5.81
6.61
5.62
4.97
6.55
5.51
5.29
3.34
1.13
2.41
5.17
0.83
0.63
2.42
5.4
7.55
6.42
6.19
6.69
6.07
8.45
8.24
7.87
7.45
7.63
9.42
5.66
2.64
8.09
4.99
6.3
6.41
6.78
4.66
10.85
2.69
2.3
8.31
7.96
7.32
9.91
3.72
7.64
6.4
6.15
4.54
4.04
7.54
4.61
6.37
2.53
2.95
13.6
14.16
13.04
9.98
2.16
4.85
9
14.6
15.86
15.79
15.41
16.63
16.14
13.16
15.62
1.65
5.48
6.54
12.75
6.18
2.39
15.58
14.32
16.18
15.06
7.34
13.72
14.68
13.63
18.85
16.39
10.02
20.62
20.22
17.62
19.3
19.59
17.85
16.96
21.2
21.33
22.2
22.7
21.92
22.8
10.32
19.13
22.66
23.08
23.74
23.39
9.18
20.41
20.99
22.56
25.16
24.19
20.29
24.42
23.41
15.31
11.61
17.59
16.72
24.74
17.32
8.19
20.17
25.82
13.09
23.69
26.17
7.02
18.06
22.48
25.65
20.5
20.09
24.75
25.6
26.5
25.7
25.74
25.05
21.47
13.71
18.26
5.79
21.24
26.55
22.02
18.53
17.28
19.49
18.74
21.74
20.7
22.11
23.87
23.98
21.96
26.08
27.53
27.79
26.16
25.76
22.73
23.33
25.61
25.47
22.7
19.82
24.14
27.77
14.24
11.74
18.82
20.57
19.07
27.75
27.06
25.08
4.07
22.47
20.32
26.46
25.24
23.63
9.13
22.29
17.96
21.93
28.19
27.85
28.65
27.49
26.74
25.89
25.95
26.8
25.28
27.08
16.57
22.7
27.48
23.49
20.24
18.87
2.69
19.37
26.87
27
7.34
23.74
23.53
24.91
22.57
20.77
18.21
13.23
9.25
9.51
21.09
23.2
24.04
24.3
23.88
22.96
12.34
9.46
19.34
18.82
19.79
21.17
16.39
21.02
18.28
16.93
5.95
3.53
14.55
14.28
17.09
15.51
6.04
11.09
3.85
3.15
10.64
8.99
14.11
13.36
12.45
16.27
19.32
10.03
16.71
15.56
5.32
17.75
17.34
18.19
18.34
16.7
17.38
15.39
8.92
5.03
12.73
15.48
16.29
15.26
12.56
11.09
4.79
5.95
6.26
11.91
13.86
12.11
7.73
9.48
8.33
5.66
13.46
13.17
12.23
11.02
2.63
10.87
5.39
4.42
2.34
1.94
1.03
2.24
0.95
3.01
0.28
2.84
1.83
5.85
9.51
7.34
5.68
3.34
8.41
3.48
6.83
4.17
1.08
5.93
4.81
6.49
6.48
2.9
1.86
3.3
2.73
1.24
2.96
2.74
4.54
4.65
4.93
4.57
1.21
5.31
5.14
6.84
7.43
4
5.81
3.27
0.76
2.83
5.59
4.92
2.55
2.79
3.45
2
1.78
0.76
3.75
2.08
3.52
1.97
1.87
2.88
2.86
1.88
1.12
1.09
0.9
1.22
1.91
1.28
0.82
0.77
0.61
0.92
1.7
2.64
1.82
0.96
1.18
1.49
1.43
3.55
5.81
2.26
1.42
2.44
4.68
2.05
2.14
4.74
4.31
1.72
2.65
1.93
5.36
6.88
1.77
6.3
7.16
5.21
8.37
1.86
1.84
5.33
5.65
5.22
5.48
1.1
5.44
6.33
3.96
4.86
9.64
7.53
8.94
8.12
9.48
8.61
10.33
7.14
6.31
9.67
11.86
5.54
11.21
11.44
10.18
8.97
10.03
12.11
12.28
12.45
8.45
7.43
8.34
4.25
10.99
7.83
3.33
7.62
8.6
4.24
3.64
11.3
14.91
4.8
6.84
14.99
6.16
12
11.95
12.88
8.05
15.61
12.65
9.02
8.62
5.58
10.39
12.17
14.12
10.68
13.98
10.95
20.62
20.39
19.17
7.69
14.2
11.46
17.28
18.43
7.79
8.21
18.42
17.81
15.61
5.23
14.67
20.71
11.09
12.17
13.09
14.81
16.67
22.48
17.79
17.89
13.16
23.65
12.6
22.77
24.04
24.98
15.82
16.18
14.09
21
24.83
24.44
20.03
17.71
24.2
27.11
23.78
22.61
27.14
25.32
24.72
23.44
22.02
22.1
19.11
10.24
20.16
5.74
12.97
18.9
17.27
20.02
24.04
21.02
27.38
25.45
25.19
24.26
28.4
27.4
25.57
21.55
13.82
6.24
23.26
10.69
15.63
25.08
27.39
20.19
16.47
18.07
21.56
23.51
22.76
15.97
18.06
27.4
22.1
25.97
28.15
26.73
27.1
27.92
26.61
18.58
24.21
26.9
15
25.48
28.39
26.38
20.17
23.84
27.93
23.81
8.04
19.55
20.03
28.44
27.39
19.87
8.23
18.33
20.81
20.24
10.44
27.68
23.08
10.37
15.31
3.3
12.75
13.21
19.74
25.85
24.74
25.29
15.59
23.57
22.57
21.4
24.16
22.38
14.06
23.83
22.38
16.86
15.57
23.63
25.39
24.53
22.92
22.62
18.19
12.9
21.83
24.13
24.36
21.33
21.2
21.62
12.37
13.52
19.78
20.09
20.96
19.39
17.04
15.37
22.16
17.75
20.86
20.39
19.1
18
19.34
17.79
18.87
20.12
18.92
19.07
15.27
9.84
4.69
3.51
3.07
14.38
16.18
13.66
5.12
4.23
7.4
8.33
12.43
6.06
11.54
7.36
9.27
16.33
14.3
9.65
8.04
2.99
2.87
14.99
10.44
8.07
10.74
11.03
11.32
11.56
10.25
11.14
9.63
9.86
9.83
3.41
11.78
11.24
11.1
8.76
8.01
4.4
7.12
3.29
4.06
8.05
8.09
8.28
6.98
8.91
4.59
3.12
9.33
6.67
5.74
5.89
1.72
1.05
4.39
4.34
2.57
1.59
1.6
1.75
2.94
4.7
6.89
8.24
5.15
5.32
1.36
5.2
6.22
1.58
1.97
6.3
6.07
6.13
1.61
1.68
2.93
3.35
1.62
1.12
2
1.88
2.65
1.9
6.21
2.58
1.64
0.45
1.01
1.12
1.23
0.77
0.63
0.83
0.77
3.18
6.01
4.25
4.67
2.32
1.94
2.39
1.83
4.3
4.31
1.6
1.56
1.04
1.15
5.82
5.06
3.89
1.81
1.31
5.82
6.38
3.18
1.61
0.71
0.94
0.89
2.26
6.02
4.5
2.86
5.74
5.92
1.12
3.61
2.3
3.58
3.74
4.3
0.62
1.68
3.92
2.89
3.65
1.52
1.87
1.01
2.04
5.03
8.64
5.13
1.12
7.86
4.27
6.17
5.47
8.37
7.69
7.75
7.09
3.31
9.41
10.21
8.3
3.26
4.36
7.02
6.59
7.63
7.54
6.81
8.12
11.57
4.04
4.12
3.51
1.28
6.86
2.83
14.65
4.32
12.97
6.55
9.55
10.18
13.83
6.86
9.16
9.73
16.92
4.54
10.97
14.88
17.55
12.36
6.22
14.7
11.6
12.61
15.62
2.8
9.85
8.58
6.5
17.81
15.59
19.29
18.73
18.17
19.24
21.1
20.03
21.11
21.02
21.26
20.86
21.21
21.88
19.89
12.55
19.29
14.23
15.47
18.48
24.2
6.9
22.82
22.6
20.24
16.54
16.23
13.2
19
21.82
16.12
20.77
16.87
23.4
13.81
18.32
24.31
24.58
24.07
24.41
17.17
7.25
6.57
14.28
20.95
26.8
22.42
25.23
26.14
26.5
20.77
21.19
18.99
24.83
24.13
7.1
21.51
17.89
8.34
19.91
16.64
22.76
20.72
17.63
16.68
19.62
12.19
28.93
27.59
22.43
19.8
28.5
25.2
29.79
20.03
15.5
25.03
29.06
29.86
4.45
26.25
4.91
5.73
9.01
25.51
17.22
18.71
12.44
19.97
27.32
20.51
21.16
24.71
23.31
18.88
22.43
21.16
10.65
20.89
5.65
23.52
24.56
22.18
27.47
25.48
27.6
27.54
8.15
23.98
22.72
26.98
26.79
26.19
26.82
16.27
21.75
27.39
20.91
26.42
24.27
21.64
25.46
25.67
20.89
7.6
15.26
19.68
19.45
18.66
12.43
22.31
16.2
18.33
13.1
16.17
23.29
23.93
23.06
21.93
19.03
20.95
23.15
13.89
21.57
19.09
22.01
21.97
19.44
20.61
5.08
20.7
22.05
21.81
17.73
19.17
4.12
14.73
20.86
19.99
19.6
17.5
16
9.38
17.12
15.48
8.56
12.74
15.56
9.55
9.69
14.05
16.03
16.38
16.67
16.38
15.2
15
15.69
15.14
14.33
12.64
13.16
11.05
4.08
12.55
14.11
13.29
12.96
12.2
12.31
6.45
5.92
8.76
1.19
8.92
7.58
6.46
7.98
6.29
6.65
6.68
5.44
10.3
6.66
6.86
1.62
8.93
3.75
7.89
7.64
3.91
8.12
8.8
4.44
5.96
2.04
3.39
4.64
0.82
2.39
1.2
4.95
1.84
2.36
7.28
7.05
5.81
5.51
5.53
6.72
2.37
6.85
6.31
1.64
2.55
2.08
5.18
6.2
3.31
3.88
2.11
3.12
3.74
1.77
4.09
2.25
0.92
3.99
2.41
3.66
0.55
1.8
4.88
1.46
1.68
1.19
1.31
2.39
1.48
3.24
4.02
0.68
4.33
4.21
3.87
2.78
2.56
2.49
5.12
1.77
4.31
3.61
2.97
2.98
1.68
2.26
4.27
5.26
0.73
2.19
1.65
0.91
1.21
1.63
2.23
3.26
1.17
1.09
2.23
5.73
1.58
4.43
3.17
4.67
2.15
2.58
3.23
3.05
5.79
4.65
8.28
4.04
5.15
2.24
3.9
8.57
8.33
3.82
7.4
3.14
1.77
4.44
4.38
3.5
3.3
3.05
5.04
9.56
8.76
5.18
7.45
9.07
7.56
4.94
3.77
11.86
9.03
7.41
9.77
11.71
3.22
13.54
7.62
11.13
7.1
11.16
2.99
14.13
11.7
9
11.9
9.02
4.44
4.75
11.8
10.26
8.12
10.35
6.95
12.97
14.99
12.98
14.82
13.9
4.81
13.97
11.63
13.18
15.69
13.5
15.36
17.38
15.3
5.44
19.45
11.4
20.26
7.77
3.84
21.26
21.5
18.5
18.99
12.05
10.86
4.16
5.32
10.87
10.54
15.1
23.58
14.34
16.82
18.91
19.67
12.9
11.6
22.39
19.65
22.26
17.51
24.61
25.49
24.61
17.69
13.89
10.83
14.19
5.78
24.04
22.17
14.72
17.81
19.29
19.62
10.69
7.1
14.76
6.09
2.52
7.02
14.13
16.75
10.61
17.43
24.58
27.46
24.89
25.21
23.25
25.35
21.93
23.4
15.12
7.11
6.14
6.03
11.46
10.22
29.99
29.23
25.6
28.11
30
25.81
28.29
29.05
27.72
18.1
26.07
7.23
11.06
19.04
12.36
9.57
7.55
16.59
28.41
25.65
13.58
10.58
28.08
28.79
29.4
29.34
26.25
25.59
24.17
27.44
20.11
16.11
24.06
29.04
29.01
28.44
26.8
27.61
19.52
27.15
24.24
26.15
25.66
20.15
24.91
20.89
26.54
26.83
23.56
8.5
5.24
8.09
19.98
17.99
16.98
5.37
17.7
26.48
26.84
13.41
22.2
18.76
10.05
10.24
24.72
12.98
21.99
23.84
24.44
20.58
19.05
17.77
13.55
21.06
17.38
17.16
17.29
22.48
22.94
22.94
10.65
7.03
22.28
17.98
4.77
17.68
5.44
6.23
18.68
14.72
9.61
9.35
20.82
10.84
3.64
3.77
12.26
7.3
7.23
11.49
15.44
18.79
15.27
5.69
3.49
7.42
11.14
18.32
18.14
17.75
17.25
15.83
5.67
2.97
8.7
10.9
9.75
7.4
7.6
4.26
3.22
5.95
5.94
1.26
10.76
10.56
13.18
12.65
12.58
9.96
7.3
10.19
9.32
4.96
2.64
2.21
1.43
1.71
10.62
11.48
8.7
7.54
0.92
3.23
10.72
9.79
10.31
10
7.81
5.32
4.98
2.42
7.98
9.18
7.68
6.65
1.76
5.29
2.91
7.14
4.71
6.39
7.77
5.96
4.61
3.36
2.7
1.48
2.95
1.73
1.66
3.41
6.53
6.1
3.07
5.6
1.17
4.01
3.65
1.45
1.54
1.66
4.79
3.4
4.39
3.89
2.71
0.52
3.75
2.44
2.07
5.47
4.88
3.87
4.08
3.3
2.04
3
5.74
4.62
2.1
4.47
3.57
1.57
2.54
5.31
3.89
3.9
1.67
0.9
1.45
0.78
4.43
2.79
0.9
5
4.78
1.81
5.33
2.64
1.17
2.78
2.08
3.07
4.25
5.52
3.95
2.39
0.74
3.73
3.45
4.51
7.16
6.81
2.93
4.93
1.26
4.76
4.63
2.67
1.82
3.4
5.37
6.32
8.51
9.02
8.04
9.98
9.55
9.31
9.35
6.61
2.92
3.28
0.87
1.63
1.92
1.63
1.88
6.71
3.92
5.63
5.85
11.32
12.61
11.58
7.16
4.38
8.21
2.91
7.62
3.4
10.69
9
13.01
11.79
15.82
14.69
9.22
14.34
15.38
12.49
11.67
15.04
2.89
5.18
3.71
3.15
14.81
15.73
17.94
17.28
18.29
18.45
14.54
2.71
6.74
18.14
20.19
17.38
7.23
18.81
17.72
14.15
15.78
8.67
17.69
16.85
22.17
21.83
15.93
10.87
17.79
9.98
13.05
11.22
16.78
18.75
21
23.15
23.6
23.19
22.88
20.15
19.56
4.98
12.71
14.41
12.01
14.5
11.53
22.32
15.13
25.47
26.97
26.84
27.09
7.61
24.6
25.71
26.2
26.02
23.83
21.6
4.75
21.57
19.91
25.56
25.79
26.5
23.22
24.66
25.62
25.06
26.67
28.48
27.41
11
27.46
28.86
27.66
17.2
24.33
20.67
19.51
24.2
25.16
21.04
19.91
10.81
28.41
30.37
26.55
26.57
17.3
26.76
27.94
22.71
19.38
10.5
26.26
27.08
29.44
25.87
10.04
23.53
12.37
28.06
29.6
25.64
26.37
25.87
17.14
12.3
15.16
14.55
23.19
25.94
26.43
28.03
27.89
24.27
27.24
23.65
22.04
18.49
26.17
27.14
21.11
21.22
12.49
14.31
20.18
7.48
3.44
4.16
3.88
23.14
0.94
18.31
13.03
15.13
16.56
23.91
21.69
3.97
22.8
19.98
22.32
13.37
19.69
21.01
25.8
22.21
18.02
23.89
22.63
22.68
23.41
23.84
18.71
21.57
21.72
21.73
22.08
22.51
21.76
22.16
20.92
17.64
20.54
20.15
20.17
18.57
18.57
21.5
19.83
18.29
20.59
17.32
8.92
10
20.01
19.61
15.16
19.53
16.75
12.11
17.46
16.87
17.02
11.12
7.83
15.4
13.33
15.65
14.64
16.78
16.31
15.13
15.34
16.5
15.81
15.27
15.3
14.84
13.33
13.77
12.66
0.1
8.82
9.26
4.58
10.08
7.18
6.27
11.46
12.84
12.65
12.73
12.3
11.69
2.24
8.34
8.38
1.18
1.21
1.05
2.55
1.46
2.62
3.22
6.71
7.62
2.17
2.4
2.2
8.35
7.84
5.45
5.59
5.58
1.85
2.13
8.07
7.67
7.74
7.33
4.63
2.28
1.32
1.58
0.75
0.49
1.01
1.02
1.16
0.83
0.56
1.95
2.06
5.44
2.75
0.78
0.99
0.81
0.93
3.54
0.65
3.88
2.83
5.83
2.14
3.05
1.72
2
3.47
3.33
0.76
3.31
1.88
6.09
1.36
6.25
2.73
4.01
1.8
4.22
5.69
1.27
3.44
1.04
1.03
1.68
5.69
2.45
5.34
2.3
3.46
1.45
4.85
4.89
3.62
3.79
3.66
4.85
6.51
6.11
6.27
5.21
5.39
2.86
6.27
2.59
0.88
6.38
7.34
5.24
3.2
7.85
7.3
8.61
7.1
3.48
9.02
7.89
6.25
6.68
3.71
2.3
7.51
3.4
3.36
9.23
8.66
5.77
4.1
4.98
8.23
9.19
4.62
9.63
5.32
5.39
9.56
6.65
12.43
11.39
8.39
11.09
10.62
8.76
12.45
3.9
9.57
5.08
12.54
14.83
12.37
14.28
14.64
15.42
12.1
12.68
15.67
2.97
2.51
8.14
12.05
17.03
17.25
17.53
15.87
9.07
15.34
17.56
17.62
16.6
16.97
18.55
20.06
19.22
18.17
7.93
7.18
19.94
18.27
20.77
18.97
19.11
16.79
5.45
3.51
16.94
22.75
19.5
16.26
8.42
16.01
4.78
10.24
8.35
15.59
10.96
18.57
19.75
14.36
7.32
15.02
12.91
22.46
25.02
25.61
25.31
25.02
25.37
24.5
23.77
15.27
12.09
23.84
23.96
9.05
25.27
27.25
26.01
26.09
20.41
17.83
9.11
18.23
9.81
26
28.83
28.4
27.3
9.97
2.06
21.82
22.75
22.86
22.5
27.02
16.53
22.99
18.9
17.54
20.81
12.37
27.01
16.68
22.12
25.43
26.39
24.16
10.76
14.61
13.06
7.4
16.6
26.49
29.08
30.41
29.39
30.1
27.86
27.91
26.06
19.64
24.77
28.48
6.31
24.51
24.93
23.1
26
28.34
26.35
27.59
24.84
25.58
24.46
24.82
27.01
28.24
26.7
24.82
23.95
17.54
9.29
22.41
9.05
19.95
19.83
19.29
25.2
24.86
6.28
14.69
21.87
16.62
13.64
19.19
22.88
24.47
19.13
24.77
19.68
26.34
25.68
20.46
23.87
24.99
24.63
22.6
17.6
18.12
20.94
10.38
20.99
22.88
23.43
22.57
20.71
20.08
22.65
23.38
23.93
19.64
20.36
16.41
21.51
21.9
10.51
16.68
22.66
19.77
20.89
9.17
6.21
18.56
17.94
13.15
15
16.18
20.91
20.8
20.52
20
19.43
13.89
3.94
4.99
12.05
17.03
16.51
16.99
9.55
15.98
17.82
15.42
15.54
14.58
16.61
15.34
7.87
12.82
8.58
10.31
12.3
3.84
13.62
13
11.91
13.75
9.06
12.63
9.88
2.67
8.02
3.09
4.56
6
10.07
1.84
7.58
10.78
9.07
8.07
8.37
8.28
2.93
2.22
1.28
1.33
1.68
3.04
4.9
9.58
9.55
1.24
4.08
7.82
6.94
0.82
4.64
6.16
8.67
6.71
5.08
6.92
0.66
4.07
6.09
6.47
2.58
3.97
2.19
2.29
1.81
1.64
2.1
1.44
2.61
2.78
2.56
3.9
5.27
4.58
2.47
2.9
1.07
5.26
1.75
3.2
2.85
5.35
1.78
6.04
4.25
4.54
5.81
6.04
3.12
1.13
2.05
0.83
0.95
2.29
2.58
0.84
1.38
1.24
5.12
2.37
0.65
4.63
2.19
5.99
6.6
5.36
3.12
0.92
4.08
3.63
2.8
0.97
2.19
1.53
2.26
2.01
2.44
4.32
1.5
1.51
2.49
3.26
2.47
2.79
3.49
4.67
2.34
3.05
3.07
1.71
5.94
5.47
6.31
3.19
4.44
7.47
8.98
4.87
0.65
5.68
3.85
2.84
1.58
9.7
7.08
4.26
3.87
8.2
3.27
3.05
3.8
6.75
8.25
8.44
6.17
8.34
5.32
8.81
6.56
7.01
3.85
6.41
1.43
3.8
7.19
2.74
14.8
14.85
14.9
14.69
8.81
11.46
10.72
6.68
3.2
13.92
6.46
7.45
3.61
10.45
14.8
11.46
2.23
12.86
15.87
8.38
19.08
9.4
4.5
3.93
6.93
17.8
19.1
2.4
4.12
3.32
7.04
2.03
2.87
11.77
3.44
9.34
10.37
20.03
17.29
16.21
18.29
11.17
16.16
20.59
22.43
24
16.43
22.36
19.17
19.96
21.58
16.19
20.08
24.91
24.05
23.99
16.31
21.98
19.53
21.66
22.49
9.51
14.88
20.67
10.26
11.43
18
20.41
20.65
25.47
6.08
19.22
26.13
22.63
27.67
20.98
9.27
28.5
25.28
15.49
27.42
21.04
19.74
21.22
14.41
16.47
13.28
14
17.54
2.91
8.9
13.16
5.4
15.79
10.39
12.68
17.06
22.41
20.47
26.02
19.47
10.38
23.44
30.07
28.96
27.75
24.82
29.47
28.7
27.5
28.2
29.19
27.52
23.57
3.84
10.18
24.87
30.11
24.96
24.34
23.54
28.2
28.13
27.92
28.72
28.08
25.78
26.91
28.11
26.73
24.85
14.61
22.39
19.57
24.51
17.86
28.38
28.77
26.73
22.09
26.87
28.18
28.21
27.04
25.78
17.39
24.13
25.08
25.06
25.62
20.6
19.87
26.88
26.96
26.06
24.48
25.22
25.14
24.98
25.09
23.63
12.52
24.45
21.54
16.03
5.16
24.28
25
24.72
24.19
20.76
13.9
18.21
21.7
19.43
4.77
5.38
9.54
10.78
10.38
20.59
21.31
19.33
10.92
15.84
11.69
13.39
15.94
18.78
20.89
19.04
4
12.25
10.22
13.48
11.31
8.16
12.09
13.64
4.38
7.69
15.79
13.87
11.48
15.65
16.29
17.49
14.86
10.49
3.64
7.28
1.62
2.3
14.79
10.87
14.1
15.95
6.95
3.49
9.09
13.58
7.73
6.59
5.3
11.53
12.52
10.63
11.93
5.52
12.15
9.23
11.65
8.7
9.06
8.59
10.85
6.51
9.8
7.05
9.14
9.35
4.79
2.97
8.39
9.47
4.34
2.37
2.44
1.28
5.1
7.39
6.92
1.31
3.77
2.16
4.13
0.77
3.01
1.22
6.11
5.11
2.13
2.11
1.13
1.19
1.1
1.8
0.9
2.19
4.65
4.39
7.43
5.92
3.71
6.41
5.92
6.29
6.04
5.19
4.78
4.08
4.13
1.9
2.37
2.62
1.63
0.82
0.73
1.85
1.61
1.03
0.48
2.72
3.15
3.23
2.34
1.97
5.59
3.3
1.17
2.88
4.41
2.26
3.09
1.7
0.7
4.25
5.41
3.2
1.79
4.36
2.33
1.2
1.68
2.73
1.51
6.46
6.47
1.93
4.14
5.48
4.18
3.26
2.23
3.11
3.85
1.92
1.22
0.61
7.8
4.32
3.64
3.1
3.58
3.48
3.29
2.83
1.78
2.76
1.85
2.81
2.9
7.73
3.23
2.58
6.59
1.47
2.1
9.63
6.57
9.26
4.5
2.11
2.51
3.05
7.74
3.27
2
4.05
11.01
7.39
9.64
10.75
9.64
9.85
7.83
3.88
6.16
5.68
7.15
10.47
10.45
14.58
12
15.93
15.21
15.43
15.22
6.98
11.26
17.11
16.16
13.09
18.4
17.51
15.35
5.05
10.78
10.81
14.32
12.22
18.55
19.01
19.64
14.94
16.41
15.72
14.63
15.04
8.9
10.62
19.08
18.4
13.61
6.45
21.79
13.02
10.86
13.51
12.73
12.93
8.57
21.91
13.4
10.06
12.24
17.56
16.72
15.63
3.18
9.93
22.93
18.78
17.15
23.63
22.75
21.13
5.24
20.62
26.62
25.45
17.94
21.31
20.31
23.08
5.72
20.7
5.87
17.37
7.04
5.59
6.08
11.13
27.6
28.31
27.83
26.28
24.95
23.69
27.34
20.5
24.45
15.65
14.75
20.63
15.3
13.56
24.89
20.63
29
19.61
30.56
29.63
29.36
30.08
29.92
29.26
21.02
25.34
20.55
29.05
25.09
9.42
26.27
24.5
15.98
20.61
29.1
27.25
9.71
11.67
30.2
27.43
27.54
26.63
9.91
26.19
22.4
27.09
29.17
17.82
28.42
28.32
23.26
15.26
7.94
9.77
21.1
21.42
20.82
22.29
25.7
26.25
26.14
26.22
26.45
17.18
6.29
21.48
24.08
17.37
22.25
14.68
11.26
16.42
12.91
12.59
19.22
22.16
22.8
19.57
17.66
10.29
16.11
21.23
23.69
22.88
20.35
12.58
17.38
5.96
13.21
17.6
22.65
24.43
16.24
10.87
19.68
13.92
10.03
15.71
21.57
9.45
13.11
21.96
22.15
18.79
11.21
3.61
2.54
15.32
10.15
16.97
7.15
12.86
18.76
16.79
7.52
2.4
5.45
11.91
5.43
8.72
10.63
15.93
17.71
16.67
13.44
16.06
10
12.1
16.46
6.61
2.13
5.8
16.66
16.23
7.54
6.04
4.85
9.27
4.67
10.37
11.8
7.13
11.05
13.5
11.23
12.32
11.96
11.81
10.91
5.68
9.84
3.95
11.66
11.42
10.54
2.57
3.2
0.98
0.78
2.01
4.28
3.8
7.53
7.13
3.44
3.42
8.34
9.14
4.7
8.62
7.76
2.71
3.5
2.78
4.74
7.18
6.68
3.49
2.67
3.89
2.78
4.47
1.74
5.46
5.62
6.17
5.63
5.74
5.09
1.97
1.19
3.81
2.27
0.54
0.84
0.56
0.24
0.6
0.74
0.91
1.11
0.44
1.1
3.17
2.43
5.65
3.04
5.83
5.1
2.38
2.49
1.49
3.93
2.78
5.45
5.2
5.78
3.48
4.01
5.36
4.54
4.2
3.2
1.6
4.66
4.42
6.82
1.91
4.21
3.87
6.19
2.2
5.86
3.23
3.1
2.22
5.29
0.38
5.46
6.76
6.11
6.02
6.25
1.97
1.96
3.12
1.76
1.99
1.48
1.24
1.2
2.19
6.53
2.05
7.14
1.62
1.25
9.01
4.04
7.57
6.45
2.51
3.92
3.19
7.3
6.58
2.53
2.57
3.72
8.33
10.58
6.65
8.25
11.23
8.76
6.77
11.08
11.74
11.3
2.61
2.88
1.59
3.4
7.55
8.62
9.3
8.62
3.93
14.87
8
7.34
11.88
14.02
15.23
14.98
15.13
5.87
7.86
3.1
7.42
5.15
13.03
14.36
16.61
15.64
14.91
17.21
13.71
17.01
14.27
7.64
14.99
3.76
13.19
14.94
7.98
13.21
17.4
10.05
17.95
10.45
16.92
18.93
11.26
3.93
13.21
20.84
18.96
19.54
17.79
18.61
21.83
20.98
8.79
9.68
20.81
23.87
24.01
20.8
21.9
17.49
24.2
18.11
21.75
5.76
25.24
20.19
12.57
19.34
7.66
19.34
20.72
19.6
25.87
24.64
16.4
22.29
27.81
25.45
21.99
16.84
4.03
14
20.36
23.3
24.99
22.23
4.61
3.32
5.07
24.19
6.05
6.09
17.46
21.57
26.84
26.95
19.16
26.85
28.67
28.95
27.55
28.44
29.87
28.73
28.11
27.51
29.05
28.7
29.23
28.87
24.21
17.03
16.89
22.71
25.95
11.57
16.35
21.72
27.05
3.84
17.15
27.7
29.77
11.63
22.89
21.2
27.37
26.42
26.52
27.26
29.04
29.34
24.65
27.17
17.82
15.92
27.91
28.11
24.74
9.08
15.54
22.02
23.68
26.17
22.45
26.19
24.47
23.85
26.45
21.72
25.18
19.96
11.96
7.04
10.8
9.23
7.06
20.63
25.61
19.16
21.58
22.83
24.43
24.8
24.68
23.89
24.57
22.62
23.75
24.09
23.17
21.62
19.67
16.91
6.32
15.82
16.98
6.28
17.16
21.33
14.08
19.73
7.71
21.98
19.62
22.39
21.77
21.66
21.81
21.96
16
14.83
14.04
3.97
12.81
17.22
18.05
16.68
14.38
10.43
19.65
14.75
13.31
10.91
14.47
17.32
15.77
12.67
13.99
17.28
15.93
13.25
10.37
1.54
6.94
9.15
10.04
12.81
9.22
14.99
14.58
12.4
11.04
11.44
8.49
2.3
4.5
4.35
2.46
1.54
7.43
1.73
1.03
0.58
3.79
6.15
4.46
0.5
6.05
4.77
7.49
5.64
10.47
8.28
7.06
8.32
0.87
2.63
9.61
9.93
10.89
10.9
10.36
7.63
8.56
8.97
5.32
8.11
4.73
5.05
8.29
8.45
8.1
5.61
2.29
7.63
3.6
7.62
7.12
2.7
0.77
2.62
6.67
5.13
2.15
2.72
2.68
4.2
5.92
4.56
3.86
4.75
3.28
1.54
4.53
1.76
1.88
0.77
1.22
4.66
6.75
2.28
5.26
3.85
1.53
2.65
0.88
1.34
4.6
0.84
2.8
5.53
3.85
4.46
4.39
5.4
2.51
6.06
1.47
4.29
4.13
2.09
0.35
2.13
2.05
2.5
0.82
4.38
3.28
2.32
2.85
3.82
5.7
5.1
5
2.02
5.88
4.12
6.85
5.74
7.13
8.22
8.68
2.12
6.76
2.3
6.76
6.79
8.39
7.28
5.54
1.39
4.32
2.58
1.84
7.65
9.58
9.83
5.86
4.67
7.54
2.42
8.31
4.16
4.82
5.46
1.73
2.89
1.43
1.32
3.05
10.77
5.9
10.14
4.83
10.05
4.51
8.44
10.52
5.94
2.66
4.65
10.11
2.71
11.58
9.72
10.22
2.55
6.99
14.33
14.39
4.76
6.38
5.99
17.3
5.08
6.55
14.3
17.5
13.94
17.61
10.36
8.76
7.89
13.1
7.82
8.6
18.07
14.38
11.31
13.04
19.28
12.32
14.53
19.53
17.47
17.8
19.36
17.7
2.57
14.23
18.32
22.43
20.87
18.49
6.78
20.58
23.69
17.01
14.04
14.43
22.74
24.82
23.7
18.13
9.93
16.52
23.64
3.02
11.13
23.84
24.63
4.51
7.55
16.17
15.11
24.69
26.13
23.31
23.23
20.56
9.88
5.72
2.27
19.29
9.21
10.59
19.97
18.6
20.18
25.22
19.53
26.74
28.35
26.46
9.89
27.18
22.59
25.02
26.03
25.26
27.58
24.3
21.09
20.89
24.36
20.19
20.67
27.38
30.7
28.06
19.65
18.63
18.19
14.31
21.36
21.31
15.25
24.09
26.06
26.96
12.25
16.85
29.3
28.45
28.56
27.96
27.59
25.61
12.22
30.51
28.97
27.03
23.57
25.8
10.23
27.49
26.77
17.34
26.07
26.3
18.24
26.34
26.57
25.12
21.93
17.35
18.51
5.01
11.74
25.6
23.86
24.26
25.22
23.49
22.69
21.91
11.99
14.97
21.13
15.61
23.14
24.43
22.85
15.36
25.94
23.15
26.2
21.19
23.81
26.01
25.73
23.95
3.86
15.86
18.23
16.1
24.82
14.58
21.23
16.11
16.34
11.8
21.27
6.78
7.27
23.49
22.42
22.71
23.05
21.31
22.47
17.09
19.77
22.11
22.06
15.63
20.09
16.31
11.83
5.91
18.5
19.15
19.21
18.59
17.02
15.06
17.75
17.39
17.24
16.69
12.47
10.63
13.08
14.33
10.45
16.32
16.73
15.69
15.53
14.04
13.93
14.65
15.13
15.03
13.2
3.96
5.87
2.7
13.41
4.07
5.39
9.35
7.91
5.44
3.86
6.16
11.29
6.04
4.96
9.56
5.03
1.07
5.18
1.86
2.9
10.58
8.31
8.84
7.65
9.22
5.67
8.82
5.79
4.98
9.53
8.78
6.86
4.74
8.57
4.13
1.12
2.54
1.07
8.32
6.47
4.02
0.75
7.72
7.06
5.99
2.57
3.54
6.81
3.37
4.35
6.51
6.56
6.16
4.32
1.68
4.08
2.01
5.63
6.71
6.14
4.12
4.16
6.72
4.88
3.94
1.42
5.19
1.69
4.89
5.73
5.97
3.86
4.84
3.24
2.26
1.72
5.88
1.72
0.9
0.6
0.51
0.56
1.26
1.1
1.74
4.84
5.53
1.32
5.81
6.63
6.64
6.44
4.44
6.13
1.66
5.28
3
6.7
1.73
3.12
6.28
6.97
3.1
0.3
3.96
7.05
4.28
4.31
3.37
6.79
7.74
8.1
8.02
1.98
1.08
2.27
1.99
3.17
1.57
1.13
1.28
2.39
1.39
3.69
5.63
4.99
6.26
0.65
8.05
3.3
1.49
2.73
4.37
6.49
9.51
11.03
11.18
9.24
4.59
5.87
11.81
7.87
3.56
7.56
6.4
2.52
13.51
11.19
10.17
8.94
7.35
7.91
13.18
13.78
4.79
6.85
8.62
15.09
12.04
8.49
12.36
12.18
16.38
12.12
9.26
16.08
16.85
3.75
9.47
12.25
15.96
14.09
16.28
15.27
18.32
17.2
20.3
20.39
17.61
14.12
20.01
19.61
19.83
19.25
14.89
7.7
11.59
6.31
10.25
15.12
21.56
12.19
17.45
12.74
15.32
11.97
15.6
15.71
12.25
5
14.6
23.03
12.9
15.26
21.94
20.6
12.26
6.3
3.89
16.77
20.08
18.12
23.27
3.81
18.07
7.35
24.27
11.51
20.94
17.87
24.07
23.98
20.13
15.13
20.82
12.64
26.55
27.48
27.82
28.22
23.04
25.9
27.16
16.68
8
19.27
26.33
28.03
29.18
28.91
27.67
19.07
23.73
21.22
27.76
24.72
25.89
24.24
11.41
29.84
30.37
19.54
30.65
28.1
27.44
24.84
28.45
13.63
15.26
28.42
28.04
29.93
20.4
24.67
17.28
27.69
13.37
25.3
23.61
22.02
27.15
21.64
21.51
19.96
21.69
23.33
26.14
25.04
22.86
25.26
24.11
26.9
18.79
27.7
29.42
11.45
21.33
26.82
28.04
28.28
25.78
27.25
26.76
20.99
21.41
13.28
22.11
17.05
12.01
20.44
26.47
24.29
26.27
26.34
23.24
25.56
23.57
23.71
14.05
25.08
16.02
22.65
20.4
18.54
13.61
19.29
24.27
24.8
21.28
23.65
23.18
12.61
17.22
21.01
20.81
22.74
22.13
21.23
21.31
19.17
15.11
22.15
22.19
20.98
11.32
9.87
7.94
19.86
18.72
12.06
5.15
16.17
19.53
12.17
7.08
5.66
18.15
18.39
6.55
6.8
4.14
12.54
1.9
4.08
7.83
14.13
13.2
10.24
9.56
11.94
6.94
13.89
13.04
14.68
14.92
14.75
4.08
13.05
12.63
8.35
12.24
7.22
8
9.72
12.28
12.12
10.94
11.03
11.93
11.77
10.4
10.24
5.87
5.51
4.76
1.53
1.11
9.5
10.01
9.55
1.68
4.71
4.97
5.53
4.99
8.33
7.31
5.39
8.73
7.79
1.26
4.24
0.63
5.04
4.18
4.83
2.88
1.74
5.97
4.86
1.53
0.94
3.78
3.1
5.7
3.04
5.55
5.78
2.34
4.67
2.71
6.66
5.24
1.38
3.32
3.18
6.77
3.09
2.5
1.63
6.13
4.66
3.37
2.72
6.18
1.15
0.28
3.05
1.64
1.17
3.01
4.99
6.1
6.34
1.03
2.13
2.64
4.71
4.97
5.88
3.03
4.09
1.56
5.57
3.77
3.96
1.11
2.37
3.29
4.08
3.3
4.53
4.6
2.41
1.27
1.13
2.12
0.97
0.54
2.08
1.52
4.08
1.93
5.07
1.46
7.25
5.88
4.94
3.53
5.38
7.01
4.4
1.4
2.64
8.2
7.98
3.27
4.44
1.16
1.22
7.89
5.38
2.03
1.76
3.41
3.26
2.05
8.26
2.37
3.83
5.41
10.33
4.99
5.05
5.02
7.97
3.39
3.72
4.27
4.8
10
13.32
7.32
9.13
13.51
8.87
3.06
6.9
9.31
4.57
6.76
11.95
11.82
9.15
12.74
11.7
13.65
13.1
10.31
9.9
4.18
2.32
7.89
7.3
10.15
12.79
19.08
7.49
15.63
7.83
14.91
11.9
14.1
2.79
9.7
4.09
11.53
18.89
18.83
11.51
9.06
20.53
12.03
17.91
19.18
11.65
14.81
16.52
21.01
22.01
11.33
7.89
9.96
21.5
23.53
23.53
24.22
23.14
16.92
17.4
23.29
10.9
20.75
24.3
24.32
23.32
22.28
22.02
24.09
20.18
17.9
25.25
25.56
23.32
25.66
18.92
17.46
23.84
22.13
6.05
9.41
20.97
21.18
15.34
23.55
24.41
25.79
19.83
21.45
16.81
15.54
26.44
24.51
22.05
23.54
22.24
25.74
16.98
24.07
20.46
23.33
22.26
25.18
18.61
22.59
16.51
23.45
27.88
23.14
13.93
6.83
14.44
23.42
20.36
27.39
27.69
28.02
28.29
10.28
20.63
17.37
14.97
22.73
19.91
11.99
16.57
25.97
25.64
22.55
24.59
19.39
27.21
9.61
25.02
19.51
25.72
23.24
7.1
20.04
22.24
20.73
20.09
22.79
22.48
17.74
26.49
23.82
22.03
16.69
11.53
25.59
26.09
23.38
22.26
21.51
25.54
25.9
24.57
20.53
13.75
22.31
25.44
21.24
23.05
21.3
24.49
24.28
19.88
18.26
24.97
24.2
10.82
20.66
22.87
22.07
22.11
22.14
21.82
22.38
22.09
21.03
16.25
8.71
7.05
22.75
19.88
19.62
18.88
17.13
7.34
6.38
10.05
5.35
17.56
20.2
16.55
17.79
19.07
19.26
16.19
19.52
15.77
15.39
17.2
17.14
16.91
18.36
17.02
16.83
17.16
2.2
10.88
14.28
16.48
17.52
16.84
16.64
16.8
16.48
13.32
7.67
10.76
13.34
14.63
12.33
5.18
7.58
12.06
12.3
12.3
12.49
11.92
12.01
9.31
5.76
7.72
7.91
9.24
9.96
6.5
6.61
8.57
5.07
9.88
7.21
1.86
4.1
6.13
8.64
9.72
6.9
5.8
4.05
2.17
4.32
7.97
7.78
4.31
4.36
3.65
7.61
5.83
3.57
7.77
6.89
7.85
6.71
3.89
1.02
0.6
1.03
0.91
0.9
1.29
0.84
0.91
1.97
4.96
7.27
5.84
3.06
4.5
2.86
4.64
5.75
2.93
5.25
1.93
2.75
4.77
2.6
2.86
1.73
0.88
2.54
3.52
2.73
3.08
3.81
1.94
2.28
2.46
2.68
2.58
2.35
4.04
4.12
2.84
4.54
2.15
3.58
3.58
4.54
4.92
5.73
1.05
5.14
2.29
1.85
3.95
1.33
6.73
3.74
6.11
4.94
5.98
5.13
5.52
2.51
3.28
4.41
5.68
3.98
1.84
4.03
6.06
4.3
6.17
1.88
5.59
3.95
2.72
4
3.78
2.3
9.06
2.59
9.8
10.34
6.68
7.42
6.27
3.77
6.51
6.34
8.3
7.57
11.07
11.47
11.54
11.45
7.23
10.89
6.54
12.62
8.6
10.26
9.57
13.59
13.86
8.07
5.09
11.28
12.37
13.06
14.08
11.6
7.06
11.37
8.14
7.27
14.66
5.67
13.92
9.07
8.21
17.89
3.31
9.43
17.89
18.33
18.24
18.73
18.86
5.46
15.69
9.21
11.78
19.56
20.68
20.7
19.02
17.47
17.33
12.41
3.73
14.17
18.14
15.73
16.68
8.2
2.44
6.15
8.37
3.7
21.69
22.91
22.93
20.88
23.51
24.56
24.2
24.07
4.66
20.24
23.89
19.28
15.48
24.67
9.16
5.74
22.36
25.42
11.2
7.08
5.77
4.5
17.18
24.05
8.07
21.05
22.25
15.09
5.24
8.9
4.16
8.93
12.15
20.04
15.89
18.11
15.31
12.56
17.73
28.07
27.2
26.75
6.59
8.96
6.77
6.93
23.59
25.66
24.62
28.11
27.86
25.73
19.22
27.56
29.21
29.56
28.29
27.56
28.53
28.22
28.91
23.88
22.69
20.69
23.22
21.82
27.1
25.64
10.56
9.84
27.24
28.46
29.75
21.99
30.58
30.57
29.89
27.68
22.21
25.2
23.13
25.67
26.55
15.83
12.37
12.94
26.88
20.08
15.17
13.02
21.88
26.32
24.83
26.92
18.39
23.47
26.33
20.87
22.71
27.33
27.39
24.25
16.9
20.4
10.51
15.35
20.55
19.39
25.3
6.59
17.43
23.57
24.61
23.09
22.24
12.84
24.33
24.9
22.95
23.73
13.44
18.98
24.33
13.67
23.22
22.72
23.89
22.72
15.48
15.32
16.97
16.39
17.13
13.26
20.03
19.64
13.46
19.68
20.44
19.27
17.49
18.37
21.96
21.11
5.45
7.53
12.95
11.21
19.73
18.92
17.2
17.02
16.66
19.29
18.21
12.77
16.1
15.24
17.5
18.33
13.86
10.87
13.54
7.01
11.75
14.63
4.29
12.56
14
14.72
6.88
9.15
13.16
6.13
12.22
5.68
13.36
12.19
4.06
11.33
10.82
7.42
10.21
12.4
3.59
10.94
7.56
9.68
11
10.29
8.8
9.58
10.74
10.17
10.19
9.32
3.56
1.25
1.44
2.46
9.66
5.11
6.83
3.77
2.62
7.11
5.38
1.83
2.65
1.96
4.18
0.9
1.47
6.65
3.22
2.43
4.76
6.75
4.88
0.51
4.33
3.06
4.73
4.56
1.23
1.59
2.24
2.14
3.29
5.41
5.07
0.82
3.23
6.27
0.66
1.16
2.22
2.75
1.29
4.71
7.08
0.62
2.38
4.96
4.44
4.23
3.89
4.43
3.35
4.92
0.59
0.82
2.06
4.89
4.66
3.52
1.4
4.73
2.28
5.91
4.76
5.8
6.34
3.49
2.81
6.4
6.94
5.02
5.74
4.74
3.93
5.56
7.02
4.33
1.19
3.31
1.9
0.8
0.81
2.24
2.38
7.39
1.71
6.11
1.26
1.75
1.87
1.96
4.22
5.33
7.28
5.66
8.66
5.69
4.16
1.19
5.29
7.82
7.4
9.09
9.47
6.63
8.3
8.11
9.62
5.75
10.22
11.01
9.54
5.62
5.82
11.91
11.51
10.77
5.62
4.53
12.07
0.98
12.38
10.5
9.09
5.41
10.23
5.29
12.89
15.13
3.46
10.71
15.55
10.58
14.37
12.11
15.17
2.03
11.96
18.2
18.09
15.28
17.18
17.89
17.95
10.13
17.24
11.28
9.78
5.08
7.34
17.96
18.88
17.31
11.46
19.92
20.06
21.45
18.12
21.04
20.87
21.19
22.75
22.14
22.33
21.27
20.62
21.48
14.91
16.09
23.72
23.33
22.11
17.11
12.95
22.15
23.71
24.76
24.98
23.54
19.33
21.41
19.24
23.03
7.09
21.84
14.61
21.26
17.87
25.45
8.17
26.82
27.36
26.19
22.39
17.72
18.34
11.83
16
21.81
10.13
15.33
18.45
25.69
7.45
16.45
28.36
25.7
14.02
22.28
13.98
17.91
25.2
21.87
20.79
14.46
7.39
23.62
23.3
19.42
24.55
9.1
24.63
28.13
14.96
14.78
14.99
26.38
29.99
29.75
22.18
7.79
9.67
11.15
16.08
24.38
9.37
7.13
21.19
29.72
29.99
18.27
25.64
28.52
27.51
15.28
24.04
27.34
26.64
10.11
26.48
28.74
18.39
27.88
29.21
26.81
28.97
19.46
27.78
26
22.82
25.41
13.95
16.63
13.74
16.88
23.08
24.13
20.93
22.67
11.1
6.23
20.51
27.35
26.24
22.09
25.81
25.14
26.07
23.48
10.76
12.69
8.89
19.1
24.68
24.42
23.46
24.29
18.05
24.44
21.36
17.52
12.39
12.36
19.3
11.87
20.42
23.96
23.51
22.95
14.63
13.6
21.37
21.24
22.01
20.98
18.86
14.58
8.73
13.32
19.36
15.46
19.11
21.2
17.77
18.07
20.92
20.61
19.29
18.07
18.31
18.38
18.66
18.25
14.61
15.84
17.07
15.49
15.79
16.3
15.9
13.8
15.67
6.29
8.25
14.69
7.72
8.13
11.05
8.62
9.59
10.51
14.39
9.61
13.71
3.57
13.01
12.5
7.8
2.38
2.83
1.31
11.09
1.74
4.3
6.04
7.89
6.65
9.23
8.7
9.21
4.9
2.18
6.67
9.09
3.81
7.5
3.24
2.67
8.36
3.53
4.88
5.5
2.75
5.36
9.13
8.68
7.03
1.52
1.15
1.05
1.62
1.24
1.74
1.2
2.18
6.3
7.33
1.09
3.53
7.54
7.41
4.09
6.08
1.06
0.59
0.74
0.91
6.52
4.08
1.69
2.38
0.56
1.9
2.65
2.43
3.09
0.75
0.84
1.11
1
0.63
1.29
3.04
0.94
0.74
0.75
0.92
0.66
0.82
0.99
2.07
4.71
1.47
1.89
4.8
2.13
1.9
4.3
1.71
3.39
