19710101
0
5.24
2.88
0
0.43
0
0
0
0
0
0
0
0
0
0
10.9
0.2
0
0
1.7
1.13
0.84
0.01
0.2
0
0
2.95
0
0
0
0.35
0
0
0
0
0
0
0
0
0
0
0
0
0
10.41
1.35
1.78
0.09
0
0
0
0
0.07
0.85
0
0
1.83
0
0
0
0
0.76
0
1.59
3.24
1.58
0
2.64
0
0
0
0
0
0
0.67
5.93
0
0
0
0.33
24.43
0
0
0.16
6.09
0.15
0
2.69
0.6
0.47
2.48
1.94
0.72
4.81
0
0.03
0
0
0
0
0
0
0.05
0
0
0
2.97
0
0
0
0
0
0
0.79
0
2.94
0
7.79
0
18.67
0.1
3.7
7.74
0.1
1.28
0.51
0.09
0
0
0
0
0
0
0
0
0
0
0
0
0
0
0.06
0.94
0
0
0
0.78
0.01
0
1.5
10.06
0.95
2.92
0.04
0.45
0
0
0.56
7.73
0
0
0
0.06
0
0
1.24
3.11
5.82
1.78
0
0.02
0
0
0
0.68
0
2.74
0.23
8.52
0.09
0.18
0.08
0
0.33
0
0
0
0
0
0
0
0
0
29.19
0
1.68
1.54
18.5
24.1
0
0
0
0
0
0
0
0
0
0
0
0
6.32
0
0
0.18
0.02
0.23
0
0
5.48
0
0
0
3.97
0
0
0
1.23
0
0
0
0
0
0
2.55
0
0
0
14.14
0
0
0
9.19
0
0
0
0
0
0
0
0
0
0
3.32
6.85
0
0
3.17
0
0
0.06
0
0
0
0
0
0
0
0
0
11.5
0
0.11
0
0
0
0
0
0
0
0
0
0
0
0
0
15.03
0.11
0
0
0
0
0
0
0
0
0
0
0
0
0
0
0
0
2.62
1.24
0
0
0
0
0
0.11
0
0.78
9.09
0
0
0
0
0
0
0
17.34
0
0.9
21.05
7.15
0
0
0
0
9.2
2.58
3.51
4.73
11.52
0.43
0
0
0
0
0
0
0
0
0
0
0
0
0
0
0
0
9.39
0.6
0
0
0
0
0
0
0
0
0.42
0.19
9.19
0
8.16
6.56
0.08
0.1
3.55
0
0
0
0.02
0.01
0
0
0
0.01
2.97
1.23
0
0
0
0
0
0
0
0
0.09
8.28
5.99
2.13
0.01
0.04
0
0
0
0
0
0
0
1.77
0.23
0
21.86
2.37
2.24
0
0
0
0
0.24
0.03
0.12
2.6
1.11
0
2.07
0.62
1.89
4.86
0.42
0
2.78
3.17
1.44
0.83
1.86
0
1.4
0.02
0
2.98
0.64
0
0
0
0
0
0
0
0
0
0
0
0
0
0
7.4
5.4
0
0
0
2.51
0
0
0
15.25
0
0
0.02
0
0
1.79
4.86
7.52
2.35
0.06
8.46
0
0.01
0
6.87
4.38
0
0.12
0.1
0
0
0
2.2
0
0
0
0
7.16
0.14
0
4.47
0.31
0.02
4.26
17.24
3.62
3.6
7.84
6.31
4.59
3.03
0
3.62
15.22
0
2.47
0
0
0.11
3.25
0
34.69
5.01
0
0
12.72
7.16
8.42
0
0
0
0
0
0.68
0
0
0.92
2.7
1.37
0
0
13.55
6.36
5.82
0.45
0.4
0
0
10.14
0.04
0
0
0
0.01
0.22
4.17
0
0
0.04
1.72
0
15.96
1.07
0
0
14.62
14.52
34.61
38.35
42.26
19.59
4.58
0
2.29
0
5.7
0
18.92
0.99
0.88
8.46
24.19
0
0.15
26.22
2.1
4.31
0.06
2.21
4.15
9.15
0
0
0
0
0
0
0
0
0
0
0
28.74
0
3.14
33.87
4.01
1.59
0.4
0
0
2.32
0
0
8.15
0.29
0
0
0
0
0
0
0
0
0
0
15.53
4.13
0
0
0.23
0
7.5
3.6
2.13
1.8
0.11
0
2.47
0
0.26
0
0.16
0
0
0.23
0
0
0
0
0
0
0
0.29
0.13
6.34
0.03
0
0
0
0
0
0
0
0
0
0
0.39
0.43
1.96
3.05
0
0
0
0
1.41
0
0
0
0
0
0
0
0
0
0
0
0
0
18.86
0
0
6.65
13.72
0
0
36.63
0
9.23
0
3.85
10.71
0.37
0
0
0
0
0
1.37
1.1
0.05
0
0.02
0
0
0
0.01
8.89
0
0.02
0
0
0
0
0
0
0
0.16
0
0
0
0
0
0
0
0
0
0
0
0
0
0
0.2
1.22
0
0
0
0.03
0.03
0.57
0
0
0
0
0
17.17
0.01
4.87
0.1
1.93
0.01
1.72
8.83
3.78
0
0
0
0
0
0.15
1.73
5.37
3.18
0
0
0
0
0
0
0.01
11.61
0.1
0
0
4.21
0
0
0
0
0
0
0
0.12
0.18
1.55
0
0
0
0
0
0
0
0.16
0.19
0
11.23
0.05
2.41
0
0
0
2.74
2.85
0.42
0.1
0
0
0
0
0
0
0
0
0
0
0
0
0
0
0
0.11
3.38
6.21
0
0
0
0.13
0.43
0
1.36
0.08
7.83
2.59
8.92
1.24
0.1
2.45
8.36
14.97
5.61
4.64
0
0
14.25
2.29
2.11
0.12
0
0
0
0
0
0
0
0
0.01
0
0
0
0
5.86
0
0
0
9.03
0
0
0
0
0
0
0
1.91
4.16
6.71
0
0
0
0
0
0
0
0
0.93
0.64
0.02
14.9
13.68
0
0
0
0
0
0
1.99
0
0
0
0
0
0
4.02
17.42
7.34
17.81
0.12
0
0
0
13.74
0.18
0.05
0
0
0
6.17
17.06
1.76
0.08
0
0
0
9.88
8.63
0
0
0
0
6.24
12.5
0
0
17.95
0
17.29
0
1.93
0
0
0
0
0
0
3.24
15.48
0.38
0
0
0
4.12
0
0
0.27
0.05
0
0
0
0
0
0
0
8.42
0.03
0.05
0.1
0
0
0
0
13.69
12.32
0.05
0.27
0
0
0
0
0
0
0
0
0
12.13
0
0
0
0
0
0.04
0
3.09
5.34
0
0.07
1.68
1.11
41.91
22.37
1.66
2.49
0
0
0.34
0
0
0
0
0
0
0
0
0
0
0
0.76
0.02
0.12
0
31.13
2.51
6.29
0
0
0.18
0
2.04
0
0
0
0
0
0
0
0
0
0
0
0
0
30.28
0
0
0.48
0
0
0
0.61
0.05
2.35
0
0
0
0
0
0
0
0
0
10.09
4.1
0
0
0
0
0
0
0
0
0
0
0
18.77
0
0
0
0
0
0.72
0
0
0.93
0
0
0
0
0
0
0
1.86
0.23
0
0.02
0
0
8.19
11.69
2.93
0.01
0.79
0.66
4.63
0.72
0
0.5
0.37
0
0
0.01
0
9.55
0.8
5.22
6.36
6.91
0
0
0
0
0
0
0
0
0
0
0
3.35
0.92
0
1.27
6.8
0
21.04
0
0
0
0
0
0
0.01
5.8
0
0
0
0.2
0.11
0
0
0
3.12
1.8
0
0.02
0
0
0.04
0
0
6.44
10.87
8.77
0.08
1.59
0.97
0.19
0.05
0
0
0
0
0
0
0
0
0
0
0
0
0
0.12
0
0
6.52
0
0
0
0
0
0
0
0
0
0
0
0
0
0
3.19
0.03
0
0
0
0
0
0
0
1.9
1.53
0
0
6.56
13.27
0.16
2.31
4.73
0.72
32.99
0
0.07
5.53
10.22
1.28
0.63
0
0
4.7
1.39
0
0
11.11
0.27
0
0
0
0
0.47
0
7.65
0
5.59
2.49
0
0
0.01
0
0
2.06
2.91
0
0
0.06
0
6.23
6.47
0
5.87
10.32
0
0
4.8
0
10.39
0.71
1.4
0.29
0
0.06
8.09
0.92
0
0.23
0
0
0
0
37.12
0
8.05
0
10.15
0
0
11.69
0
0
2.38
0
0
0.17
0
0
0.03
0
0.21
8.51
0
0.54
0.01
0
0
5.23
5.05
0
0
0
0
0
0
0
0
0
0
6.88
0.43
0
0.75
10.45
21.17
8.55
0
0
0
0
0
0
0
0
0.03
31.02
3.54
12.62
2.75
13.03
17.91
5.14
7.27
0
0
0.21
5.53
0
0
4.47
0
0
0
0
0
0
0
0
0
0
0
0
0
0
0
10.69
0.27
6.71
1.59
27.01
4.49
0.84
0
0
12.1
7.65
2.76
20.25
0
22.22
6.43
2.85
0
8.99
1.23
0
0
22.68
0.27
0
10.39
0.88
0
0
0.04
33.05
13.6
0
0
0
0
2.01
0.29
3.16
0
0.02
2.17
0
0
0
1.75
4.28
7.8
0.07
0
0
0
0
0
0
0
0
0
0
0
3.95
0
0
0.02
0.04
0.04
18.26
1.82
0
4.89
0
0
0.36
0.09
0
0
0.12
5.52
0.06
3.87
0
0.06
7.08
0
0
0
0
0
0.02
0
0
0
0
0
0
0
0.03
0
0
2.84
0
0
0.15
0.04
0
0
0
0
0
0.2
1.86
0
0
0
0
0
0
0
0
0
0
0
0
0
0
0
0
0
0
5.54
0.13
0
0.04
0
0.19
0.37
1.66
0
0
0
0
0
0
0
0
0
0.07
6.89
0.06
0
0
0
3.09
0.87
0
0
0
0
0
0
0
0
0
0
0
0
0
0
0
0
0
0
0
7.56
1.59
7.67
0
2.73
1.44
5.15
1.25
17.51
0
0.04
0
0
0
0
0
6.41
5.3
0.12
0.58
0.03
2.32
0.03
0
0.1
0
0
0
0
17.81
0
0
0
0
1.74
9.28
0
0
0
0
0.09
0
0
0.05
0
0
0
0
0
0
0
0
0
0
0
0
1.54
0.3
2.23
0
0
2.44
0
6.11
0
0
0
0
0
1.24
0
3.81
3.39
8.01
0.08
0
7.7
0.33
0
2.06
0.94
5.75
5.43
0.07
0
0
0
0
4.07
11.85
2.02
0
0
1.15
0
1.36
0.89
12.15
7.09
3.87
3.53
1.25
0
0
29.93
3.33
0
0
3.25
9.33
20.14
35.41
3.6
0
0
0
0.1
0
0
0
9.41
0.02
39.61
0.23
0
9.42
0.43
1.46
0.64
25.92
0
0
0
1.23
3.51
1.54
0.01
0
0
0
0
1.14
5.99
7.23
0
3.32
0.39
0
16.11
2.34
0.29
0
0.49
3.71
0.45
0
0
0
0.27
14.49
0
0
0
0
0.3
23.03
2.92
0
0.84
1.02
4.06
7.09
0.19
0.49
0.01
0.07
0
11.73
0
1.7
0
0
0
5.97
9.35
0
0
0
0
0
0
0
0
0
0
0
0
0
0.23
0
0
0
0
2.68
0.01
2.85
0
0
0
1.32
0
0
0
0.01
12.98
17.63
0.62
0
12.24
14.83
0
0.02
0.35
0
0
0
0
0
0
0
0
0
0
0.02
0.02
0.01
0.02
0
0
0
0
0
5.96
0.02
0.02
0
0.49
2.03
0
0
7.42
10.56
0
1.97
0
0
0
0
0
0
0
0
0
0.01
2.08
0
0
0
0
0
0
0
0
0
0
0
0
0
0.04
5.61
25.11
0
0
0
0
0
0
0
0
0.7
0.04
0
0
0.02
0.01
0
0
0
0
0
0.88
0
0
0
0
0.02
0
0
0.21
0.51
0
1.27
1.34
0
0.01
0
0
0.52
0
0
0.1
0
0.4
0
0.75
5.55
0
0.03
0
0
0
0
0
0
0
0.13
4.59
0.77
0.27
6.55
2.07
0.2
0.03
0.01
0
0
0
0
0
0
0
0
0
0
0
0
0
0
0
0
0
0
14.92
7.51
0
0
0
0
0
0.05
2.03
0
0
0.41
1.46
0
0
0.03
0.04
0
0
0
0
0
0
0
0
0
0
0
0
0
8.1
0
0
0
0
0
0
0
0.02
3.73
0
0
0
0
0.01
3.84
6.45
7.66
2
61.25
0.16
0.45
0
0
0
0
0
0.28
0
0
0
0
0
0
0
0.47
20.32
0
0
0
0
0
0
13.54
27.82
1.76
7.42
0
0
0.18
4.34
0
0
11.98
3.41
0.54
11.56
0
0
0
0
0
0
0
0
0.02
0
9.86
0
0
4.21
0
0
0
0
0
0.08
0
0
0
0
0.34
0
0.05
0
0
0
0
0
0.54
0
0
0
0.03
0
0.02
0
2.08
3.4
2.54
0.39
0
0
0
30.24
26.05
0.41
1.11
0.04
0.4
3.74
4.28
0.52
0
0
3.13
11.18
0
0
0.4
3.33
0
5.12
0
0
2.38
0.01
1.92
0.01
0
0
8.3
13.73
0
0
0
5.93
1.87
1.09
0
0
0
0
0
0.1
4.94
0.03
5.74
0
6.77
18.87
0
0
0
0
0
6.75
0.31
0
0
9.39
8.55
4.32
1.58
0.6
0
0.02
0
0.11
0
0
0
0
0
0
0.49
5.14
0
0
0.42
2.05
0.89
0
0
0
0
0
0
0
0.77
0.12
7.33
10.05
9.28
0.17
0
0
0
0
0
0
0
0.02
0
0.28
0
15.04
0
0.01
0
6.48
3.08
0
1.12
1.99
0
0
0
14.23
3.93
13.47
8.62
1.66
0.23
0.11
0
0
6.49
3.6
0.2
0
2.37
1.83
0
0
0
0
0
2.93
16.1
13.17
5.57
0.11
0.05
7.19
0
4.39
19.84
0.05
0.13
0.01
0
0
0
0.02
1.45
0.29
0.01
0.06
0.01
0
0
0
0
0
10.02
3.93
0
0
0.07
8.79
10.88
1.17
0
0.01
1.44
0
1.8
0
0
3.73
7.53
4.63
6.73
0
0
0
0.04
0.01
0
0
0.01
0
0
10.99
1.77
0.01
5.91
0.33
7.05
0.72
0.26
0
0
0
20.6
0
0
0
2.43
2.59
7.28
0.32
0
0
0
0
0
0
0
5.07
4.4
0.01
0
0
5.61
0
0
0
0.77
0.02
0
0
0
0
0
0
0
0
5.68
9
0.45
0
0
0
0
0
0
0.12
0
0
0
0
0
0
11.29
0.52
13.96
0
0
0
0.65
6.24
1.56
0
4.14
25.58
5.66
0
0
4.42
1.43
3.8
0
0
0
0
0
0
0
0
0
6.44
0
0
0.05
0
0
0
0
0
0
0.02
0
0
0.09
0
0
0
0
0
2.25
3.68
0.12
5.8
0
2.58
0
0
0
0
2.98
0
0
0
0
0
0
0
3.62
0
0
0
0.01
0.04
0
0
0
0
0
0
0
0
0
16.05
0.28
0
0
8.86
0
24.75
0.1
0
0
0
12.85
0.01
0
1.57
6.06
0
0
0
0.02
0.36
0
0
0
5.44
4.99
0
0
0
16.49
13.37
0
0
0
0
0
10.72
0
0
0
4.48
5.76
0
0
0
0
12.98
1.21
0.89
0
0
0
0
0
0
0.35
10.32
0.07
3.78
0.42
0.02
0
0
0
8.94
12.15
0.82
30.95
0.23
9.27
0
0
0
0
7.6
0.01
0.02
0
0
0
0
0
0
0
0
0
14.34
0
0
0
6.18
0
0
0.06
4.49
7.84
3.08
1.18
0.16
0
0
0
0
0
0
0
0
0
7.02
0
0.01
0
0
0
0
0
0
1.27
1.7
0.06
0
0
0
0
0
0
0
0
0
0
0
0
0
0
0
0
0.33
0
0
0
0.34
0
0
2.56
0
0
0
0
0
0
0
37.72
0.68
1.06
0
0
0
0
0
0.47
0.02
0
0
0
9.12
0.16
0
0
2.74
0
0
0
0
0
15.45
3.96
0.19
3.9
3.55
0
0
0
0
2.05
0
0
0
0
0
0
0
0
2.49
0
0
2.87
2.82
0
0.01
1.61
0
0
0
0
0.87
0.08
0.11
0
0
0
0
1.08
0.17
0
0
2.68
6.25
0
0
0
0
0
0
3.14
0
0
0
0
2.59
0
0
0.22
1.59
1.26
0
0
0
0.35
0
0
5.39
7.3
0
0
0
0
0
0.09
0
14.37
0.01
0
0
0
0
0.04
6.33
0.8
0
0
0
0
0
6.71
1.59
0
0.01
0.05
0
0
0
0.12
0
0
0
0.47
0
0
2.92
0
0
14.08
7.89
0
4.1
0
0
0
0
0
0
2.16
0.65
0
0
0
0
0
0
0
5.14
13.93
16.24
1.5
9.58
0.35
0
0
0
0
0
0
0
0
0
0
0.68
0.06
0
0
5.9
0.93
0
0
1.33
11.84
0.84
7.61
0
0.96
0
0
16.92
2.39
1.51
2
0.33
3.46
7.06
0
1.02
25.98
0
0.35
0.02
0.11
0.04
1.83
8.11
1.06
0
0
0
0
0
0
0.04
0
26.24
0
19.25
5.66
9.11
3.53
0.49
0
0.13
0.84
2.21
0
0
0.92
0
0
5.66
8.42
0.24
0
0
0
0
0
0.62
0
0
14.7
1.12
0.67
0.18
7.33
10.32
2.26
10.68
0.55
0
0.26
0
0
30.25
14.78
4.31
11.82
0
0
0
0
0
0
0
0
0.1
0
0
0
0.12
0.01
0
0
0.02
0.02
11.53
2.49
0.43
1.49
0.03
0
0
0
8.79
4.75
0
0
0
0
0
0
0
2.21
1.24
0
0
10.27
0
0.05
0.44
0.22
0.01
0
0
5.66
0.02
0.04
0
1.87
4.45
0
0
0
0
0
1.27
0.23
0
0
1.01
0.09
0
0
0
11.24
1.06
0.11
26.76
12.89
3.37
1.87
3.59
0
0
0
0
0
0
0
0
0
0
0
0
0
0
0.06
0
0
0
0
0
0.44
0.53
0
0
0
0
0
0
0
0.01
0
0
0
0
0
0
0
0
0
0
0
0
0
0
0
0
0
0
0
0
0
0.05
14.08
7.88
0.02
0
0
0
0
0
0
0
0
0
0.28
2.1
0
0.01
0.09
1
0
0
4.37
0.79
0.7
9.94
0
0
0.14
0.43
0
0.39
0
0.01
7.67
4.99
0
0.19
1.85
0
0
0
0
0
0
0
13.68
7.44
8.86
0
0
0
0.03
3.44
0.27
0
0
0
0.18
0
0.04
7.32
0
0.02
0.06
0.58
18.97
0
0
0
0
0.27
0.08
0
0
0
0
8.65
10.56
1.81
0.16
0
4.03
7.09
7.22
10.83
5.65
0
0
0
0
0
0
0.04
0.01
0.93
1.32
0
0
0
0
0
0
1.32
1.75
0
0
0
0.12
0
0
0
0.99
3.24
0
0
0
2.27
17.19
0.08
0
0
0.22
5.43
0.34
5.05
0
1.83
0
0
2.71
1.59
4.59
11.88
0
0
0
0
0
0
0
0
0
0
0.08
0
0
0
0.01
0
0
6.7
5.72
13.72
3.13
6.25
0.02
0.87
4.73
15.64
3.41
0
5.62
0
0
0
0
0
0.55
0
0
0
0
0
0
0
0
0
0
0
0
0
0
0
0
0
0
0
0
0
0
0
0
0
0
0
2.25
6.82
1.04
13.57
1.78
11.1
18.37
0.01
34.87
2.2
15.46
10.67
14.08
2.94
0
0.08
0
0
0
0
3.28
0
11.5
0.52
3.85
10.28
0
0
0
0.18
6.41
1.2
0
0
5.18
18.56
0.6
0
0
3.76
0
0.05
14.03
5.27
11.54
0
0.09
0
16.34
4.66
0.73
0.17
8
0
0
0
5.22
23.57
0
0
0
5.31
0.49
5.27
0
0.34
0
0
0
0
0
0
28.11
2.3
0
0
0
8.75
1.2
1.97
0
0.7
1.32
0
0
0
0
0.53
4.36
0
0
0
0
0
0
0
0
0
0.02
0
0
0
0
0
0
0
0
4.56
14.09
0.41
0
0
1.44
1.89
0
0
0
0
0
0.39
13.41
0
0
0
0
0
0.02
1.57
0
0.11
0
4.26
1.85
0
0
0
0
0
0
0
0
0
5.78
0.91
7.92
0
0
0
0
0
3.11
0
0
0
17.01
18.95
0.17
0
0
0.53
21.44
3.28
7.65
5.44
13.87
0.06
0
0
0
0
0
0.04
0.08
0.64
0.3
0
0
0
0
0
0
0
0
0
0.12
0
8.24
0
0
2.05
8.49
0
0
0
8.41
4.48
0.47
2.9
4.97
3.44
0.21
0
0
12.3
1.34
0
0
0
0
0
0
5.64
3.14
0.24
0
0
0
0.28
0
0
0
6.6
3.08
0.12
0
0
0.07
0
0
5.8
0
0
0
1.29
0
0
0
0
4.28
0
0
0
5.6
0.11
0.67
0
0
0
2.49
0
0
0
0
0
0.06
0.01
0
0
0
0
0
0
0
0
0
0
0
0
0
0
0.01
0
0
4.8
1.19
0
0
0.01
0.12
0
1.78
1.07
0
0
0
0
3.54
3.48
0
5.36
1.25
0
0.27
0
0
1.07
0
0
0.12
11.99
3.96
0
0
0
0.74
1.14
0
0.02
0
0
0
0
0
0
0
3.11
5.57
2.48
12.95
9.8
0.15
0.02
2.68
0
0
0
0
0
0.04
1.98
1.16
9.16
12.95
0.86
0
0
11.08
6.4
0
0
0
0
0
0
0
3.43
2.24
0
0.21
0.03
0
0
0
0
1.4
0.33
0.06
0.68
2.72
4
0
0
0.15
0.14
0.05
4.33
0
2.15
0.04
0
0
0
0
1.67
0
6.7
4.88
0
13.64
4.37
1.41
6.34
0
7.45
0
13.22
0.07
19.42
0.15
18.35
1.23
5.76
0.02
0
3.32
0.22
0
6.9
0.94
0.23
0
0.05
0
0
10.73
0.14
0
0
0
18.86
0
0
0
0
0
6.59
0.1
0.08
4.78
0
0
0
0
15.01
0
0
0
1.94
6
7.15
0
17.71
1.51
0
0
0
0
0
1.75
0.46
0.04
0.06
8.4
0.18
0
0
0
0.03
0.01
32.49
17.36
0.7
0
0
0
0
0.02
2.71
11.96
3.34
3.14
0.01
0
4.39
0
0
0
0
0
0
0
0
0
0.03
0.06
0
1.59
0
0
0
0.01
0.26
0
0
0
0
0
5.31
37.37
11.54
3.68
4.17
14.77
1.37
0
0.08
0
10.31
3.03
0.09
0
0
0
0
0
23.02
0
0
0
0.01
0
0
0
4.71
7.89
12
15.71
3.77
3.24
0.01
4.08
0
0
16.54
0.27
0
0
0
0
1.85
0
0
0
0
0
0
0
14.57
7.57
3.79
4.91
4.11
0.28
0.01
0.02
0
0
1.07
0
0.01
0
0
0
0
0
0
3.65
4.62
0
3.08
6.37
0.35
0.12
0
0.02
0
0
1.13
0.08
0
0
0
0
0
0
0
6.31
0
0
0
0
0
0
0
0
5.08
0
0.06
0
0
0
0
0
0
0
0
0
0.07
0.39
0
0
0
0
0
0
0
0
0.79
0
0
0
0
0
3.56
6.35
0
0
0
0
0
0
0.87
0.07
0.03
6.71
6.92
0.34
0.59
0
0
0
0
1.17
9.67
1.5
0.52
0
0
0
0.24
0
0.17
0.22
2.29
8.55
0
0.71
3.17
0.2
2.76
0
0
0
0
2.88
1.27
0
1.76
0
0
0
0
0
0
0
0
0
0.21
0
0
0.1
0.06
0
0
0
0
0
0
0
0
0
0
0.01
0
0
0
8.93
0.05
5.59
0.61
0.14
0.01
0
11.42
5.35
5.48
12.09
0.01
0
0
0
0
0
19.01
0.1
0
0.1
2.28
0
0
0
1.07
0
0
12.3
3.35
0
0
0
0.1
11.65
0
0
0
0
0
0
0.05
9.67
0.21
2.47
6.14
0
2.88
0
2.6
0
0
0
58.4
48.63
19.3
0.01
0
4.58
0.42
19.38
0.27
0
13.55
0
0
0
0.01
0
0
2.46
1.52
0
0
0
0
0
0
0.03
0.02
0.24
0.23
0.02
0
0
0
12.07
0.01
0.14
0
0
0.95
12.38
0.04
0.04
0
0
0
0
0
0
0.02
1.07
0
0
0
0
0
0.18
0
0
0
0
0
0
5.28
0
0
0.71
15.81
0
9.84
1.36
0
0.01
0.2
5.3
0
0
0
6.33
0
0
0
0.01
0
0
0
9.58
2.16
0
0
11.13
6.88
3.22
1.36
0.09
0
0.18
0
0
0
15.25
29.35
0
0
0.12
11.56
2.88
3.3
0.03
7.94
0
0
0
0.01
0.3
0
0
2.44
6.81
0
0.09
0
0
0.04
0
0.32
0
0
2.03
6.67
0
0
0
0.22
5.24
0
0
0
0
0
0
0
0
1.67
0
0.08
0
0
0
0.11
0
0.83
0.69
0
0
0
0.02
0
0
0
0
0
0.15
1.51
1.54
5.59
2.45
0.66
1.61
4.87
0
0
0
0
0.4
1.87
6.53
5.08
0.75
7.27
3.15
0.21
0
0.18
4.6
0
10.19
27.42
0
0
6.22
2.74
6.65
0.35
0
0
0
3.22
0
0.49
16.49
0.15
0
0
0
0
0
0
0.62
4.57
0.08
0
0
0
0
0
0
0
0
0
0
0
0
0
0
0
2.89
0
0.11
0.22
0
0
0
0
0
0
0
0
0.89
0
0
0
0
0
0
0
0
0
0
0
0
0.18
5.76
0.39
0.04
3.55
0.02
0
0
0
2.46
0
0
0
0
0.44
0
0
0
0.16
0
0.01
0
0
0
0
3.38
0.09
0
0
0
0
0
0
0
0
0
0
16.51
1.81
0.04
0
1.89
0
0
0
0
1.3
0
0
0.02
7.1
1.12
0.79
0
0
0.01
0.01
0.02
0
0.02
2.03
0
0
0
0.01
0.21
0.04
0
0
0
0
0
0
0
0
2.78
6.32
2.88
18.14
10.46
0
0
0
0
0
0
0
0.01
3.01
11.9
0.12
3.05
21.59
0
0
0
0.84
3.2
0
0
0
0
0.21
0
0
0
1.42
0
0
11.51
2.23
9.54
16.27
0
0.12
1.08
0
1.11
0.67
0
14.08
0
0.36
0
0.11
0
23.6
0
9.49
1.47
0
0
0
13.85
0
2.82
5.31
0
0
0
0.96
33.52
0
0
0.27
0.96
0.29
3.69
0.2
0
0
9.52
9.19
12.06
3.01
8.9
0
0
0
0
21.3
0
0
0.13
35.01
0
0.02
22.47
18.58
4.4
0
0
0
0.02
1.13
0.01
3.87
45.57
0
0.02
16.29
2.13
0
0
0.13
0
0
0
5.1
1.84
0
0
0
0
0
0
0
0
32.65
1.89
5.01
0
0
0
0
0
0
0
0
0
0
0
0
0
15.66
0
0
0
0
0
0
0
28.2
0.4
0
1.19
10.84
17.61
4.88
0.97
4.31
0
0.49
15.9
0
20.19
5.37
0
0
0
0.23
0
0
0
0.1
1.73
0.18
0.04
0
0
0
0
0
0.01
0.08
0.05
0
0
0
0
0
0.09
0
0
0
19.57
13.52
0
3.33
0.22
0
0.85
0.04
0
0
0.01
0
0
0
0
0.06
0.67
3.55
3.05
0
0
0
0
0
0
0.8
1.05
24.45
0
0.16
0
0
1.08
0
0
24.19
0.21
0
14.17
19.6
3.25
1.58
0.69
0
0
0
0
0.74
0
0
0
0
0
2.46
0
0
0
0
0
0
0
0
2.19
0.12
7.99
0
0
0
0
0
0
0
0
0
0
0.02
0
0
6.81
0
0.02
0
0
0
0
12.26
9.77
0.44
1.17
15.97
14.73
0
0.13
5.06
0
0
0
0
0
0
0
0
0
0
0
0
2.71
0
0
0.07
0
0
0
0
0
0
0
0
0
0
0
0
0
0
0
0.06
0.21
0.37
0
19.5
0
7.27
13.88
2.59
0
0
10.05
0.03
0
0.69
1.25
9.07
0.02
0.32
0.75
1.49
0
0
0
0
0.54
0
0
0.13
0.4
0
0
0
0
0.32
8.02
0
0
0
0
0
0
0
0
0.44
0
0.33
0.92
0
0
0.82
27.47
5.34
0
0.13
0
0
0
0
0
0
0
0
0
0
2.5
1.13
26.5
6.96
1.11
0.63
0
0.27
0
0
0
0.66
0
0
4.31
0.75
0
0
0
6.79
0.92
0
0
0.22
2.02
0.35
0
0
24.25
3.27
0.02
1.62
0
0
0
0.01
0.6
2.15
0
0
0.2
0
0
0
0
0
4.34
1.57
0
0
3.01
1.56
2.29
0.32
0
0
0
0
51.77
3.92
0
0
0.09
1.59
0
0
0
0.1
3.02
0
0
0.01
24.22
9.34
0
6.53
0
7.12
0
0
0
0
0
0.07
0
0
0
0
0
0
0
0
0
0
0.08
0.25
0
0
0
31.47
0
0
0
0
20.94
0
0.06
6.72
0.19
0
0
0
6.02
0.94
0
0
0
21.41
6.24
0
0
0
0
0
0
0.68
0.63
0
0
0
0
0
0
0
0
0
0
0
0
0
0.17
0
28.85
0
0
0
0
0.08
34.67
0
0
0
0.1
0
0
0
0
0
0
0
0
0
0
0
0
0
0
0
0
0
0
0
0.06
0.03
0
0
0
0
0
0
0
0
0
0
0
0
0
0
0.24
23.95
0
0
0
0
0
0
0
0
0
0
0
0
0.17
0
0
0
0
0.02
0
0.28
0.05
4.78
7.93
0.77
1.11
0.05
0.01
0
4.4
0
0
0
0
0
0
0
15.54
2.25
0
0
0
8.75
0
0
0
0
0
1.1
2.68
0
4.34
0
4.87
2.8
9.27
0
3.64
18.15
0
0
0
4.82
5.08
0
0.29
0.21
0
1.63
0
3.35
3.08
0
1.42
0
0
0
0
0.32
0.79
0.07
0.04
0
1.62
0.88
0
0
4.67
24.33
1.89
3.66
0.88
0
0
0
10.72
2.37
1.74
0.02
0.02
0
0
0
0
0
0.07
0
0
0
0
0
0
0
0
0
0
0
0
0
0
1.21
0
0
7.84
7.05
0
0
2.9
4.75
0.01
0
0.04
0.05
0.06
3.62
0.58
0
10.01
3.13
0
0
1.76
0
0
0
0
0
0.05
0.59
0
0
0
0
0
0
4.29
0
0
0
0
0
0
5.34
7.57
1.22
8.96
0.11
0
3.48
1.87
0
0.62
0
0
0
18.19
1.52
0.65
3.2
0.16
0.4
0.72
10.72
6.66
3.52
0.35
0
0
0
0
0
0
0
0.41
0.2
0
0.47
1.28
0
0
0.67
2.58
0
2.15
0.04
0.09
0.01
0
5.09
12.12
2.08
0.43
0.67
0
3.81
25.3
0.88
0
22.97
10.55
0
0.82
2.26
0.55
0
0
0
0
0
0
0
17.57
3.81
0.05
0
0.12
3.03
2.35
0
0.92
0.09
0
3.95
0.59
0.19
0
0
0
5.95
0
0
0
0
22.5
4.73
0
2.88
0.11
0.19
0.29
0
0
0
0.02
0
0
0
0
0
0
0
0
0
0.01
0
0
0
0
0
0
0
0
0
0
16.35
1.4
5.43
0.29
12.63
0
0
0
0
3.36
5.31
0
0
0
1.73
2.52
7.42
18.74
3.2
38.3
0.23
0
0
0
0.05
0.01
3.33
5.94
0
7.7
0
0.44
0
0
0
0
0.23
0
0
0
0
0
0
0
2.69
2.64
0
0
0
0
3.32
1.62
0.84
0
0
0
0
0
0
0
0
0
0
0
0
0
0
0
0
0
7.77
4.03
19.26
3.3
11.36
0.74
0
0
0
0
0
0.21
0
0
0
0
0
0
0
0
0
0
0.02
0.01
0
0
0
0
0
0
0.04
0.16
11.89
0.11
0.29
0
0
0
0
2.47
8.27
3.71
0
0
0.13
2.06
0
0
0.02
0
0
1.17
0
0
0.06
0
0
0
0.02
0.43
0.22
0.36
0
0
0
0
0
0
0
0
13.09
0.01
0
0
0
0
0.09
0.43
0
0
0
0
0
0
3.39
3.53
14.06
7.02
0
0
0
0
0
0
0
0
0
0
0
0
0
2.66
0
0
0
0
0.03
6.47
2.66
0
0
0
0
0.05
0
1.34
9.43
0.01
0
0.12
0.48
0.03
22.92
6.84
16.4
0
3.23
2.94
3.02
0.07
0
0
10.7
1.55
0
0
0
0
2.48
0
0
0
0.79
0.66
3.86
0
7.31
0.23
4.59
0
4.98
2.17
0
2.46
2.34
0
0
0
0
1.15
2.56
0
0.11
3.4
14.31
0
0
0
24.18
0.39
0
3.69
6.52
15.54
0
0
0
0
0
0
0
0
29.17
2.12
0
6.54
0.05
3.43
4.57
2.14
0
0
0
0
0
0.01
0
0.22
0.02
4.61
0
0
0
4.85
7.4
17.29
3.32
2.74
3.58
0
6.18
2.83
1.6
0.56
12.68
0
0
5.92
0.2
2.92
6.08
0
0
16.66
1.57
2.24
0
0.45
23.08
3.96
0
0
0
0
0
1.34
0.16
6.16
0
0
0
0
0
0
11.32
0
0
0.75
0.6
0
0
0
0
0
4.89
0
0
0
10.6
1.27
0.97
1.13
15.14
0
26.78
0.29
1.03
0
0
0
0
0
0
0
0
5.34
6.63
1.28
0
0
0
0
0
0
8.22
0
0.67
0
0
0
2.14
0
28.43
0.31
0
0.06
0
0.35
3.05
0
0
0
0
0
0
0
0
0
0
0
0
0
0
0
1.22
0
0
0
0
0
0
0
0
0
0
0
0
0
3.08
0
0
0.14
0
2.3
0
0
0
0
0
0
0
1.21
0
0
0
0
0
0
0
0
4.38
15.26
0.36
0
0
12.97
0.7
0
0
0
24.32
5.51
7.52
12.91
0
0
0
0
13.16
6.2
17.13
4.06
1.33
6.3
0.59
0.07
0
0
0
0
0
0
0
0
0
0
0
0
0
0
0
15.49
9.91
0.01
0
0
0
0
0.05
0.07
0.12
0
0
0
0
0.41
13.45
1.32
0
39.31
1.3
5.55
0
5.38
0.15
2.66
0
0
0
0
0
0
6.76
0
0
0.17
0
0
0
0
0
0
0
0.02
0
25.3
0
0
0
0
0
0.48
2.52
6.21
0.5
0
0
0
0.02
0.73
7.71
28.27
12.74
0.08
0
0
0
1.94
9.76
1.12
0
0
0
0
0
1.24
0.04
0
0
0
1.73
5.25
1.13
10.83
1.81
0
0
1.1
0.03
3.62
0
0
1.73
4.6
4.15
0.02
0
0
0
0
0.02
0.14
0.01
0
0
20.53
0
0
0
0
5.51
0
0.65
0
0
0
0
0
0
0
7.74
0.11
0.48
3.48
2.67
0
0
5.37
0
3.89
2.99
0.23
0
0
0
0
0
0
0
13.29
14.93
0.26
0.08
0
0
0
0
0
0
6.08
0
0.08
0.05
0.01
0
0
0
0.97
6.99
0
3.49
0.37
0
0
0
6.81
0
0
0
0
38.94
0.06
0
0.35
0.17
6.73
35.58
9.8
5.87
0
0
0
0
0
1.49
30.85
0
3.66
0.15
0
5.29
21.79
0.62
0
10.32
0.04
0
0
0
0
0.15
2.74
0
0
0
0
0
0
0.53
9.15
0.52
0
0
18.41
0
0.11
0
0
0
0
0
0
0
0
0
0
34.47
0
0
0
0
0
5.65
0
7.23
0
0
0
0.74
0
0
9.96
0.12
0.07
0
0.04
0
0
0
0
0
0
5.16
1.51
0.01
0
14.7
30.48
0
0
0.17
28.12
0.07
0
0
0
0
1.84
0.15
0
0
0
0
13.44
6.86
0
0
0
0
0
0
0
14.96
0
0
0
0
0
0
0
1.68
0
0
0
0
0
0
0
0
0
0
0
0
0
0
0
0
0
0
0
0
0
0
7.53
0.12
0
0.1
36.07
0
0.2
10.23
1.59
0
0
0
0
0
0.04
0
0
0
0
0
0
0
0
0
0
0
0
0
0
0
0
0
0
2.93
0.42
19.88
0.84
2.64
0
0
0
0
0
0
0
0
0
0
0
0
0
0.03
0
0
0
0
10.49
7.04
1.2
0
0
13.69
0
0
0.35
0
0
0
0
0
0
0
0
0
0.77
7.99
0
0
0
0
0
0
0
11.11
15.72
0
0.15
17.81
0.2
0
5.21
6.95
0.05
0
0
0
0.05
0
0
0
0
0
0
0
0
0
0
0
0
0
0
0.27
0
0
0
0
1.77
0.02
1.01
0
3.96
6.16
2.26
19.63
7.97
0
0
0
0
0
0
0.01
0.13
1.87
7.89
0
0
0
0
0.09
0
0
0.76
0
0
0
0
0
0
0
0
24.22
5.45
0
0
0
0
0
0.16
0.02
26.45
1.88
1.18
16.6
4.1
4.68
0
0.08
0
0
0
0.95
1.35
25.8
10.45
0.03
0.02
0
0
0
0
0
0.04
21.54
1.52
0
0
0
0
0.06
0
0
0
0
0
0.45
4.02
9.16
13.65
7.52
0
0.04
0
0
8.6
1.18
16.38
0.56
0.14
13.39
0
0.06
0
0.98
0.11
1.19
3.37
0
0
0
13.87
6.93
0
0
0
0
0
0.44
10.7
3.88
0
0
0
2.65
0
0
0
0
0
0.18
26.13
0.94
0.51
0
3.25
8.91
8.15
0
12.29
0.92
0
0
0
0
0
0
0.01
0
0.01
0
0
0
0
11.53
0
0
0
0.46
0
3.05
5.47
0
0
0
0
0
0
0
0
40.4
22.9
0.04
4.79
0
2.17
2.93
2.55
0.23
13.96
69.48
6.2
0
9.23
0.13
6.54
1.08
0.94
0.35
2.72
0
3.61
0.29
0
11.69
4.34
0
0
0
0
0
10.62
0
0
0.8
0.01
0
0
0
0
0
0
0
24.76
0
0.1
0
0
0
0
0
0
0
0
0
0
0
0
0
0
0
15.81
0.05
22.98
19.04
0
0
0
0
0
0
0
0
0.02
0
3.15
0
0
5.22
0
5.88
0
0
0
0
6.35
0
0
0
0.04
2.77
0.02
1.89
6.53
0
0
0.02
0.02
0
0.32
6.09
0
0
0
0
0
0
0
4.66
0.19
0.07
13.75
24.16
0.91
0.19
4.65
0
0.29
0.15
0
0
2.24
4.85
0.29
0.48
4.7
1.73
10.4
5.34
0
0.17
0
0
1.27
2.41
0.28
0.01
0
0
0
0
0
2.25
0
0.04
2.69
2.6
2.15
1.23
0
0.01
0
0
0
0
0
0
0
0
0
0
0
0
0
0
0
4.45
0
0
0
0
0
0
0
0
0.03
0
0.01
0.03
0
4.23
1.83
0.14
0
21.83
1.84
0
0
3.62
8.58
0.02
0
6.98
0
0
0
0
9.3
2.19
1.87
9.21
0.03
16.09
0.13
0
0
0
0
0
0
2.01
0
0
3.26
10.55
0.49
3.04
2.93
0
0
0
0
0
0
18.17
0
0
0
0
0
0.41
0.45
0
0
0
0.53
0
0.2
0
0
0
15.67
0.35
2.35
0.47
8.04
0
0
0
0.43
4.24
0
0
0
0
1.32
0
1
1.23
2.98
4.11
0
1.93
1.79
0
0
0
0
0
0
0
3.45
0
10.38
0
0
0
0
2.17
1.19
0.03
0
0
0
8.48
2.43
1.91
0
0
0
0
0
0
0.36
0.99
2.49
0
0
0
0.26
21.31
0.05
0
0
0
0
0.84
13.49
1.34
0.01
0.02
4.96
13.31
0
0
0
11.35
0.16
0.72
0
0
0.01
0.29
0
0
0
15.26
2.25
0
0
1.74
0.42
0.09
0.37
5.92
0
0
0.07
0
0
5.88
0
0
13.19
1.21
0
0
0
0
4.92
3.29
0
0
14.19
0
16.34
3.34
1.72
1.59
4.25
0.57
0
0.45
0
0
0
0
0
7.5
0
11.62
0
0
0
0
0.15
12.57
0
0
0
0
0
0
0
0
0
0
0.04
0.43
0
0
0
1.16
38.22
7.09
1.01
0
8.31
0
0
0
6.58
0.02
0
0
27.4
0
0
1.03
0.31
0
0
0
0
0
1.11
32.02
5.3
5.55
0
0
0
0
0
0
0
0
0
0
0
0
0
0
0
0
0
0
0
2.15
13.39
40.31
2.26
0
0
0
0
0.19
0
0
0
0
0
0.05
17.37
11.73
0
0
0.66
1.08
0
0
0
0.11
0
0
0
2.94
0
0
0
0
0
0
0
0
0
0
2.14
1.23
0
0.04
0
0
0
0
11.56
0
0
0
0.07
0
0
0
0
2.11
0.05
11.22
0.63
1.96
3.71
0
0.53
0
0
0.02
0
0.02
0
0.28
0.58
0
0
0
0
0.05
0
0
0.01
0
0
0
0
0
0
0
0
0.09
0
0
0
0
0
3.74
0.1
0
0.01
0
0.18
0
0
0
0
0
0
0
0
0
0
0
0
0
0
0
0
0
0
0
0
0
0.08
0.04
0
0
0
0
0
0
0
0
0.18
2.26
0
0
0
0.19
0
0
1.43
0.16
0
5.36
2.71
0.66
0
6.58
1.39
0
16.43
0.06
0
0
0
0.19
0
0
0
0
0.6
0.07
0
0
0
6.64
0.26
0.2
9.62
0
5.36
0
0
0
0
0
1.58
0.17
0
8.43
10.57
2.98
0
1.17
0.03
0.14
0
0
0
0
0
4.05
7.08
2.19
0
2.25
2.01
4.49
0
0.16
0.14
0
0
0
0
6.11
0.46
0
23.53
8.57
1.25
0
0
0
1.94
0.06
0
0
0
0
0
3.91
8.44
15.96
31.82
4.06
12.44
1.75
2.85
0.5
0
0
0
0
0
0
0.04
0
0
0.3
6.59
13.57
0.81
4.81
4.63
0
1.31
0.04
0
0
0
0
0.48
0.17
0.3
4.11
3.66
13.86
0.08
8.24
0.41
0.02
0.68
0
0
0
0
12.33
0
0.32
0
0
8.66
10.78
2.75
0
0
0
0
0
1.69
0.81
2.08
1.27
0
0.01
0
1.39
0
0
0
0
0.03
25.33
5.46
10.61
0
2.91
0
0
59.16
5.08
0.13
1.14
0
0
0
5.88
25.51
8.3
0
0
0
0
0
0
0
0.04
0.34
8.31
0
0
0.07
0
0
1.56
24
15.53
16.36
1.97
6.66
0.03
0
4.56
5.86
10.72
1.04
0
0
0
0.16
0
4.52
2.94
0
4.05
0.4
0
0
0
0
0
0
0
0
0
0
0
9.27
16.67
0
0
0
0
1.74
0
0
0
2.33
3.85
0.07
0
0
0
0
0.11
1.24
0
0
0
0
0
0
0
0
0
0
0
0
0
2.8
0.02
0
0
0
0
1.21
0
5.42
0
0.15
0
0
0
0
0
0
0
0
0
0
0
0
0
15.08
0
0
0
0
0
0
0
0
0
0
0
0
0
0
0
0
0
0
0
0
0
0
0
0
1.21
0
13.19
0
0
0.93
0.27
0.02
0
0
0
0
0
0
0
0
0
0
0
0
0
0
0
0
0
0
0
0
0
0
0.04
0
1.54
0
0
0
0
0
0.01
0
35.91
0
0
1.79
0.01
0
0
0.53
0
0
0
0
0
0.8
0
0
7.86
0.16
0
0.15
0.34
0
0
0
0
0
0
0
0
0
0
0.58
3.36
0
0
0
0
0
0
0
0
0
0
0.45
0
0
0
0
0
0
0
0
0
0
0
0
0
0
15.66
0.08
6.96
0
3.91
0
0
0
0
0.16
4.35
0.39
2.23
17.64
0
0
0
0
0
0
0
1.12
0
0
2.67
2.18
5.36
5.49
3.86
9.66
0
1.59
0.55
0.03
0
0
0
0
0
0
0
0
0
3.18
0.93
0
1.44
0
0.15
0
0
0
1.89
4.83
3.14
0
0
0
10.54
0
17.57
18.24
0
0
0.02
0
0
0.21
0
2.71
0
5.02
0.79
12.5
1.45
25.85
21.7
4.12
0
2.69
0.06
3.84
4.25
0
0
14.84
0
0
10.99
0
3.82
0
0
0
0
0
0
0
5.25
0.21
8.1
3.56
0.03
4.32
0
0.18
0
18.73
0
0
0
0
0
0
14.63
0
0
0
0
0
4.15
0.26
0
0
0
0
0
0
0
0
0
0
0
0
0.23
1.16
0
0
0
1.61
0
0
0
4.58
0
14.5
0
0
0.11
16.08
0
0
0
0
0
0
0
0
0
0
9.28
0.04
0.98
4.35
6.28
0
24.78
0
0
0.16
0
0.08
0
0
0
0.08
0.15
1.1
0
2.69
5.74
0.22
0
12.18
0
1.8
4.34
0.21
0
0
4.08
1.18
0
2.76
2.72
0
0.06
6.24
0
0
0
0
0
0
0
0
0
0.03
0.26
9.88
0
0
0
0
0
0
12.2
0
7.22
1.2
27.62
15.26
3.31
6.32
0.43
2.83
0
0
0
0
0
0
0.02
0
0
0
0
0
0
0
0.07
5.64
0.08
4.93
1.58
0.16
8.65
4.49
11.79
0
0
0
9.13
0
0
0
0.08
4.85
0
4.16
9.06
4.06
0.88
0
0
3.2
1.34
2.05
2.94
0
0
0
0
0
0
6.26
3.03
1.6
0.03
0
0
1.82
3.78
0
0
1.23
2.77
0
1.01
9.95
0
0
0
0.03
2.54
0
0
0
0
0
0
0
0
0
0
0
0
0
0
0
0
0
0
0
0
0
0.04
0
11.36
1.83
5.62
0
5.83
3.55
1.46
0
0
0
0
0
0
0
0
0
0
0.08
0
0
0
0
0
0
0
0
0
0
0
0
0
0
0.05
0
0
0
0
0
0
0
0
1.08
0
0
0
0
0
5
0
3.84
0
7.49
1.65
0
0
0
1.26
0
0.14
0
0.73
0.12
0.13
0
1.3
0.1
1.96
0.1
0
1.75
3.7
13.37
1.12
0
0
0
0
1.06
0
0
0
0
0
0
0.26
0.94
19.35
0.52
0
0.17
0
0.03
1.8
13.69
0
8.66
0
0.01
0
10.06
18.3
11.81
3.04
0
0
0.72
0
0
0
2.31
1.19
0
0
0
0
0.01
0
1.09
8.2
0
4.78
0
0
0
0.92
0
0
0
0
0
0.18
5.86
2.26
0.58
0.8
5.44
0
0.07
8.32
0
16.48
35.93
0.05
0
0
0
0
0
1.31
0
0
0
0
0
0
0
0
7.2
20.53
0
0
21.31
0
0
0.5
11.71
0
0
5.86
2.21
0
8.56
16.36
1.78
0
0.09
11.45
1.86
0.01
0
0
0
0
0
0
0.58
0
0.03
0.04
0.18
13.11
0
0
16.03
0.37
0
0
0
0
1.01
16.34
9.72
0
0.73
0
0
0
0
0
0
0
0
0
0
0.01
0
0
0
11.88
2.85
5.73
1.74
0
0.04
0
0
6.11
0
2.88
19.93
0
0
0
0.19
0
0
0.08
0
17.69
0
0
0
0
0
9.92
0
0
0
2.94
0
0
3.14
0
0
37.49
10.8
0
0
0
0
0.06
0.07
0
0
0
0
0
0
0
0
0.85
19.98
0.81
2.74
0
0
6.14
0
0
0
0
1.72
5.75
19.27
7.01
0
13.17
16.95
30.66
4.78
3.27
5.89
0
0
0
0
0
0
0
0
0
0
0
0.35
6.21
0
0
0
0
0
0
0
0
0
0
0.11
0
6.76
5.67
8.08
0.01
0
0
0
2.87
0
0
0
0
0
0
0
0
0
0
0
0
0
3.59
0
0
0
0
0
0
0
0
1.16
0.74
3.75
0.15
0
0
0
0
0
0
0.53
0
0
0
0
0
0
2.1
0.02
0
0
0
2.68
0
0
0.52
1.3
0
8.52
0.01
0
0
0
1.11
0.2
0
0
0
0
0
0
0
0
0
0
0
0
0.11
0.87
0
0
0
0
0
0
0
0
0
0
0
0
5.31
10.87
0.02
1.38
1.82
3.53
27.36
0
5.33
0
0
0
0.39
0.09
0
0
0.24
0.1
0
0
0
0
0
0
5.17
0
0.48
0.02
0
0
0
0
0
0
0.65
0
0
0
1.16
0.09
12.75
0
0
0
0
0
0
0
0
0
7.89
11.04
4.4
0
0
0
0
0
0
1.1
3.05
8
0.19
4.15
8.53
0
0
0
0
0
1.35
0
0
10.81
0
20.74
0
0.19
0
0.58
1.17
0.04
9.53
4.65
23.07
5.03
0
0
0
0.12
0
1.72
6.43
0
0
0
0
0
0
0
0
0
0
0
0
0.02
0.02
2.4
0
0.37
0
0
0.51
3.56
1.62
0.3
0
1.9
0
0
17.87
0
0
0
0
0
0
0
0
0
0
0
0
0
0.03
0
0
0
0
0
0
0
0
0.01
0
0
0
0
0
0
0
0
0
0
0
0.09
4.9
0
0
0
0
0
0
0
0
23.27
0
0
19.45
0
0
0
0
0
0
0
0
0
2.32
0
0
0
0
0
0
0
0
0
0
0
0
0
0
11.83
0
0
0
0.52
9.45
18.64
0.78
4.8
0
0
3.89
0.1
0
0
0
0
7.43
25.54
3.99
1.05
0.19
16.57
0.66
0
0.19
5.85
0.25
0
0
42.18
22.96
3.48
0.04
0
27.48
0.58
0
0
0
0
0
2.32
2.68
0.1
0
0
0
28.66
10.2
0.01
0
0
0.96
0
0.85
0.43
0
1.5
0
0.13
1.48
0.01
0
0
1.79
3.68
21.55
4.91
0.78
2.3
6.18
3.35
0.01
0.07
0
0
0
0.41
0.4
0
0.28
0
0
0.27
0
0
0
0
0
0
0
0
0
0
0
1.15
0
0
0
0.21
0.04
0
0
0
0
0
0
0
0
0
0
0
0
0
0
0
0
0.89
0
0.4
0
1.36
0
0
0
0
0
0
0
0
0
0
0
0
0
0
0
0
0.08
0
1.19
0
0.02
0
0
0
0
9.81
9.68
0
0
0
0
7.86
2.77
0
0
0.36
0
0
0
0
0
0
0
0
0
0.22
0.15
0
0
0
0
0
3.19
3.5
0.01
0
0.03
0
0
0
0
0
0
7.11
0
0.02
0.92
1.99
0
0
0.18
10.46
1.21
0
0
1.9
0
0
0.01
0
0
0
0
0
0
0
0
0
0
0.07
0.02
0
0.6
0.54
0.13
3.88
14.18
0.51
0
1.24
0
0
0
0
3.46
0.01
0
0
0
0
0
0.21
0
0
0
0
0
0
5.27
0
0.08
2.91
0
0.01
8.89
0
0
0
0.6
0
0
0.04
0
20.95
0
0.65
2.62
0.02
19.75
0
0
0.11
0.02
0
6.42
1.06
2.36
0.71
0.84
3.33
0
0
0
0
0
0
0
3.89
0
0
0
0.03
3.22
0.36
0.32
0.03
1.56
0.07
0
16.1
0.01
1.59
1.25
0.01
0.04
0
3.31
1.92
0
0.02
0
0
0.17
0
0
0
0
17.17
2.06
0
0.09
1.69
4.5
0
0
0
0
0
0
0
0
0
0
0
0
0
4.57
19.74
0.02
4.14
3.5
0.25
0.23
1.18
0.17
0.64
11.24
5.03
0.63
0
0
0
0
5.05
0
0.1
0
2.93
0
1.34
6.49
0.07
0
0
0
0
0
0
7.03
2.56
0
2.47
26.04
0
0.09
15.15
3.28
2.49
0
0
0.02
0.31
0.12
0
0
0
0
2.68
3.59
0
2.05
4.4
0.09
0
11.42
10.26
14.94
0.43
0.01
0
0
0
0
0
0
0
0.06
0.24
0.96
17.32
0.85
0
4.05
2.57
0.04
6.78
8.65
12.48
0.61
0.74
0
0
0
0.24
7.66
0
7.38
0
0
0
0
0
9.48
28.28
0
0
0
0
0
0
0
1.76
0
0
0
5.95
0
0
9.77
0
3.51
0
0
0
0
18.78
0
0
22.76
4.55
28.16
4.58
0
0
0
0.06
14.06
0
0
5.64
0
0
0
0
0
0
0
0
0
0
0
0
0
0
0
0
0
0
0
0
0.02
3.15
0
0
0
0
0
0
0
0
0
0
0
0
2.94
0.13
0.04
3.24
0.52
4.68
0.03
0
0
0
0
0
0
0
0
0
7.12
0
0
0
0
0.01
2.27
0
0
0
0
0
1.84
0.01
0.45
0
0
0
0
0
0.16
0.28
0
0
2.15
0.24
0
0
0.68
0
13.32
1.86
0
0
0
0
21.96
8.26
0.03
2.3
1.88
0
0
0
6.24
26.5
20.76
2.22
1.81
0
0
0.87
13.85
3.06
0
0
0
0
0
0
0
1
0
0
0
0
2.61
0
0
0.05
10.84
0
0
0
0
1.09
0.41
0
0.64
0
0
0
0
3.19
8.77
4.73
0
0
0.03
1.04
2.63
0.49
3.61
0
7.77
2.54
0
0
0
2.85
17.35
4.48
0
0
0
11.67
4.92
1.07
16.53
1.58
0
0
10.84
1.75
0
0
0
0
0
0.18
0
0
0
0
11.04
0.06
0
0
0
0
0
0.25
0.04
5.59
0.22
2.9
7.43
0
5.23
0
0
0
0
0
7.68
2.51
11.05
0
0
0
0
0
0
0
0
0
0
0
0
0
0
0
0
0
0
8.2
0
0
11.01
0.9
42.04
0
0
0
0.96
18.78
2.29
11.19
0
22.48
2.9
30.76
9.56
0
0
0.01
7.02
0
1.02
0
14.44
13.99
0
0.05
0
0
0.04
0.36
0
0
0
0.13
13.19
0
13.97
7.66
0.09
0
0
0
0
0
0
0
0.22
7.11
0
0
0
0
2.13
13.3
9.64
0
0
6.07
0
0
0
0
0
0
0
0
0
0
0
0
0
0.03
0
2.51
31.56
0
4.86
0
31.41
0.51
0
0
0
0
0
0
0
0
1.99
0
0.05
15.5
9.27
0.29
0.08
0
1.21
1.92
0
0.36
0.04
0
0
0
0
0
0.05
0.2
0.12
0
0
0
0
0
0
0
1.11
5.72
0
0
5.15
5.62
0.95
0
0
0
0
0
0
0
0.2
3.02
14.29
0.9
0.04
2.88
0.21
0
0
0.49
0
12.56
0.23
0
0
0.01
0.42
0.04
0.02
0
0
0
0
0
0.23
0
0
0
0
0
1.94
8.03
0
0.1
0.01
7.5
2.02
0
9.04
0.29
0.31
0
0
0
0
0
0
0
2.7
0
0
0
0
0
0.15
0
2
6
0
6.89
1.65
9.17
0
0
0
0
9.56
0.39
0
34.87
0.05
0
0
31.38
0.01
18.95
0
0.46
0
0
0
0
0
0
0.48
1.49
0.44
6.95
0
0
9.05
1.99
0
0
0.99
0
1.02
0
15.18
0
1.03
0
0
0.06
0
0
0
0
0
0.1
0
0
0.86
1.8
1.45
0.19
7.86
0.24
0
0
0
0
0
0
0
0
14.55
15.94
0.98
0
7.87
0
0.22
0.17
0
0
0
0
0
0.17
0.23
6.39
1.16
0
23.89
2.68
0.31
0
0.04
10.62
6.27
3.94
12.73
4.88
0
0
0
0
0
0
0.11
0.77
5.38
11.78
2.2
0.56
0.2
20.7
6.34
24.13
5.68
0
3.65
0
10.24
2.53
0.99
0.94
6.43
2.29
0
0
0
0
3.42
8.92
2.48
7.97
5.84
3.53
0.04
0
0
0
0
10.48
0
0.15
44.46
1.05
0
0
0
0
0
0
0
0
1.38
8.08
0.01
0.4
0
0
0
0
0
0
0
0
0
19.22
5.19
0
0
0.29
1.88
0.09
0.22
2.95
0
0.27
6.86
17.94
0
0
0
0
0
0
0
0.09
0.37
17.26
0.18
6.25
0
0
0
9.51
0
3.2
50.27
0.24
0
0.2
2.41
1.55
15.11
18.84
0
0
0.68
12
0
0
0
0
2
37.86
10.91
0
0
0
20.33
0.2
0
0
0
0
0
0
0
11.09
0.8
0
0.07
0
0
0
0
0
0
0
0
0
0
0
0
0
0
0
0
0
0
0
0
0
0
0
0
0
0
0.47
0
0.49
0.02
7.91
0.1
0.02
0
2.83
0.48
0
0
0
0
0
0
0.63
0.33
0
0.13
25.22
0
0
0
0
0
0
0
0
0
0
7.64
0.45
0.15
1.86
0
0.2
3.99
4.61
15.36
4.69
0
0
0
0.62
2.78
21.47
1.42
0
0
0
0.02
0
0
0.56
0
0
0
0
16.62
0
0
0
1.41
17.89
3.74
1.94
0
0
0
0.05
2.51
26.47
0.22
0
0
0
0
0
0
0
0
0
1.92
1.19
1.34
0
2.63
10.55
0.19
0.35
5.3
0
0
0
0
0
0
14.75
0.38
0
0
0.54
1.44
0
0
0
0
8.64
0
0
0
0
0
6.83
0
0
0
0
0
0
0
0
0
0
0.91
0.95
0.02
0
0.02
0
0.02
0
0
0
0
4.79
0.68
0
0
0.41
0.56
0
0
0
0
0.06
0
0.01
0
0
0
0
2.3
0.07
3.64
1.11
31.77
18.33
17.25
0.22
0
0
0
2.79
0
0.13
10.47
1.23
11.62
2.94
0
0
0
0
0
0
0
0
2.75
0
0.11
0.13
0
0.14
1.12
3.48
0
2.41
0
0
0
0.54
14.02
2.14
0
1.44
17.73
1.95
7.77
0.04
0
0
0
0
17.93
0
13.24
0
0
3.49
10.61
14.01
0.08
0
0
0
0
0
0
0
0
0
0
0
0
0
0
0
1.24
0
0
0
0
0
5.01
0.61
8.97
9.97
4.01
0
2.78
2.04
0.17
0
18.61
9.23
21.22
35.61
0.12
0
0
0
0
1.02
0
0.14
5.79
0.02
0
0
4.82
0
0
0.06
0
0
0
0
0
7.26
8.65
0
0
5.12
0
0.88
0
0
0
1.33
0
0
0
9.39
2.09
0
0
3.21
28.38
8.63
0.53
27.16
7.63
0.36
0.01
0.02
0
0
0
0.15
0
0.05
0
0
12.39
0
0.71
0
5.35
29.43
9.89
3.31
1.58
0
7.76
0
1.27
0
0.01
1.82
0.77
2.6
1.25
0
0
0.06
2.96
0.63
3.79
8.41
36.17
1.07
1.89
0
1.09
0.7
0
0
0
4.83
0
0.52
9.08
0
0
0
0
0
0
0
0
0
0
6.66
5.71
1.3
0
8
11.31
0
0
0
0
0
0.03
0.03
5.92
0
0
0.05
0
0
0
0
0
0.02
0.02
0
0
0
0
0
0
0
5.74
2.42
5.14
0.01
7.66
3.2
10.53
0
0
5.39
1.8
0
3.25
0
1.07
0
0
0
0
0
0
0
0
0.75
0.49
0.09
0.08
8.22
3.73
0
0
0.07
0
0.07
10.16
0
10.25
3.16
4.63
1.14
0
0
1.41
2.13
0
1.14
2.88
5.16
4.84
2.8
0.05
0.01
0
0
3.95
3.5
1.39
0
0
0
0
0.02
0
0
0
4.58
0.29
0
0.04
0
1.14
0
0
0
0
0
0
0
0
0
0
0
0
0
0
0
0
0
0
0.78
0
0
0
0
1.11
0
0
0
0
0
0
0
4.21
1.09
0
0
0
0
0
0
0
0
0
0
0
0
0
0
0
0
0
0.04
2.61
4.23
0.06
1.08
0.4
0.25
0
0
0
0
1.33
0.02
0
3.3
0
0
0
0
0
0.45
0
0
0
0
0
1.55
0
0
0.85
1.88
0
0
0.02
4.64
2.98
0
0
0
0
0
2.29
0.05
0.21
0.01
0
0
0
0
0
3.65
0.52
2.87
0
0
0
0
0
0
0
0
0.28
0
0
0.24
19.98
14.05
5.28
9.78
0
1.79
3.83
1.8
0
0
0
0.01
1.47
12.61
0
0
0.27
0
0
0
2.42
0
3.19
0.86
24.21
0
0.05
16.72
2.06
15.18
4.31
0
8.57
5.4
10.94
0
0.02
0
0.01
0
14.06
2.49
0
0
0
32.11
12.47
20.55
3.06
0
7.65
6.92
1.05
7.19
10.42
0.12
0
9.64
6.67
3.18
0.08
0.12
1.49
14.19
12.36
10.04
0
0
0.95
4.42
0
20.34
2.92
0.04
0
0
0.21
9.54
0
0.22
0.21
0.26
0
0
0
0
0
0
0
6.25
0
0
0.54
0
0
0
0
0
0.01
2.21
21
0
0
0
0
0
0
0
2.16
11.39
0
0.19
0
0
0
17.02
1.12
0
0
0
0
1.57
0
0
0
0
0
0
0
0
0
0
2.56
1.6
0.66
0
0
0
0
0
0
0
4.06
1.48
2.81
0.09
0
0
0
0
0
0
0
0.06
0
0
0
0
0.04
0.1
0
0
0
0
0
0
0
0
0
0
0.77
1.95
1.05
0
0.2
22.03
25.64
0.21
0
7.1
0.18
0.21
0
0
0
0
12.22
1.69
0
0.08
0.18
0.73
4.73
4.22
7.21
0.89
18.49
0
0
0
0
0
4.7
0
0.03
7
0.03
0
1.65
1.98
0
0.8
0
8.76
0.95
0.9
0
0
0
6.65
0
0
0
0
0
0.02
0.34
0.34
0
0.05
0
0
0
0
0
0
0
0
0
0
0
0
0
0.33
0.01
0.68
2.35
0
0
0
0
0
0
0
0
0
0
0
0
0
0
0
0
0
0
0
0
0
0
0
0
0
0
0
0
0
0
0
0
0.52
0
0
0
1.31
16.58
0
0
0
2.42
0
0.27
0.02
0.01
0.04
0
0
0
0.04
0
9.22
16.04
0.5
0
0.39
0.06
0
0
0
0
0
0
0
0
0
0
0
0.22
0
0
2.61
7.21
2.35
1.93
5.56
0.22
4.91
0.02
0.68
3.35
0
6.98
0.01
19.66
0
0
0
0.02
0
4.87
0
0
0
0
2.37
0
0.41
0.06
4.42
10.55
0
0
0
0
0
0
0
0
1.49
0
0
0.08
2.4
4.25
8.86
0
10.03
0
0
6.25
0.09
0
0
0
0
0
0
0.5
0
0
0.19
0
0
0
6.82
0
0.04
9.52
9.64
5.9
0
2.02
0.38
1.74
0
0
0
0
5.06
0.11
1.08
0
0
7.28
6.61
0.05
32.62
0
3.92
0.88
0
0.09
0
56.59
0.93
3.04
0
6.15
13.8
8.22
8.57
0
0
1.71
0
0
0
0
0
0
0
1.12
0
0
15.43
0
0
8.67
0
0
0
1.18
0.02
0
0
0
0
0
0
0
0
0
0
0.01
0
0
3.48
0.86
3.01
34.53
0
14.04
0
0
27.9
0
0
0
0.04
0.03
0
10.61
0
29.19
1.71
0
0
0
0
0
50.72
12.42
9.18
0.04
14.57
1.38
0.19
0
0.27
0
0
0
0
0
1.03
3.5
40.42
0.14
0.19
3.63
0.03
0
0
15.36
2.86
1.31
3.49
0
0
1.29
12.53
0
0.08
0
0
0
13.08
20.44
0
0
0
0
0.11
6.55
0
0
0
10.22
0.05
0
0
0.64
5.92
61.32
1.67
0
0
0
0.19
12.69
0
0
0
14.86
0
0
0.05
0
0
0
1.37
5.67
1.68
0
0.76
0.25
0
0
0.11
0.15
1.46
0.51
0.03
13.21
0
0
0
0.87
0
0.2
0.34
0.03
0.87
3.84
0.13
0
0
0
0
8.54
0.36
0.01
0
0
0
0
0
0
0
0
0.09
0
0
2.81
0
0
0
0
5.27
0
3.55
3.43
0
0
0
0
0
0
0
0
0
0
0
0
0
0
1.17
1.77
0.67
0.02
0
0
0.02
0.97
0
0
0
0
0.02
0
23.5
1.36
0.2
0.06
4.5
0.41
0
0
0.02
0
0.75
0.08
1.13
8.97
0
0
0
0
0
0
0
0
0
0.01
2.57
1.78
1.88
0
0
0
0
0
0
0.05
0
0.02
0.14
0
0
0
0
3.42
0
0
0
0
3.6
21.62
0.23
0
0
0
0
0
0
0
0
3.47
2.23
0
1.9
0.32
0.17
8.79
0.18
0
21.3
11.13
1.63
3.44
0.87
0
3.44
4.45
2.17
0
0
0
0
0
0
4.54
2.34
0
16.44
3.13
0
0
0.92
1
0
0
5.73
0.8
18.13
8.36
0
0
0
0
40.4
1.05
0.02
0
0
0
0
0
0
0
0
0
0
0.13
0
18.65
0
0
0
13.2
0
0
36.03
0
0
0
0.02
0
0.73
0.09
0
0
37.35
1.47
0
0
0
0
0
0.21
0
0
0
4.17
0
0
0
2.13
25.45
0
12.15
12.44
7.63
0
0
0.63
0
0
0
0
0
0
1.18
7.1
0
0
0.07
7.31
0
0
0
0
0
0
0.11
6.79
1.64
0
0.98
5.85
0
0
9.46
0
1.98
0.43
0
0
23.34
2.07
0
0.02
15.75
0
0
0
0
0
0.1
0
0.08
1.26
18.98
0
6.11
1.61
4.3
0.64
0.74
0
0
0.02
0
0
0
0
0
0
0
0
0
3.46
0.17
0
14.57
0
0
0
0
2.96
0.45
4.56
0
0
0
0
1
21.85
0
0
0
0
0
0
0
0
0
0
0
0
0
0
0
0
0.06
0
5.26
0
0
16.76
0
0.04
1.6
0
0
0
0
0
0
0
4.07
0.01
4.51
14.57
0
0
0
0
0.15
0.17
0.74
12.73
0
24.54
0
12.7
0
0
0.02
0
0
0
0
0
0
0
0
0
0.2
0.06
0
0
0
0
17.55
0
20.97
0.21
4.06
0.2
0
0
0
6.02
0
0
0
0
0
0.59
5.15
0.02
11.02
0
0
0
0.28
1.68
0
0
0
0
0
0
0
0.02
0
0
0.01
0.08
0
0
0
3.96
0
0
0.84
0
0
0
0
0
0
0
0
3.48
0
0
0
0
0
0
0
0
0
1.25
0
0
0
0
0
0.02
16.36
0
0
0
0
0
0
0.2
0
0
0
0
0
0
17.2
0
0
1.57
0
0
0
0
0
0
0
0
0
0.1
0
0.3
6.96
0.02
0.76
0
0
0
0
0.7
0
1.58
0
0
6.84
0.2
0
4.61
0
0.07
5.14
9.09
0
0.45
0
0
0
0.09
0.08
0
0
0.04
0
0
0
0
0
0
0
0
4.09
0
0
0
0.01
2.93
0.43
9.96
0.37
0
0
0
0
0
0
0
0
0
7.91
0
0
0
0
0
2.57
5.14
4.12
0.02
20.34
0
0
0
0
0
6.1
1.43
0
0
0
0
0
0
0
10.87
0.99
0
0
0
0
0
0
0
7.66
0
0
0
0
0
0
0
0
6.72
3.35
0.09
0
0.01
0
3.12
0
0
0
0
1.24
0
0.01
9.41
3.3
0
8.48
0.21
0
27.33
8.1
0.01
0
3.64
2.88
0
0
0.09
0.1
0
0
2.22
0
21.75
0
0.28
4.46
0
0
0
5.31
2.98
0.01
0
1
0.1
0
1.01
0.18
0
3.65
0
0
0
0
0
0
0
0
0
0
0
0
0
0
0
1.84
13.95
1.35
10.8
3.06
0.04
0.04
0.54
6.58
0
0
0
0
0
0
2.28
0.12
37.66
0
0
0
0.01
2.77
0
0
0
0
0
0
0
0
1.87
10.18
9.91
1.56
0
0
2.58
2.75
0
13.45
3.54
0
0
0
0
0
0
0.83
0
0.41
0
0
0
0
0
0
0.21
6.09
0
0
0
9.47
7.05
0
8.76
3.45
1.59
6.37
1.84
0.36
2.31
0
0
0
0
0
3.56
5.39
4.54
4.11
2.09
0
0.43
0
0
0.24
8.91
0.19
0
0
0
0
0
0
0.13
0.89
0.21
0.18
0.04
0
2.42
0.01
0
0
0
0.89
21.55
0
0
0
0.07
0
0
0
0
0
2.57
10.77
13.52
1.21
13.7
2.04
0
0
1.16
0.54
0
0
0
1.07
8.06
0
0
0
0
0
0
0
0.09
0
0
0
0
0.11
0.07
1.9
1.77
5.01
0.95
10.19
0.02
0.83
0.88
0
0
0
0
0
0
0
0
0
0
0
0
0
0
0
0
0
0
0
0
0
0
0
0
0
0
0
0
8.23
0
3.61
0.01
0.1
5.85
0
0
0
0
0
0
0
22.79
4.6
0
0
0.37
0
9.27
0
1.18
2.86
0
0
12.54
6.45
0.19
0.03
0
0
0.21
0
0
0
2.09
4.37
0
15.67
6.68
0
1.15
5.12
0
0
0.11
0
5.46
0.12
0
11.46
0.78
0.02
0.61
0
0
0.07
1.55
0
0
0
0
0
0
0
3.98
1.58
0.14
1.4
3.6
2.05
0
1.46
0
0
0
0
0
0
5.74
0
0
0
0
0
0
0
0
0
0
0
1.81
8.2
0
0
17.78
0
0
10.87
0
0
0
0
14.05
0
0
0
0
0.31
6.83
0
0
0.15
0
5.9
0.09
0
0
0
0
1.68
0.49
0.07
4.06
0.01
2.94
2.62
0.05
0
0
11.92
0.71
4.12
2.59
0
0
0
0
3.99
9.03
0.11
0
1.54
2.55
0.1
0
0.67
0.01
0
0
0
0
1.36
0
0
0
0
0
0
0
0
0
0
7.66
0.23
0
0
0
0
0
0
0
0
0.45
0
0
1.64
0
0
0
0
0
0
0
3.73
0.34
9.13
0
23.19
20.4
3.54
0.16
27.02
12.46
0.06
0
0.21
0
16.94
10.14
7.25
8.99
0.04
0
0
0
0.9
12.85
3.02
2.96
0.3
0
0
0.13
2.61
0
0
0
2.21
0
0
0
0
0
0
0
0
0
0
0
0
0
0
0
0
5.26
0
0
1.87
0
0
0
0
0
0
0
0
0
0
0
0
0
0
13.42
7.8
0
2.1
2.46
8.1
0
0
0
0
0
0
0
0
0.34
0
0.02
0
0.02
3.28
0
0.28
0.06
0
0
0
0
0
3.39
0.03
0
0
0.03
2.16
4.45
0.01
0
0
0
2.74
0.16
0
0
0
5.25
0.12
0
0
7.69
0
0
0
1.75
0.01
0
0
0
0
0
0
0
0
0
0
0
0
3.48
0.01
0.01
0.01
0
0
0
0
0
0
0
0.89
0
0.14
0
0
0
0
0
0
0
0
0
0
2.03
4.53
0
0.76
2.59
0
0
0
0
0
1.03
12.25
2.61
0
0
1.93
0
0.54
0
0
0
0
7.47
1.34
0.03
0.11
0
0
0
0
0
0
0
0
0
0
0
0
0
0
0
0
0.06
5.13
1.04
0.81
0.88
0
0
0
0
0
0
0
0
0
0
0.23
0
0
0
0
1.31
2.58
1.74
20.17
4.76
1.96
0.06
1.75
10.76
2.71
13.64
5.32
0.13
0
2.07
4.14
0
0.81
17.31
0
1.03
0
0
0
0
1.3
0.14
0
0
0
0
0
0
9.34
0.18
9.89
0
0
0
0.64
0
0
4.36
0
0
0.28
18.02
0
0.06
0.92
0
0
0.05
1.56
0
0
0
0
4.1
1.62
0
11.85
8
0
0
0
0
0.08
0
0
0
0
0
0
0
0
10.99
1.31
0
0
20.49
0
0
0
0
0
6.56
0
12.54
1.12
0
0
0
0
0
0
29.67
3.66
0
0
9.48
0
0
3.29
24.36
0
11.26
0
0
0
0
3.76
25.85
13.12
0.01
0
0
17.17
0.02
18.29
7.7
0.01
0
0.02
24.14
4.89
0
0.01
0
0.26
0.03
0
0.24
0.01
14.29
5.44
0
0
0
0
0
0.03
0.08
0.15
0
0.39
0
0
1.07
5.81
0
0
0
0
5.79
0.11
0
0
0
2.64
0
0
0
0.01
17.06
5.15
4.75
12.29
1.8
4.7
0
0
0.07
0
0
0
0
0
2.99
0
0.41
0
0
0.31
10.59
14.93
10.96
0
0
0
0
17.75
9.34
0.04
0
0
0.04
13.33
0
0.16
0.02
0
0
0
0
2.01
0
0.01
7.09
2.9
0.83
0.06
0.25
0
0
0
0.13
0
0
0
0
0.07
0.08
0.06
0.1
0
0
7.05
0
0
0
0
0
0.01
5.57
0
0.67
9.24
3.96
3.49
7.88
2.69
2
0.02
0.06
0
0
0.19
0
0
5.31
0
0.06
0
0
0
0
0.34
0
0.16
0
0
0
5.95
0.01
0.09
5.24
0
0
0
0.72
0.86
7.67
7.76
2.37
5.94
2.21
0
0
0
0
0
0
0
0
0
0
4.08
1.91
0
0
0
0
0.03
0.5
0
0
2.8
0
0
1
19.95
0
0
0
0.09
0
0.1
0.82
0
0
0
0.01
0.39
0
0
0
0
0
0
0
0
0
0
0
0
0
0.11
0.52
0
0
0
0
0
0.04
0
0
0
0
0.19
0
0
0
0
0
0
0
0
0
0
0
0
0
0
0
0
0.78
0
0.58
0
0
0.91
0
0
0
0
7.81
0.98
4.44
0
0
0
0
0
0
0
0
0
0
0.01
0
0
7.06
3.97
0
0
0
0
0
0
0
0
0
0
0
0
1.7
0
0.39
0
0
0
0
0
0
1.11
4.46
0.05
0
0
0
0
12.4
0
3.13
0
0
0.08
11.66
0.19
0.78
0
0
0
0
0
0
0
1.94
0
1.09
2.39
0
0.4
0
7.75
0
2.04
0
0
0.01
9.77
0
0
0
0
0
0
4.88
0
5.62
0.52
2.18
5.03
0
0
0
0.72
0
4.49
0
0
0
0
13.35
0
0
0
0
2.29
4.8
15.05
0.14
0
0
13.63
0
0.14
0.99
0.07
0
0
0.07
0
0
0
0
0
0
0
0
0.13
1.05
11.77
0
0
0.04
0.04
0
0
0
1.8
0
0
0
0
0
1.93
14.03
21.71
0
0
0
0
0
0
0
0.43
16.09
11.34
1.86
0.47
1.42
0
0
0
0
0
0
0
0
0
3.85
0.46
0
0
0
0.12
26.48
0
0
0
14.45
36.26
6.4
0
7.59
0.22
0
0
0
0
0
0
0
0
0
0
0
2.08
7.3
0
14.26
0.75
0
0
0
0
5.72
9.18
0.05
15.46
3.34
0
0
0
2.88
0.2
0
0
0
0
0
0
0
0
0
6.57
0
0
0
0
0
0
0
0
2.26
1.57
0.3
1.71
0
0
0
0.02
0
0
0
0
0
0
0
0
0
0
3.52
0.79
0.01
0
0
0
0
17.13
0.04
0
0
0
0
0
0
0.71
3.94
12.92
0
0
0
0
0.02
0.07
0
0
1.24
0
0.02
1.52
0
0.01
0.07
0
12.55
0.05
0
0
0
0
0
0
0.17
0
12.57
0
0
0
0
0
1
0
0
0
0
0.09
0.12
0.04
0
0
0.03
0.05
0
2.01
0.38
0
0.01
0
0
0.08
4.22
9.1
0.69
0.02
15.08
0.08
8.04
0
0
0
0
0
0
0
11.4
5.82
0.1
0
0
0
0
0
0
0
0
0
0
0
10.94
5.81
19.88
15.7
4.44
1.04
0.02
0
0
0
0
0
0
0
2.33
15.28
14.39
2.36
0
2.63
2.41
0
3.37
7.71
1.21
0
2.6
0.09
5.25
10.62
2.18
0
0
1.74
2.38
0.3
0
0
0
0
0
0
0.04
0
1.19
5.13
5.61
5.1
3.25
0.4
0.3
0.04
3.78
6.08
0
9.75
0.18
0.23
0
0
0
0
3.35
0.12
0
0
0
4.51
2.1
0.11
0
0
2.55
16.21
0.03
0.39
5.41
0
0.11
0
0.05
0.06
14.17
14.97
1.43
0
0
0
0
11.78
1.84
15.39
0
0.37
0
10.45
21.36
0
0.03
15.2
6.53
0
8.86
10.85
0
0
0
4.23
0
0
0
0
0.17
0
0.06
0.02
0.74
0
0
0
0.01
0
0
0.01
0.01
0
0
0
0
2.15
0
0.02
0
4.95
1.58
3.02
0
0
3.96
34.03
0.19
6.85
0
0
0
3.68
0.09
0
0
0
0
0
6.48
9.33
0
0
0.01
1.45
20.75
0
0
0
0
3.24
0.12
0
0
0
0
0
0
0
0
0
0
3.99
0
0
2.92
0
0
0
0
0
3.5
1.14
6.88
13.92
0
0
0
0
0.03
0
1.2
0
0
0
0
0
0
0
8.46
22.63
0
1.25
0.47
2.97
6.91
28.93
8.33
0
0
0
7.71
12.66
0.08
0
0
0
0
0
0
2.53
0
0
0.02
0.06
0
0
0
0
8.89
10.91
1.78
0
0
13.05
0.95
0.22
0
0
0
0.39
0
0
0
0
0
0
0
0
0
0
3.33
0.35
0
0
0
1.9
0
0
0
0
0
0
0
0
0
0
0.02
6
0.6
0
0
0
0
0
0
0
3.71
9.37
2.31
0
0
0
0
0.12
0
0
0
0
0
0
0
0
0
0
0.03
0
0
0
0
0.2
0
0.06
3.3
0
0
3.79
0.82
1.52
0
0
0
0
0
0
8.1
7.91
0
0
0
0
0
0
0
0
0.09
0
0
1.18
0
0
0
0
0.36
16.65
0.71
5.01
0.01
3.51
0
0
0
0
0
5.59
0.89
0
0
0
0
4.14
0
0
0.58
0
0
0
0
0
0
0
0
0
0
0
0
2.19
0
11.53
0.15
2.5
1.11
0
0
0
0
0
0
0
0
0.01
29.9
4.09
7.67
4.81
0.13
0
0
1.21
0
8.36
9.56
6.03
0
0
0
0
3.28
0
2.74
0
0
0
0
0
14.48
10.22
4.84
0
7.95
2.95
0
0.18
0
0
0
0
0.92
0
3.82
22.25
1.79
0
0
0
0.02
0
0
0
0
0
0
0
0
0
0
0
1.12
0.86
0.4
3.84
0
2.79
0
2.59
0
0
0
37.03
0
0
0
0
0
0
1.63
0
0
0.02
9.96
17.47
8.3
42.13
7.2
22.16
0.01
0
0
18.09
0
2.23
23.88
7.57
3.89
13.92
10.67
2.55
0
0
0.22
0
0
0.53
1.23
9.6
2.51
2
0.07
1.12
9.99
0
0
0
0
0
0
0
19.57
2.78
0.05
1.81
4.89
0
0
0
9.02
0
9.89
48.21
1.21
16.02
8.86
0
0
16.14
26.12
6.35
2.17
0
0
0.64
4.41
0
0
0
0
0
0
0
0
0
0
0
0
2.57
0.1
0
0
9.98
0
0
3.19
2.47
10.09
15.46
0.79
0.19
0
0
0
0
0
4.18
0
33.58
0
0
0.1
0.58
0.05
0
0
0
0
0
0
0
0
0
0
0
0
0
0
0
0
0
0
2.9
0
0
0
0
0
0
0
0
0.07
0
0.04
0
0
0
0.43
0
0.01
0
0.01
0.17
0.08
0.02
0
3.68
0
0.17
0.01
0
0.01
2.45
3.07
1.59
11.68
8.82
11.44
4.89
2.82
0.03
2.38
0
0.04
0.65
19.26
14.01
0
0
0
0
0
2.72
0
0
0
0.08
0
0
0
0.37
0
0
0
0
0
0.84
12.83
7.01
13
0
1.09
18.13
14.16
0
1.78
6.88
2.13
0
0
0
0
0
0
0
0
0
0
0
0.01
0
0
0
0
0
0
0
0
0
0
0
0
0
0
0
0
0.02
0
0
0
0
1.05
0
0
0
0
0
0
1.37
3.9
0.02
0
2.54
0
0
0.3
5.75
5.96
0.9
0
0
0
0
0
3.37
7.69
0
0
0
0
13.24
0.07
0.22
0
0.01
0
0.01
0
0.01
0
0
0
0.01
0
0
0
0
0
9.18
1.62
0
0.61
0
2.66
4.62
0.09
1.13
0.01
0
0
0
13.52
7.15
0
0
0
0
3.64
0.09
0.37
0.61
0
0
0
2.17
0
0
0.67
7.49
9.03
17.28
8.7
1.44
0
0
0
0
4.9
0.97
0
0.02
0
0
0
0.25
41.56
0
0
7.51
0.06
10.21
0
6.59
0
2.23
17.03
0
0.31
0.05
10.25
22.51
20.42
0
1.5
20.66
1.99
0.25
0.67
4.08
0
0
1.52
9.66
0
0
0.01
0.37
0
0
0.02
0
0
0
0
1.84
0
0
0
0
1.93
2.11
61.59
0
0.2
5.31
2.94
0
0
0
2.88
0
0.11
0.01
0
2.89
0
0.3
0
0
0
0
0
0
0
0
1.8
0.94
0.09
0.01
0.04
5.77
6.62
1.52
0.03
1.92
0.06
11.61
4.54
1.31
2.87
10.94
0.02
0
0
5.27
22.57
0.51
4.31
0
0
0
0
0.31
0.11
3.01
14.89
0.21
33.47
15.78
0
9.24
6.48
9.12
5.11
0
0
0
0
0
0
0
0
0.64
0
0
0
0
0
0
2.69
1.44
0.94
5.56
6.27
0.02
0
0
0
0
0
0
0
0
0
0
0
0
0
11.9
0
0
1.02
0
0
0
0
0
0
0
0
0
0
0
0
0.01
0
0
0
11.65
0.01
0
0
0.08
0.71
0
0
8.96
0
0.11
0
0
0
0
0
0
0
0.02
2.76
0
0
0
0
0
0.02
0.04
4.27
1.97
15.2
0
0
0
0.07
0.06
0.04
0.07
0
0
0.04
0.02
1.02
0
0
0
0
6.43
6.22
0
0
0
0
0
0
3.68
0.03
0
0.06
0
0
0
0
0
0
0
0
0
0
0
2.83
0
0
2.54
0
0
0
0
0.19
0
0
0
0
0
0
0
0
0
7.04
0.04
0.16
2.76
6.88
10.17
0
0.02
0.78
0
0
0
0
0
0
0.01
0
0
7.68
0.92
0.07
0.89
0
0
19.75
0.02
0
2.86
0.02
0
0
0
0
0.01
0
0
0
16.45
0.18
0.86
0.7
0
1.57
1.13
0
0
0
1.29
10.66
0.19
0
0
0
0
0
0
0
0
0
39.56
3.01
0
0
20.32
2.34
0
0.01
0
0.01
0
0
0
0.01
0
4.85
0
0
0
0
0
0
0
0
0
0
0
0
0
0
0
0
0
0
0
0
0
0
0
0
0
0
0
0
0
0
15.12
5.84
0.3
0
5.22
0.01
0
2.09
1.16
0
0
7.26
0.22
11.73
0
0
0
0
0
0
0
0
0
0.26
10.49
1.76
0.03
0.22
0.04
4.21
0
13.29
7.94
6.18
9.88
3.19
0.89
0
0
15.92
0
0
0
0
0
0.85
0
0
0.08
0.09
0.08
0
0
0.06
8.25
0
0
1.13
0
1.68
0
16.33
0.02
0
0.55
0
13.06
3.59
0.01
0.09
0
0
0
0
0
0
0
0
0
0
0
6.86
0
0
0
0.59
10.24
16.44
0
0
0
1.36
0
0
0
1.05
0
0.57
3.35
9.02
0.31
0
0
0
0
0.14
0.02
0.16
40.05
1.18
1.99
2.46
0
0
0
0
1.71
26.76
6.02
0.09
0.09
0
14.82
0.62
20.17
20.52
17.62
0
0
3.19
1.01
0
0
0.04
0
0
4.63
38.22
0
0
0
0
0
0
0
0.2
34.03
2.48
0
0
0
0.01
0.04
0.04
3.22
0
0
0
0
0
0.04
0.08
0
0
0
0
0
4.75
0.01
0.08
1.01
13.36
12.61
0.11
0.6
2.22
0.87
14.22
0.18
2.25
0
0
0
0.07
0.34
0.04
0
0.01
0.29
16.44
0.48
1.63
0
0.2
0.66
0.07
0.11
5.56
4.55
0
0
0
0
0
0.15
12.63
0
0
0
0
0
0.3
0.38
5.81
0.01
0
0
14.34
0.1
3.79
0.16
7.52
5.92
0
2.62
4.33
0.19
0
0
0
0
0
0
0.1
2.81
2.42
0
0
0
0
0
0.52
1.49
0
0
0
1.79
0.31
0.16
0.02
0.02
0.02
0.02
0
0.62
0
0
0.02
0.14
0
0.24
0
0
0.15
0
0
0
0
0
0
0
0
0
0
9.22
0.5
1.21
1.17
0
0
0
0
0
0
0
0
0
0
0
0
0
0
0
0
0.07
0
0
0
0
0.02
0
0
3.25
0
5.77
0.06
0
0
3.18
2.16
0
0
0.29
1.11
0
0.01
0
3.5
0.49
2.35
0
0
7.22
4.21
24.41
0.11
0.27
0
0.08
0
0
0
0
0
6.85
0
0
0
0.25
2.11
0
0
0
0.34
1.42
0
2.01
5.54
3.2
0.43
0.24
0.76
0
6.33
4.3
0.03
0
0.64
0.37
0
0
0
0
4.9
0
0.01
0
0
0.12
0
0
0
0
0
0
0
0
0
1.02
0.01
1.49
11.03
4.38
3.81
0.01
0.17
0.16
0
0
0
0
0
3.74
0
0.44
2.4
16.3
0.19
7.69
3.83
6.81
4.63
0.37
0
3.34
0.24
0.06
1.49
0
0
11.67
3.55
0
0.18
0
0
0.08
9.74
0
0
4.55
0
0
1.71
0
0
0
8.41
0
0.07
5.21
3.12
0.02
0
0
0
39.34
19.16
0
0
5
0.32
0
14.21
1.36
0.08
21.23
0.16
0.02
0
0
0
0
0.08
0
0.16
0
0
9.37
0.01
0
0
12.93
0.67
0
0
0
2.01
0
26.95
2.12
0
0
0
0
0
0
18.84
1.67
0
0
0
0
0
0
0
0
0
0
0
0
0
13.04
0.01
0
0
0
32.99
0.32
14.08
0.5
0.04
0
0
0
0.08
0.56
0.24
0
1.82
6.69
0
0
0
0
0
0
0.19
7.96
2.52
0
0.3
0.12
0
1.82
0
0.12
0
0
0
0.25
8.92
0.18
0
0
0
0
0
0.71
0
0
0
0
1.22
5.72
2.85
0.03
3.75
0.02
0
0
0.26
3.12
8.48
0.76
0.07
0.02
0
0.02
0.42
0
0
3.63
0
0
0
0
1.61
0
0
0.62
0
0
0
3.76
0.09
1.68
4.4
2.3
0.27
1.21
0.82
2.09
0
0
0
0.09
3.21
9.46
0.38
0.05
1.11
5.47
19.65
11.53
1.73
4.34
0
0.59
0
0.42
0.41
0
0
0
0
0
0
0
0
0
0
0
0
0
0
0
0
0
0
3.43
6.19
0.2
0
0
0.07
0.02
0.04
22.79
0
13.85
0
0
2.59
31.33
5.75
0.17
0
0.88
2.07
11.18
5.67
0.37
0
0
4.67
15.65
0
0.08
0
0
0
0
0
0
0.63
0
0
0
1.02
2.57
0.03
1.97
0
0
0
0
0
2.05
0.42
1.43
15.07
0.1
0.04
0
0.02
0
0
0.04
0
0
0
0
0
3.28
1.05
0
0
0
0
0
0
0.74
0
0
32.4
0.3
0.42
0.18
0
0
0
0
0
0
0
0
0
0
0
0
0
0
0
0
0
4.2
0.54
0
2.8
8.87
0
0
0
0
3.6
7.48
1.11
0
0.43
0
5.71
0
0.04
0
0
0
0
2.3
17.45
6.83
0.06
0
1.9
0
0
9.4
0
0
3.77
0
0.2
0
10.12
11.05
0.56
1.9
5.99
0
0
0.05
0
1.56
0.87
0.06
8.71
0
0
0
4.77
0.49
0
0
0
18.97
0
0
0
10.35
0
32.58
20.84
2.34
4.15
24.08
2.44
30.54
6.1
0.4
1.75
4.33
0.77
3.77
1.76
0.54
9.85
4.33
8.67
6.5
0.03
0
0
0
2.58
0
0
10.64
0
0
0
0
0
15.9
0
0
0
0
0
0.01
0
0
0
16.19
34.63
0
0
0
0
0
21.83
0.05
0
27.91
0.15
0
0
0
0
0
0
0
11.68
0
1.27
0
0
0
0
9.02
0
0
0
0
1.24
23.12
0.58
0
0
0
0
0
0.24
0
0.44
0.71
0.13
2.22
24.17
0.03
0
0
0
0
0
0
0
0
0
0
0
0
6.18
0.19
0
0
0
0
0
0
0.15
11.96
4.91
10.2
0
0
0
0
0.3
0.01
0
0
0
2.82
7.98
0.62
0
0
0
0
1.24
0
0
0
9.19
0.8
12.31
0.06
14.72
0.05
6.32
1.47
3.33
0.01
0
0
0
0
0
0.01
0.1
0
0
0.12
0
1.58
0
0
0
0
3.62
0
7.24
5.71
0
0
0
0
0
2.41
14.15
0.12
0.6
2.5
0.2
0
4.06
0.35
0.04
0
0
9.33
0
0
0.09
0.05
0
10.56
0.5
0.36
0
0
0
0.21
0.08
0
0
1.88
8.78
2.7
1.17
15.3
7.99
0.06
0
0
0
0
0
0
3.97
0.87
1.07
0
2.35
0
0
0.06
0
0
0
0
0
1.5
0
0
0
0
0
2.67
3.66
0
0
0.62
7.56
5.3
0
0
0
0
0
0
0
8.95
0.45
0
0
0
0
0.02
13.87
0
0.03
0.29
0.83
0
2.1
0
0.03
0
0
0
13.09
0
0
0
0
0.11
0.03
0
0
0
0
0.19
2.96
0
0
0
0.05
0
0
0
2.33
4.14
0.37
0.04
0
14.26
4.85
0
0
0
0.2
0.06
4.93
3.24
4.07
6.31
0.25
0
0
1.38
0
1.4
1.31
0
0
0
0
0
0
0
0
0
0.11
0.17
0.02
3.16
6.23
0
0
0.14
0
0
0
0.01
4.88
0.87
21.87
10.84
0.22
0
0
7.65
0.13
0.18
0.02
0.01
0
0
0
0
0
1.16
8.37
5.88
14.14
8.94
0.34
0
0
0
0
0
0
0
0
0
0
16.17
18.43
3.04
0.08
1.7
1.75
5.06
0
0
0
5.68
0.02
0
0
0
0
0
2.56
2.6
0
0
0
0
0
0
0
0
0
4.31
0
9.44
0
12.93
0
0
0
0
0
0.92
17.57
0.29
0.5
0.18
0
19.33
6.01
0
0
0
9.5
0
19.51
16.67
2.42
0.25
9.59
0
0
0
55.99
1.99
0.15
1
0.01
0.06
0
0
0
0
0
3.88
0.02
0
23.87
11.58
0.01
9.93
2.1
0
0.06
0.09
7.63
0
0.08
1.24
5.77
0.25
0.02
0.19
0.01
0
0
0
27.38
44.07
29.13
0.75
0
0
0
0
0
36.83
11.68
0.02
0.74
2.8
0
0
0
0
0
12.44
1.05
0
0
0
0
0
0
0
0
0
0
9.79
10.4
0.68
9.07
0
0
0
1.74
7.42
0
0
0
0
0
0
0
0
0.09
0
0
0
0.29
6.24
9.42
3.75
0
0
0
0
0
0
3.28
3.91
4.14
0.04
12.49
3.99
0.01
0
0
11.54
0
21.76
0.43
2.31
9.35
18.03
6.45
0
0
0
0
0.06
7.69
3.53
0
0
0
0
0
0
10.87
1.16
0
0
0
0.06
0.14
5.71
1.16
0
0
0
0
0
0
0
1.89
0
0
0
0
0
0
0
0.09
0
0.04
0.08
0
0
0
0
0
7.92
0
0
0
1.04
0.24
0
0.87
1.98
0
0
0
0
0
0
0
0
0
0
0
0
0
0
0
0
3.01
0
0.98
4.28
0.91
0
0
0
0.12
0
0
0
0
0
0
0
0.11
1.49
0
0
0
0
0
0
0
0
0
0
0
0
0
9.27
0.48
0.26
0.03
0
0
0
0
0
0.4
2.97
0.01
0.09
0
0
0
0.23
0
0
8.51
0
0
0
0
0
0
0
11.92
0
0
0
0
0
0
0
0
0
0
0
0
13.22
2.01
0.18
0.17
0.94
3.84
12.66
0
4.7
0
0
0
0
0.28
0
0
0
4.54
0
2.85
9.91
0
0
0
0
0
2.07
0
0
0
0
0
0.41
4.94
0
0
0
16.84
1.41
6.12
3.07
0.01
0
8.2
1.48
0.51
0
0
0
5.03
0.41
0
0
0
17.17
7.51
0
0
0
0.36
8.94
0.04
0.04
0
0
0
1.14
0.1
2.27
0.01
0.26
0.02
0.06
0
0
0
0
0
0
0
15.19
0
0
0.01
0.02
2.47
31.39
1.4
13.76
6.45
20.56
0.04
0
0.11
26.25
0.03
0.61
0.12
0.1
0
11.05
2.95
0
0
0
8.95
1.62
0
0
0
0
0
23.37
0
0
0
11.55
0
0
0
0
0
0
0
8.62
0
0
0.05
0
21.81
2.52
0
0
0.81
0
0
0.04
0
0
0
0.73
0
0.36
0
0
0
0.06
27.58
0
0
0
0
0
0
0
0
0
0
0
0
0
0
0
0
0
26.49
0
0
0.15
0
0.43
0.12
0
0
0
0
0
17.56
7.49
0
0
8.61
3.5
0.02
4.9
0.23
0
0
0
0
0.15
0.02
0
0
0
0
0
0
0.06
0
0
0
0
0
0
0
0
0
0
0
0
0
0
0
0
0
0
0
0
0
0
0.34
0.06
0
6.42
0
0
0
0
0
0
5.27
0
7.64
6.07
24.46
0.01
0
0.13
0
0
0.02
0.07
0
0
0.04
0
0.01
0.08
0
0.04
0
5.35
0.01
1.48
0
0
0
0
0.04
0.06
0
0
0
0
0
0
0
0.1
0.34
2.95
0
0
0.31
0
0
0
0
0
0
0
0
0
0
0
0.03
0
3.39
2.12
0
0.19
0
1.88
0.05
0
0
0.26
0.05
0
0
3.16
0
0
0
0
0
1.23
0.23
0
0.08
0
0
0
0
0
0
0
0
0
0
0
0
0.12
0
0
0
0
0
0
0.09
0
0
0
0
0
0
0
0
0
0
0
0
0
0
0
0
4.84
10.3
9.04
2.47
0
0
3.78
0.04
0.99
0
0
0.5
0
0.01
0
0.15
1.84
7.7
0.73
0.69
0
0
0
0
0
0
0
0
20.85
2.97
0
5.28
8.14
0
0
0
0
12.3
0
0
0
0.11
0
0
0
0
3.86
13.84
0.51
0.61
0
0
0
0.13
0
1.89
5.43
0.2
0
0
2.86
0.06
0
0
0
31.14
3.07
2.97
5.68
0.01
0
0
0
0
0
0
0
0
0
0
0.55
10.64
0
0
0
0
0
0
0
5.15
0
0
0
0
0
7.12
2.91
19.65
2.44
0.2
19.41
0.71
0.05
0
0
0.56
0
4.04
0.08
0
35.54
0.46
8.91
0
0
13.44
0
0
0
0
0.05
0
0
0
0
0
0
0.01
0.36
0
0
0
0
0
0
0
0
0
0
0
0
0
0
5.35
0
0
0
0
0.64
6.71
0
0
0
0
0
0
0
0
0
0
32.45
8.39
0
0
0
0
0
6.99
0
0
0
0
20.76
0
0
0
0.01
0
0.17
7.99
2.25
0
0
0
0
5.33
0
0
2.6
0
0
2.93
0
11.48
10.49
0
0
0
0
0
0
0
0.37
0.04
11.99
24.73
2.54
0
0
7.27
2.48
2.32
0
0
24.56
0
0
0
0
0
1.21
5.31
0
0
0
0
0.01
1.63
0.47
0.15
0.02
1.01
0
0
0
0
0.02
4.86
6.3
0.02
0.02
1.12
0
6.75
0
0.24
5.62
1.14
0
0
0
0
0
0
4.79
0.04
0
2.75
0.11
0
0.19
0.16
0.04
0
0
5.52
0.13
0
0
0
0
0
0
0.01
5
0.67
8.41
1.46
1.57
0.02
0.02
0
0
20.12
13.6
0.34
10.22
2.33
2.74
0.08
1.7
8.4
3.65
0.03
0.51
0
0
0
2.41
0.12
0
0
0.77
18.24
0
0
5.73
1.18
0
0
1.29
0.35
5.52
6.11
7.28
1.41
0
0
0
0
0
0.01
3.13
15.15
9.58
1.32
22.87
8.08
0.8
0
0
0
0
0
0
0
0
0
10.4
6.94
0
0.13
7.11
0.55
0
0
0
11.74
0
0.67
0.11
0
3.73
4.95
9.9
2.38
0
0.25
7.02
29.99
8.31
0.56
17.75
0.79
0.05
4.1
0
0
0
0
0.03
0
4
1.36
0
0
0
0
0
0
0
0
3.43
0
0
0
0
0
0
0
0
0.44
5.92
0
0.9
13.79
1.33
0
0.23
0
0.04
3.37
0
0
0
0
0.39
9.27
0
0
0
0
0
0
0.44
10.22
1.4
0.3
0.01
0
17.94
4.39
2.03
2.32
1.9
4.39
0.09
0
0
0.89
0
0.91
4.94
0
0
0
0
0
0
0
0
0
0
0.65
3.26
14.92
0.05
0
0
0
0
0.04
0
0
0
0
0.03
10.44
0
0
0
1.9
13.39
0
0
0
0.25
0
0
0
0
0
0
0
0
1.14
0
0
0
0
0
0
0
0
0
0
0.13
0
0
0
0
14.33
0.11
0
0
8.73
3.23
0
0
0
0
0
0.38
0
0
17.52
2.56
6.59
4.12
15.16
0.17
0
0
0
2.38
0
0
0
0
0
0
0.68
15.77
23.73
0.4
0.19
0.96
0
0
17.35
8.73
0.52
0.35
0
0.93
0
0
0
0
0.31
0.64
2.97
27.89
5.63
0
0
0
0
1.33
0.98
0
0
0.07
0.1
8.78
4.16
0
0
1.89
1.04
0
0
0
0
0
0
0
0
0
0
0
0
2.47
0
0
0
0.25
23.16
13.42
13.92
0.01
0.02
0
31.24
22.11
5.23
0.02
2.31
1.57
0.02
0
0
0
5.6
9.53
1.5
10.82
16.64
3.61
0
0
0
0
0
0
0
0
0
0
0
0
0
0
0.13
0
0
0
0.06
0
0
0
0
0
0
0
0
0.09
0.05
0
0
11.14
0
0
1.31
0.18
0.22
0
0
0
0.21
6.26
0
0.09
0.03
0.01
0.02
0
0
0
4.91
0.1
0
0
0
3.84
0.04
0
0
0.73
13.25
0
0.13
0.05
2.36
0.52
0.56
2.24
8.62
1.64
0.01
0
0.34
0.04
7.92
0.12
12.39
1.15
17.69
3.31
5.69
0
0
12.22
11.19
0
7.15
0
0
7.58
2.35
0
0
0
0
0
0
0
6.18
0.02
0
0
0
0
0
0
0
0
0
0
0
0
0
0
0.88
0
0
0
7.24
0.06
0.36
0
0.08
0
0
0
0
0
0
0
0.02
0.28
10.69
0
7.94
0
0.76
0
0
2.2
6.12
0.92
0
0
0
3.73
1
12.57
0
0
3.3
24.03
0
0
0.04
0.71
2.69
0.01
1.37
0.04
0
0
0
8.97
0.19
5.6
0.08
24.53
1.92
11.37
0
9.22
8.4
0.89
0.51
0
0
0
0
0.85
0
0
2.76
0
0.02
0
0
0.17
0.1
0
0.22
0
0
0
0
0
0
0
0
0
0
0.04
0
0
0.02
0
0.31
7.2
0
0
3.92
12.48
7.07
0
0
0
20.41
6.05
0
14.31
0
0
3.72
0.19
0
4.28
3.49
16.64
2.8
0
0.31
0.62
0
0
1.05
0.37
0
0
0
7.95
0
0
0.03
0.16
16.4
8.68
0
26.65
0.04
0
0
0
1.33
0.28
0.08
0
0
21.93
0
0.98
4.84
26.09
39.47
0.15
0.09
0
0
2.01
23.77
0.35
0
7.47
1.58
0
2.43
4.78
0
0
0
32.1
15.68
27.13
2.94
2.08
2.51
1.62
0.01
0
0.69
7.69
31.33
42.72
5.73
2.91
0.35
0.26
0
0
0
0
33.08
0.59
0
0
0.96
4.24
0.27
0
0
0
3.27
0.07
0
0.17
0
0
0
0
0
0
0
0
0
0.37
0.2
0.01
0.1
0
0
0
52.07
3.15
11.19
0.58
0
0
0
0
0
0
0
0
0
0
0
6.75
2.11
2.52
0.29
0
0
0
0.04
0.15
0
0.09
0
16.16
0.05
0
0
0
0
0
0
0.07
0
0
0.14
0.61
2.16
5.12
2.44
0.21
0.79
0.55
16.16
9.36
0.14
0
0
0
0
0
0
0
4.48
0.01
0
0
0
0
0
0
0
0.05
0.05
5.51
0.37
0.32
0
0
0
1.87
0.44
1.31
0.25
0
0
0
0
0
5.52
0
0
1.03
0.07
0
0.37
0
0.03
1.36
0.5
0
17.1
4.98
0.34
0
0.06
0
1.15
11.75
0.02
4.79
0
0.49
0
0.04
0.74
0
0.2
5.17
0.06
0
0
0
0
0
0
0
0
0
0
0
13.54
2.67
11.9
0.04
0
0
0
0
3.95
0
0
0
0
0
0
0
0
0.3
0
0
0
0
0
0
0
0
0
0
0
0
0
7.05
8.33
0.29
0
0
1.74
0.19
0
0.02
0
0
0
0
0
2.31
0
0.13
2.92
0
0
0
0
0
7.41
0
0
0
0
0
0
0
0
0
0
3.33
0
0.02
4.11
2.97
0.14
0
0
0.68
0
0
1.16
0
0
0
10.58
2.01
4.45
0.18
0
0
0
8.58
8
36.86
4.2
0
0.88
4.49
0
0
0
4.27
0.08
0
0
0
0
0
0
0
0
0
0
0
0
0
1.61
0.77
0.02
0.05
0
1.49
6.72
0
0
20.2
5.78
0
0
0.64
0.01
0
0
0
0
0
0
0
0
0
33.89
0.59
0
0.13
7.41
1.73
0.25
0
0
0
4.64
0
0
0
0
0.23
0.26
7.54
0.06
4.2
0.01
4.13
0.93
0.05
0.03
0.35
0
0
0
0
0
0
0
0
0
0
0
0
0.04
14.41
2.69
0
0
0.24
1.53
0
0
0
0
0
0
0
0
0
0
0
0.07
2.29
13.16
9.91
3.38
0.06
0
0
1.44
0.24
0.02
0
0
0.03
0
0
2.22
2.78
0
0
0.04
3.01
18.12
24.18
0.01
0
0
0
0
0
0
0
0.47
0
0.89
0.1
3.29
1.09
17.24
13.07
6.55
16.2
26
11.54
0.71
0.44
1.23
26.84
0
0.04
0
0
0
0
0
0
0.17
0.01
0
0
0
0
0
0
0
0
0
0
0
0
0
0
0
0
0
0
0
0
0
10.35
2.37
0
0
0
0
0
0
0
0
0
0.07
0
0
0
0.03
0
0.04
0.43
0.89
0
0.02
0.02
0
0
0.02
0
0.07
0
0
0
0
0
0
0
0
0
0
0
0.02
0
0
0
1.64
0.93
2.01
1.21
4.1
0.02
0.95
3.12
0.04
21.68
0
0
0
0
0
0
0
0
0
0
0
0.57
0
0.46
0
0
0
0
0
0.23
0
0
18.53
0
0
0
0
0
15.59
13
0
11.54
7.36
8.4
12.26
1.42
0.29
10.68
5.06
0.02
0
0
3.83
0
0.11
0
0
1.92
14.17
0
2.03
10
0
0.27
5.46
3.39
0
0
0.35
1.19
0.01
0
0
3.48
0.01
0
0
0
0
1.4
0
0
0
0.03
0
0
0
1.6
0
0
0
0
0
0
0
0
0
6.81
0
0
0
0
0
0.58
0
0
0
0.03
0
0
0
0
2.21
0
0
0
9.89
0
0
0
21.5
4.85
2.8
0.6
0
0
0.62
0.24
0
0.52
1.05
6.93
5.67
11.85
1.57
0.7
0.99
0
0.83
0.45
0
0
9.19
1.62
0
0.66
0
0
3.14
0.09
0
0.39
9.81
0.01
2.97
19.12
0
0
0
4.59
1.98
3.97
1.54
0.45
5.58
2.53
0
0
0.65
25.44
12.83
0
0
0
0.02
3.65
0.07
2.07
0
0
0
0
0
0
0
0.02
0.34
0
0
0
0
0
0
60.61
0
0.38
5.99
0.05
0.15
0
0
2.78
0
0
0
6.27
0.94
26.74
0.01
0
0.12
1.94
0
0
0
0
9.28
0
0
0
1.17
15.58
0
0.02
0
0
13.95
4.1
0.01
0
10.79
0
5.4
0.89
0
0
0
0
0
0
0.01
0
0
0
0
0
7.98
5.76
10.93
0
0
0
0
0
0
0.36
0
0
1.68
0.39
0
0
0
0.02
0
0
0
0
0
0
0
0
0
0
9.21
3.66
3.67
0.02
0.14
0.09
0.06
0.04
15.43
0.72
0
0
0
1.93
0
0
0.55
7.95
10.56
1.88
0
0
0
20.86
0
0
0
0
0
0
0
1.03
0.52
0
2.4
25.07
1.47
8.05
0
0
34.56
7.68
0
0
0.11
1.4
0.03
0
2.87
0.01
0
0
0
0
0
0.08
0
0
0
0
0
0
0
0
0
0
0
0
0
0
0
0.23
0
0.42
0
0
0
0
0
0
0
0
0.04
0
0
0.09
1.84
5.25
0
0
0
0
0
0
0
0.01
0
0.35
0.57
0.51
0
0
0.11
24.31
0
0
0
0
0
0
0
0
0
0
0
0
0
0
0
0
0
2.34
0.47
0.3
0
13.37
12.43
15.96
0
0
0.02
0.02
0
0
0
0
0
0
3.14
0
0
0
0
0
0
2.65
0
0
0
7.26
1.45
0
0
0
0
2.69
0.09
0
0.33
0.05
0
0
0
0
0
0
0
0
0
0
0
0
0
0
0
0
0
0
0
0
0
0
0
0
2.83
0.07
0
1.08
0
0
0
0.33
0
0
2.26
0.79
0.02
0.54
0
3.43
0
0
0.05
0
0
0
0
4.2
14.28
0
0
0
0.31
14.13
2.79
1.21
1.82
1.08
0.34
0
0
0
0
3.49
3.24
1.03
0
0
0
0
2.86
0
0.18
8.39
6
0
0
0
0
0
0
0.05
0
4.73
0
1.67
0
0.99
3.23
0
0
0.99
0
2.16
0
0
0
0
0
0
0
0.13
0
0
0.06
3.13
18.81
0
0
24.87
0.01
2.07
0
0
0
0
0
0.02
16.16
0.36
0.12
0
12.15
8.28
0
0
0.07
0
0
0
0.08
0
0
0
1.74
13.89
0.21
3.07
0.39
0
0
0
0
0
0
0
3.3
0
18.59
0
0
0
15.91
0.15
0
0
0
0
0
0
0
11.79
0
0
0
0
0
0
0
13.51
2.59
0
0
0
4.29
12.87
0.46
3.34
0
8
2.89
0
0
0
8.78
1.49
0
20.04
11.49
32.35
18.25
37.74
44.69
0.45
0
0
0
9.09
1.3
0.26
0
0
0
0
0
0
1.4
0
1.01
1.05
0.01
0.02
0.28
0.01
0
0
0
0
0
0
0
0
0.02
0
0
25.44
4.1
0
0
0
1.3
0
0.06
0
0
0
1.65
0.47
0
0.8
8.98
6.03
3.15
0.02
0.01
0
22.67
0.26
0
0
0
0.92
0
0
0
0.4
0
0
0
20.41
0.01
0
0
24.64
2.09
0.19
0
0
0
0.01
0
0
19.61
0.2
0
1.54
12.69
0
1.52
15.56
0.22
0
0
0
0.05
0
0
0
0
0
0
0.85
15.59
0.04
0
0
9.33
0
0.06
0.56
0
0
0
0
6.62
3.56
0
0.05
1.53
1.29
0
0.02
0.62
0
0.06
0
0
0
0
0
0
0
0
0
0
0
0
12.71
6.11
3.93
0
0
9.95
16.95
2.24
0
0
0.04
4.6
2.05
0
0
0.91
4.58
0.12
5.46
2.88
2.14
5.35
2.42
0.11
0
1.04
3.35
0.28
0.33
2.77
0.01
0
6.08
1.31
6.68
0.08
0
0
0.27
0
4.91
4.94
7.26
7.77
15.55
1.68
0.8
0
0
0
0
0
0
0.62
1.33
0
12.48
0.76
18.78
0
0
0
0
2.93
0
0.1
0
2.73
0.09
0
2.21
0
0
0.13
0.13
0
0
0
0
0
0
2.75
0
0
13.7
0
0
0
0
0
13.24
1.19
12.46
1.57
0
0
0
0
3.67
3.73
3.39
0.98
19.28
0.37
0.17
0.01
0.28
0
0
0
1.49
2.32
0
0.63
0
0
1.78
0.92
0
0
16.73
0.01
6.65
0
4.97
0.01
2.66
38.67
0
0
0
26.54
8.8
2.37
0
0
0
0
0
0
2.29
0.91
0.2
3.92
1.61
0.28
6.69
0.79
4.45
0
0
0
11.1
0.1
6.28
24.06
0
0.12
0
13.65
8.09
0
0
18.17
1.31
0
0
0
0
0
3.48
7.25
0.32
0
0
0
0.06
0
0
0
0
0.4
0.31
3.25
0
0
0
0.02
0
0
12.99
0
0
0
16.01
0
0
0
0
0
0
0
0
0
10.04
18.85
3.97
0
0
0
0
0.25
7.26
7.02
5.23
20.4
0
0
0
0
0
0
0
0
0
3.86
0
0
0
0
0
0
0
1.19
7.6
0.53
0
0
0
0
0
0
0.63
0.11
0
0
0
0.24
0.04
0
0
0
0
0
0
0
0
0
0
0
0
0
0
0
0
0.63
0
0
0.26
18.47
3.49
0
0
0.82
3.05
0
0
0.04
0
0
0
0
0
0
0
0
0
0
0
0
1.62
2.13
7.2
0.37
0
0
2.04
19.43
14.59
0.22
0
0
0
0
0
0
0
0
0
5.48
0.13
0
0.03
0
0
0
4.59
0.1
0
0
0
0
0
0.07
0
0
0.08
0
0
0
0
0
0.2
0
0
0
0.34
0
1.38
0.01
0.03
0.14
0.19
0.32
0
0
0
0
0
0
9.7
1.85
0
0
0
4.36
0.02
0
0
0
1.79
3.77
0
0
0.28
0
0
18.76
0
0.17
0
0
0
0
9.42
0.36
0
0
0
0
0
0
0
0
0
1.03
0.69
0
0
0
0
0
0
0
0.12
0
9.82
0
0
0
0.29
0.18
0
1.34
0
0.77
0
0
0
6.77
5.55
0
0
0
0
0
0.32
8.91
0
0
0
0
0
0
0
0
0.66
0
7.8
0
0
0.06
0
14.34
5.05
0.08
0.24
2.28
0
0
0
0
0
0
0
0
0.3
0
0
0
3.68
0
0.2
1.64
0
0
10.16
20.45
13.15
0.76
0
0.02
6.49
4.68
0
5.93
2.21
4.14
16.56
0.72
0
1.66
3.29
0.01
0
0.83
0.3
0
0
0.04
3.32
24.79
48.63
1.86
0
0.38
0.31
0
0
0.2
0
0
0
0
0
0.07
0
0
0
0
1.76
2.41
1.48
6.72
8.77
0
17.49
23.93
0
0
0
8.03
0
0
0
0
5.72
5.8
0
0
5.61
15.05
0.87
0.37
0
0
2.68
0.15
0
0
0
4.22
0.75
0
0
0.25
0
0
0
0
22.77
40.86
9.38
0.41
0
12.82
0
7.19
9.25
0
0
0
1.33
2.58
0
0
0
0
21.13
0
0
0.35
0
0
0
0
2.88
2.65
0
0.09
0.58
0
0
0
0
0
0.3
0
7.01
0
0
0
7.94
5.26
12.46
4.39
0
0
0
0
0
0
0.12
0
0
0
0
0
0
0.11
0
6.42
0
0
0.11
0
1.86
0
19.21
0
0
0.12
0.23
0.01
0
2.73
6.26
0
0
0
0
0
0.42
0
0
0
0
0
0
0
0
0
0
0
1.55
5.32
2.88
0.18
0
0.43
4.54
5.16
21.41
2.78
0
16.76
1.11
0.87
0.12
11.69
8.57
0
10.15
2.83
4.32
0.13
0.01
12.97
0
0
0
0
0
0
7.84
3.49
0
0
3.19
9.73
0
0
0
2.4
0
0
9.8
0
0
2.61
8.67
0
0
0
0
0
0
0
10.41
32.57
0.01
0
0.16
0
0.3
0
0
0
0
0
0
0
0.45
0
0
0
0
0
0
0
0
0
0
0
0
0.11
0.11
0.8
0
0
0
0
0
0
0
0.02
8.49
0
0
0
0
0
0.78
2.83
0
0
0
0
0
0.92
0
0
0
0.11
0
0
0
0
0
0
0
0
0
0
6.81
23.59
0
0
0
7.04
1.4
12.05
0
4.59
1.4
0
0
0
0
0
0
0.04
0
0
0
0.18
0
0
0
0
0
0.87
0.51
2.73
0.12
0
0
0
0
0
0
0
0
0
0
0
0
0
0
0
0
0
4.07
0
0
0
0
1.7
5.08
0
0
0
0
0
0.08
0
8.2
0
4.88
7.21
4.1
9.85
0
0.15
2.57
0
0
0
0
0
2.74
0.33
0
0
0.26
3.46
1.49
0.12
3.62
0
0
0
4.78
0.15
4.52
1.3
0
0.12
0
0
2.68
0
0.29
2.67
2.01
8.24
0
0.28
0.09
0.89
0.94
0
0
0
4.43
0.39
0.01
1.82
25.21
24.16
9.16
1.1
0
0
0.26
5.26
0
0
0
15.53
0
1.37
1.86
0.44
0
0
12.09
0
0
0
0
11.78
0
0
0
0
7.78
4.09
0
0.12
0
15.26
0.07
0
56.6
20.19
3.03
0
0
0.19
0
0
0
0.02
19.95
7.42
7.32
1.62
0
0
0
0
1.89
0
22.3
14.53
1.05
0.03
41.91
1.27
1.35
0
0
0.14
0.14
0.2
0
0
0
0
0
1.36
26.49
0.41
0
3.94
0
0
0
0
0
0
0
0
0
0
0
0
0
0
0
0
0
0
0
0
0.7
44.45
0.81
22.25
0.74
0.15
0
0
0
29.53
0
3.82
0.15
11.55
0
0
1.9
21.72
4.9
6.71
0.06
14.32
3.68
0.15
0
0
0
0
0
0
1.26
0
0
4.93
0
1.23
0
0
0.02
0
0
0.25
0
0
0
0.27
0
0.35
0
0.13
0
0.33
0.05
10.84
0
0
1.75
0
0
0
0
0
0
0.3
0
0
0
0
0
10.21
3.11
0.36
0.11
0.82
0
4.48
28.17
3.11
0.01
0.02
0
0
0
0.8
0.22
0.31
0.87
1.39
0.3
0.54
0
16.87
0.86
0
0.01
10.5
3.55
0
0
