19710101
0
6.07
3.15
0
0.53
0
0
0
0
0
0
0
0
0
0.14
10.7
0.15
0
0
1.5
2.01
0.94
0
0.15
0
0
2.51
0
0
0
0.9
0
0
0
0
0
0
0
0
0
0
0
0
0
12.18
1.38
1.81
0.59
0
0
0
0
0
0.42
0
0
1.27
0
0
0
0
0.73
0
1.44
6.02
1.15
0
2.71
0
0
0
0
0
0
0.98
5.44
0
0
0
0.7
22.88
0
0
0.4
6.86
0.07
0
2.62
0.69
0.51
2.81
2.39
0.48
5.64
0.05
0.14
0
0
0
0
0
0
0
0
0
0
2.82
0
0
0
0
0
0
0.49
0
2.59
0
7.97
0
16.85
0.03
2.57
7.16
0
0.65
1.54
0.21
0
0
0
0
0
0
0
0
0
0
0
0
0
0
0
0.65
0
0
0
0.66
0.06
0
2.65
10.98
1.75
5.6
0.3
0.41
0
0
2.7
6.96
0
0
0
0
0
0
1.1
3.72
3.39
0.83
0
0.12
0
0
0.19
2.99
0
8.18
1.09
8.24
0.5
0.79
0.02
0
0.67
0
0
0
0
0
0
0
0
0
31.15
0
2.18
1.17
21.13
22.51
0
0
0
0
0
0
0
0
0
0
0.56
0
4.99
0
0
0.48
0.1
0.99
0
0
6.5
0
0
0
7.93
0
0
0
0.67
0
0
0
0
0
0
1.9
0
0
0
15.23
0
0
0
9.62
0
0
0
0
0
0
0
0
0
0
6.18
7.38
0
0
3.01
0
0
0.23
0
0
0
0
0
0
0.02
0
0
13.33
0
0.26
0
0
0
0
0
0
0
0
0
0
0
0
0
17.51
0.86
0
0
0
0
0
0
0
0
0
0
0
0
0
0
0
0
2.98
1.57
0
0
0
0
0
0.32
0
1.65
7.8
0
0
0
0
0
0
0
18.46
0
1.72
23.33
5.77
0
0
0
0
8.8
2.79
3.38
4.97
11.95
1.36
0
0
0
0
0.1
0
0
0
0
0
0
0
0
0
0
0
8.12
0.66
0
0
0
0
0
0
0
0.14
0.98
0.13
9.08
0
9.74
6.26
0.19
0.28
2.32
0.06
0
0
0.08
0.11
0
0
0
0.05
3.49
1.32
0
0
0
0
0
0
0
0
0.5
8.55
6.94
2.98
0.04
0.14
0
0
0.06
0
0
0
0
1.54
0.5
0
24.74
2.11
1.79
0
0
0
0
0.41
0.12
0.39
3.44
0.4
0
2.32
1.2
1.77
5.57
1
0.05
3.44
4.71
0.7
1.19
2.19
0
1.45
0.13
0
4.36
1.89
0
0
0
0
0
0
0
0
0
0
0
0
0
0
6.71
5.33
0
0
0
1.81
0
0
0
18.38
0
0
0.3
0.02
0
1.37
4.99
8.35
2.04
0.35
9.51
0
0.06
0
9.98
4.86
0
0.45
0
0
0
0
3.39
0
0
0
0
8.18
0.11
0.04
5.81
0.69
0.57
4.08
19.82
5.39
3.63
8.3
7.12
5.48
3.05
0
3.86
15.19
0
2.6
0
0
0.66
1.24
0
36.91
3.21
0
0
15.81
6.67
7.22
0
0
0
0
0
1.5
0
0
0.32
1.26
2.67
0
0
4.79
18.19
5.31
0.74
0.75
0
0
12.5
0.19
0
0
0
0.15
0.34
7.53
0.08
0
0.09
3.83
0
17.68
2.01
0
0
16.19
15.25
30.13
45.05
39.28
14.85
4.17
0
2.01
0
2.96
0.05
12.28
4.15
1.06
7.28
19.48
0
0.35
20.51
9.49
3.19
0.26
4.26
3.13
7.39
0
0
0
0
0
0
0
0
0
0
0
23.21
0
2.55
29.4
5.08
1.46
0.65
0
0
1.23
0
0
5.73
0.31
0
0
0
0
0
0
0
0
0
0
13.51
2.73
0.04
0
0.17
0
7.71
3.67
2.79
2.09
0.19
0
3.19
0
0.17
0
0.37
0
0
0.6
0
0
0
0
0
0
0
0.38
0.23
6.01
0.43
0
0
0
0
0
0
0
0
0
0
0.63
0.6
1.26
2.91
0
0
0
0
1.31
0
0
0
0
0
0
0
0
0
0
0
0
0
20.04
0
0
5.82
13.34
0
0
36.54
0
8.88
0
4.09
12.24
0.85
0
0
0
0
0
2.38
3.18
0.12
0
0.07
0
0
0
0.04
8.97
0
0.07
0
0
0
0
0
0
0
0.3
0
0
0
0
0
0
0
0
0
0
0
0
0
0
0.68
0.57
0
0
0
0.1
0.1
0.22
0
0
0
0
0
17.39
0.02
3.65
0.15
1.23
0.03
1.22
10.87
4.99
0
0
0
0
0
0.58
1.59
5.82
3.28
0
0
0
0
0
0
0.04
12.17
0.28
0
0
3.57
0
0
0
0
0
0
0
0
0.24
1.44
0
0
0
0
0
0
0
0.16
0.11
0
11.82
0.33
2.42
0
0
0
2.31
3.55
0.94
0.33
0
0
0
0
0
0
0
0
0
0
0
0
0
0
0
0.58
4.54
5.11
0
0
0
0.44
0.78
0.2
0.85
0
7.24
2.13
9.03
0.87
0
3.17
6.97
14.78
5.59
2.65
0
0.02
13.42
3.77
0.81
0.18
0
0
0
0
0
0
0
0
0.06
0
0
0
0
7.14
0
0
0
8.88
0
0
0
0
0
0
0
2.86
3.47
4.29
0
0
0
0
0.19
0
0
0
2.01
1.27
0
19.22
14.46
0
0
0
0
0
0
6.14
0
0
0
0
0
0.24
4.46
21.36
5.53
16.31
0.09
0
0
0
18.73
0.06
0
0
0
0
6.42
18.04
5.46
0
0
0
0
8.82
6.81
0
0
0
0
5.44
7.07
0
0
17.32
0
14.33
0
1.03
0
0
0
0
0
0
10.3
9.87
0.66
0
0
0
2.4
0
0
1.11
0.15
0
0
0
0
0
0
0
6.43
0.38
0.11
0
0.16
0
0
0
13.35
12.72
0.27
0.26
0
0
0
0
0
0
0
0
0
17.16
0
0
0
0
0
0.09
2.11
6.39
3.86
0
0.5
2.54
1.86
44.21
18.94
1.46
3.59
0
0
0.52
0.25
0
0
0
0
0
0
0
0
0
0
1.96
0.01
0.33
0
26.15
1.09
10
0
0
0
0
1.77
0
0
0
0
0
0
0
0
0
0
0
0
0
29.47
0
0
0.09
0
0
0
1.2
0.15
2.1
0
0
0
0
0
0
0
0
0
8.99
5.35
0
0
0
0
0
0
0
0
0
0
0
18.57
0
0
0
0
0
0.78
0
0
0.74
0
0
0
0
0
0
0
1.58
0.18
0
0.07
0
0
7.21
12.22
2.88
0.02
0.51
0.77
4.78
0.47
0
1.09
0.82
0
0
0.04
0
8.08
1.1
4.06
5.31
5.08
0
0
0
0
0
0
0
0
0
0
0
3.08
1.02
0
1.09
5.48
0
22
0
0
0
0
0
0
0.02
4.99
0
0
0
0.15
0.42
0.09
0
0
1.9
1.28
0
0.21
0.03
0
0.41
0
0
8.13
13.2
9.25
0.31
1.97
0.62
0.61
0.04
0
0
0
0
0
0
0
0
0
0
0
0
0
0.4
0
0
3.84
0
0
0
0
0
0
0
0
0
0
0
0
0
0
2.69
0.08
0
0
0
0
0
0
0
1.7
1.98
0
0
7.27
15.83
0.24
2.61
3.46
2.03
30.6
0
0.12
5.56
12.01
1.24
1.16
0
0
4.57
0.93
0
0
12.1
0.49
0
0
0
0
1.46
0
7.3
0
7.46
3.17
0
0
0.04
0
0
2.24
2.14
0
0
0.3
0
7.19
6
0
5.58
9.72
0
0.07
4.62
0
9.88
0.72
0.62
1.33
0
0.23
3.54
0.73
0
0.44
0
0
0
0
33.17
0
7.27
0
6.91
0
0
10.36
0
0
3.16
0
0
0.21
0
0
0.15
0
1.98
6.19
0
0.54
0.17
0
0
4.45
5.14
0
0
0
0
0.03
0
0
0
0
0
7.84
0.58
0
0.89
7.06
19.05
8.01
0
0
0
0
0
0
0
0
0.12
34.44
8.6
11.96
1.4
17.67
17.04
9.55
5.03
0
0
0.66
5.79
0
0
5.28
0
0
0
0
0
0.35
0
0
0
0.15
0
0
0
0
0
9.29
0.71
7.71
1.27
30.64
3.81
2.68
0
0
9.16
6.45
1.43
20.34
0
19.72
5.94
2.5
0
9.78
1.61
0
0
22.88
0.32
0
9.56
0.54
0
0
0.12
35.49
10.85
0
0
0
0
2.02
0.11
4.24
0
0.01
1.87
0
0
0
2.74
4.69
7.17
0.1
0
0
0
0
0
0
0
0
0
0
0
3.45
0
0
0.07
0.39
0.12
15.33
0.64
0
6.92
0
0
0.19
0.27
0
0
0
4.66
0.06
2.75
0
0.25
7.04
0
0
0
0
0
0.07
0
0
0
0
0
0
0
0.13
0
0
2.23
0
0
0.21
0.39
0
0
0
0
0
0.15
2.4
0
0
0
0
0
0
0
0
0
0
0
0
0
0
0
0
0
0
3.92
0.08
0
0.23
0.03
0.54
0.48
1.09
0
0
0
0
0
0
0
0
0
0.11
7.73
0.16
0
0
0
3.44
0.44
0
0
0
0
0
0
0
0
0
0
0
0
0
0
0
0
0
0
0
8.43
2.29
8
0
3.43
2.99
5.6
2.34
18.85
0.39
0.03
0.01
0
0
0
0
8.54
5.82
0.42
0.42
0
1.97
0.08
0
0.36
0
0
0
0
16.48
0
0
0
0
1.31
10.18
0
0
0
0
0.29
0
0
0.11
0
0
0
0
0
0
0
0
0
0
0
0.02
1.66
0.39
1.83
0
0
1.75
0
6.26
0
0
0
0
0
1.74
0
3.62
4.27
8.49
0.23
0
6.85
0.78
0
1.63
0.62
5.26
2.26
0.23
0
0
0
0
4.98
7.74
1.55
0
0
1.94
0
0.56
1.53
8.71
6.97
3.92
3.77
1.94
0
0
24.38
2.37
0
0
3.21
11.03
20.5
38.19
2.66
0
0
0
0
0
0
0
8.11
0.09
38.58
0.09
0.31
10.42
0.6
3.48
1.71
18
0
0
0
1.03
3.33
2.46
0.04
0
0
0.15
0.45
1.42
6.43
6.39
0
1.76
0.57
0
9.13
1.72
0
0
0
3.09
1.21
0
0
0
1.43
9.65
0
0
0
0
1.32
22.54
3.22
0
1.48
1.38
3.11
7.51
0.09
1.62
3.17
0
0
10.16
0
1.79
0
0
0
5.56
8.77
0
0
0
0
0
0
0
0
0
0
0
0
0
0.09
0
0
0
0
1.79
0.02
3.36
0
0
0
0.96
0
0
0
0.02
14.01
16.32
1.16
0
12.45
14.46
2.57
0.15
0.5
0
0
0
0
0
0
0
0
0
0
0.08
0.33
0.07
0.07
0
0
0
0
0
5.62
0.1
0.02
0
1.35
1.6
0
0.04
8.74
9.1
0
1.8
0
0
0
0
0
0
0
0
0
0.04
3.38
0
0
0
0
0
0
0
0
0
0
0
0
0
0.36
3.94
25.58
0
0
0
0
0
0
0
0
0.54
0.11
0
0
0.07
0.04
0
0
0
0
0
0.74
0
0
0
0
0.06
0
0
0.05
1.19
0
0.72
0.99
0
0
0
0
0.51
0
0
0.1
0
0.45
0.01
1.22
6
0
0.1
0
0
0
0
0
0
0
0.51
3.74
0.83
0.37
7.24
1.99
0.49
0.1
0.02
0
0
0
0
0
0
0
0
0
0
0
0
0
0
0
0
0
0
14.48
7.67
0
0
0
0
0
0.23
2
0
0
0.42
1.55
0
0
0
0
0
0
0
0
0
0
0
0
0
0
0
0
0
7.53
0
0
0
0
0
0
0
0.08
2.56
0
0
0
0
0.04
4.23
5.66
13.39
1.59
52.98
0.17
0.4
0
0
0
0
0
1.13
0
0
0
0
0
0
0
0.5
19.71
0
0
0
0
0
0
13.14
27.38
3.47
6.9
0
0
0.5
4.61
0.07
0
10.14
4.57
0.32
10.15
0.21
0
0
0
0
0
0
0
0.2
0
8.04
0
0
5.27
0
0
0
0
0.18
0.26
0
0
0
0
0.72
0
0.26
0
0
0
0
0
1.64
0
0
0
0.11
0
0
0
4.5
2.95
3.39
0
0
0
0
35.68
24.62
0.76
2.26
0.32
0.11
3.4
5.88
0.03
0
0
2.82
9.31
0
0
0.46
3.18
0
3.51
0
0
2.33
0.06
3.29
0.08
0
0
10.67
7.54
0
0
0.02
6.1
2.07
0.83
0
0
0
0
0
0.44
4.4
0.02
11.03
0
8.47
17.95
0
0
0
0
0
8.57
0.03
0
0
6.43
9.8
5.14
1.31
0.79
0
0.06
0
0.44
0
0
0
0
0
0
1.48
3.55
0
0
0.62
0.78
3.02
0
0
0
0
0
0
0
1.07
0.33
7.48
11.4
7.76
0.82
0.38
0
0
0
0
0
0
0.08
0
0.51
0
15.1
0
0.04
0
6.22
2.66
0.04
0.5
2.82
0
0
0
13.97
6.44
14.04
9.06
1.19
0.12
0.35
0
0
5.36
5.14
0.57
0
1.61
2.17
0
0
0
0
0
2.54
16.84
12.36
4.12
0.27
0.22
7.76
0
5.45
18.04
0
0.46
0.02
0
0
0
0.09
0.62
0.56
0.02
0.43
0.04
0
0
0
0
0
10.18
3.53
0
0
0.32
7.68
11.01
1.79
0
0.04
0.55
0.12
1.58
0
0
4.04
8.57
5.22
6.47
0
0.14
0
0.16
0.07
0
0
0.04
0
0
9.88
1.63
0.04
6.05
0
6.57
0.94
0.2
0
0
0
18.37
0
0
0
2.1
2.18
7.75
0.48
0
0
0
0
0
0
0
5.19
6.02
0.03
0
0
3.74
0
0
0
0.6
0.06
0
0
0
0
0
0
0
0
7.85
7.34
0.62
0
0
0
0
0
0
0.09
0
0
0
0
0
0
11.53
0.59
16.96
0
0
0
0.73
7.04
1.1
0
4.43
23.43
6.76
0
0
2.9
0.92
4.69
0
0
0
0
0
0
0
0
0
6.66
0
0
0.11
0
0
0
0
0
0
0.06
0
0
0.78
0
0
0
0
0
2.06
4
0.65
6.34
0.13
3.79
0
0
0
0
3.67
0
0
0
0
0
0
0.2
3.81
0
0
0
0.07
0.03
0
0
0
0
0
0
0
0
0
13.94
0.26
0
0
8.8
0
20.01
0
0
0
0
9.75
0.14
0
1.12
7.8
0
0
0
0.06
0.6
0
0
0
9.73
4.8
0
0
0
17.42
12.53
0
0
0
0
0
11.38
0
0
0
6.58
6.25
0
0
0
0
10.2
1.38
0.51
0
0
0
0
0
0
0.85
11.45
0.11
4.52
1.46
0.49
0
0
0
7.54
8.84
0.57
30.88
0.42
6.29
0
0
0
0
7.75
0.04
0.09
0
0
0
0
0
0
0
0
0
15.04
0
0
0
5.37
0
0
0
3.68
5.55
4.53
0.93
0.28
0
0
0
0
0
0
0
0
0
7.17
0
0
0
0
0
0
0
0
1.62
1.15
0
0
0
0
0
0
0
0
0
0
0
0
0
0
0
0
0
0.59
0
0
0
0.28
0
0
1.39
0
0
0
0
0
0
0
36.82
0.24
1.07
0
0
0
0
0
0.41
0.01
0
0
0
7.79
0.36
0
0
1.95
0
0
0
0
0
15
3.56
0.31
4.3
3.68
0
0
0
0
1.31
0
0
0
0
0
0
0
0
2.95
0
0
1.36
2.35
0
0.03
1.52
0
0
0
0
0.51
0.36
0.5
0
0
0
0
1.24
0.26
0
0
1.76
5.48
0
0
0
0
0
0
2.36
0
0
0
0
2.76
0
0
0.48
1.45
1.05
0.03
0
0
0.46
0
0
4.95
7.85
0
0
0
0
0
0.21
0
14.4
0.04
0
0
0
0
0.1
5.62
1.32
0
0
0
0
0
7.07
1.82
0
0.04
0.12
0
0
0
0.27
0
0.05
0
0.56
0
0
1.9
0
0
14.56
6.73
0
3.74
0
0
0
0
0
0
3.27
1.6
0
0.02
0
0
0
0
0
4.41
17.58
15.71
1.06
7.93
0.25
0
0
0
0
0
0
0
0
0
0.15
0.85
0.24
0
0
5.72
1.8
0
0
1.53
11.99
1.42
6.24
0.11
0.81
0
0
18.24
3.08
0.9
1.39
0.64
1.78
8.39
0.85
1.17
24.32
0
0.22
0.01
0
0.17
2.22
7.8
0.59
0
0
0
0
0
0
0.09
0
34.41
0
21.31
5.41
9.93
2.34
0.15
0
0.3
0.98
2.39
0
0
1.06
0
0
5.17
8.33
0
0
0
0
0
0
1.36
0
0
14.5
2.59
1.51
0.72
7.9
6.15
1.03
8.64
0.95
0.2
0.97
0
0
28.54
13.36
2.66
10.71
0
0
0
0
0
0
0
0
0.24
0
0
0
0.71
0.06
0.45
0
0.08
0.18
11.72
2.61
0.52
1.2
0.1
0
0
0
10.35
4.12
0
0
0
0
0
0.09
0
1.12
0.9
0
0
9.11
0
0.18
0.63
0.44
0
0
0
3
0.19
0.09
0
2.42
4.64
0
0
0
0
0
0.39
0.4
0
0
0.92
0.07
0
0
0
11.55
0.81
0.27
24.08
13.97
3.49
1.73
2.09
0
0
0
0
0
0
0
0
0
0
0
0
0
0
0.25
0
0
0
0
0
0.5
0.96
0
0
0
0
0
0
0
0.04
0
0
0
0
0
0
0
0
0
0
0
0
0
0
0
0
0
0
0
0
0
0.17
14.02
11.46
0.04
0
0
0
0
0
0
0
0
0
0.91
0.72
0
0.02
0
1.38
0.08
0
3.44
1.26
0.42
12.01
0
0
0.45
1.18
0
0.09
0
0.04
5.69
4.03
0
0.31
3.32
0
0
0
0
0
0
0
15.43
7.51
10.23
0
0
0
0.08
4.04
0.08
0
0
0
0.47
0
0.2
7.47
0
0.06
0.16
1.34
18.64
0.33
0
0
0
0.28
0
0
0
0
0
8.52
9.15
2.43
1
0
4.5
8.26
7.23
11.13
5.33
0
0
0
0
0
0
0.11
0.02
0.7
0.77
0
0
0
0
0
0
2.73
3.14
0
0
0
0.35
0
0
0
1.9
1.24
0
0
0
1.47
16.81
0.14
0.02
0
0.49
3.94
0.86
6.28
0.27
2
0
0
1.04
2.07
9.28
8.03
0
0
0
0
0
0
0
0
0
0
0
0
0
0
0.06
0
0
7.18
8.27
10.27
4.08
9.32
0.21
1.99
4.42
14.19
3.79
0
4.58
0
0
0
0
0
0.59
0
0
0
0
0
0
0
0
0
0
0
0
0
0
0
0
0
0
0
0
0
0
0
0.33
0
0.03
0.04
2.69
7.66
2.26
7.24
2.97
15.39
20.48
0.58
32.08
1.21
21.58
9.45
17.68
2.83
0
0.43
0
0.02
0.05
0
7.28
0
10.22
1.81
5.13
11.14
0
0
0
0.34
5.13
1.08
0
0
5.38
20.1
1.11
0
0.45
5.22
0
0.13
17.32
7.35
13.94
0
0.21
0
10.25
4.12
1.79
0.13
7.35
0
0
0
10.42
19.39
0
0
0
2.7
2.08
5.99
0.31
0.33
0
0
0
0
0
0
28.58
3.42
0
0
0
7
1
2.07
0.38
1.07
0.52
0
0
0
0
1.23
5.34
0
0
0
0
0
0
0
0
0
0
0
0
0
0
0
0
0
0.33
5.58
15.13
0.51
0
0
2.42
2.73
0
0
0
0
0
0.69
11.89
0
0
0
0
0
0.06
1.17
0
0.93
0
4.38
1.74
0
0
0
0
0
0
0
0
0
5.39
0.73
9.5
0
0
0
0
0
2.95
0
0
0
15.89
21.35
0.79
0
0
1.11
23.61
4.11
8.55
9.5
13.85
0.24
0
0
0
0
0
0.15
0.23
1.19
0.21
0
0
0
0
0
0
0
0
0
0.15
0
8.63
0
0
3.15
6.59
0
0
0
10.55
4.23
0.94
4.9
3.2
3.09
0.17
0
0
13.51
1.11
0
0
0
0
0
0
4.36
3.25
0.72
0
0
0
0.83
0
0
0
5.46
5.71
0.94
0
0
0.06
0
0
6.06
0
0
0
1.33
0
0
0
0
5.72
0
0
0
4.91
0
1.25
0
0
0
2.14
0
0
0
0
0
0.23
0.02
0
0
0
0
0
0
0
0
0
0
0
0
0
0
0.11
0
0
4.36
1.71
0
0
0.08
0.36
0
1.33
2.31
0
0
0
0
4.87
2.18
0
4.7
1.3
0
0.93
0
0
1.71
0
0
0.29
11.52
2.87
0
0
0.02
0.97
0.79
0
0.08
0
0
0
0
0
0
0
2.86
6.27
2.47
10.78
8.95
0
0.07
3.03
0
0.09
0
0
0
0.66
1.91
0.76
9
13.17
0.75
0
0
12.49
5.77
0
0
0
0
0
0
0
3.31
1.65
0.31
0.64
0.12
0
0
0
0
1.27
0.82
0.27
1.62
2.92
4.89
0
0
0.44
0.46
0.27
3.98
0
2.1
0.11
0.04
0
0
0
5.14
0
7.35
6.34
0
13.98
2.63
1.25
6.73
0
5.31
0.06
18.01
0.33
17.95
0.41
15.66
1.28
3.22
0.06
0
2.71
0.83
0
8.9
1.26
0.82
0
1.46
0
0
10.4
0.34
0
0
0.88
23.28
0
0
0
0
0
4.94
0.28
0
6.04
0
0
0
0
14.44
0
0
0
1.57
3.91
7.8
0
16.61
1.43
0
0
0
0
0
1.51
0.37
0.06
0.19
8.15
0.13
0
0
0
0.08
0
29.54
15.85
1.36
0
0
0
0
0.08
2.79
8.56
4.14
5.66
0
0
3.18
0
0
0
0
0
0
0
0
0
0.1
0
0
4.18
0
0
0
0.17
0
0
0
0
0
0
2.11
40.09
11.27
4.09
4.19
14.67
0.82
0
0.22
0
8.92
2.55
0.24
0
0
0
0
0
23.71
0
0
0
0.04
0
0
0
4.76
9.08
11.26
16.11
3.86
3.94
0.04
3.52
0
0
14.71
2.12
0
0
0
0
2.27
0
0
0
0
0
0
0
15.78
8.24
2.94
4.94
4.81
0.84
0.02
0.06
0
0
1.94
0
0.04
0
0
0
0
0
0
3.98
4.1
0
3.18
8.27
1.14
0.42
0
0.09
0
0
1.28
0.21
0
0
0
0
0
0
0
4.68
0
0
0
0
0
0
0
0
5.99
0.01
0.16
0
0
0
0
0
0
0.06
0
0
0
0.48
0
0
0
0
0
0
0
0
0.81
0
0
0
0
0
2.85
5.5
0
0
0
0
0
0
0.78
0.37
0.15
6.97
6.74
0.43
1.23
0
0
0
0
0.95
7.41
1.95
0.97
0
0
0
0.39
0
0.39
0.38
1.81
6.1
0
0.27
2.73
0.34
3.48
0
0
0
0
1.76
0.56
0
2.72
0
0
0
0
0
0
0
0
0
0.6
0
0
0.44
0.19
0
0
0
0
0
0
0
0
0
0
0.06
0
0
0
9.73
0.11
5.96
0.76
0.35
0.04
0
13.21
5.72
6.05
13.64
0
0
0
0
0
0
21.46
0.14
0
0
1.38
0
0
0
0.76
0.2
0
12.12
5.15
0.24
0
0
0.23
10.08
2.09
0
0
0
0
0
0
8.34
0.15
1.69
7
0
2.83
0
1.81
0
0
0
42.65
48.25
22.03
0
0
4.26
0.96
18.65
0.98
0
11.85
0
0
0
0
0
0
3.96
0.55
0
0
0
0
0
0
0.08
0.51
0.7
1.17
0.07
0
0
0
13.38
0
0.18
0
0
2.55
11.87
0
0.13
0
0
0
0
0
0
0.13
1.49
0
0
0.02
0
0
0.49
0
0
0
0
0
0
4.8
0
0
2
15.69
0
8
1.96
0
0
0.52
5.14
0
0
0
7.1
0
0
0
0
0
0
0
10.93
1.4
0
0
12.74
5.3
0.96
1.26
0.36
0
0.18
0
0
0
18.48
22.19
0
0
0.52
10.28
2.63
2.75
0.15
8.05
0.26
0
0
0.02
0.73
0
0
2.19
8.72
0.06
0
0
0
0.12
0
0.2
0.01
0
3.1
7.22
0
0
0
0.27
7
0
0
0
0
0
0
0
0
1.87
0
0.12
0
0
0
0.23
0
0.96
0.29
0
0
0
0.1
0.01
0
0
0
0
0.46
1.05
1.12
4.53
1.99
0.28
0.79
4.42
0
0
0
0
0.26
1.83
5.86
5.42
0.81
6.55
6.04
0
0
0.5
3.42
0
17.33
21.62
0
0
6.32
5.31
6.24
0.09
0
0
0
3.52
0
0.23
18.31
0.51
0
0
0
0
0
0
0.78
4.47
0.19
0
0
0
0
0
0
0
0
0
0
0
0
0
0
0
3.15
0
0
0.21
0
0
0
0
0
0
0
0
0.7
0
0
0
0
0
0
0
0
0
0.15
0
0
0.37
6.85
0.3
0.17
2.97
0.06
0
0
0.16
2.32
0
0
0
0.1
1.07
0
0
0
0.42
0
0
0
0
0
0
3.82
0.35
0
0
0
0
0
0
0
0
0
0.07
16.71
1.18
0.11
0
1.34
0
0
0
0
1.14
0
0
0.1
6.32
1.89
0.64
0
0
0
0
0.04
0
0.02
0.96
0
0
0
0
0.38
0.33
0
0
0
0
0
0
0
0
2.55
6.91
3.14
19.4
10.08
0
0
0
0
0
0
0
0.92
2.52
13.88
0.8
4.55
24.18
0
0
0
3.04
2.22
0
0
0
0
0.24
0
0
0
2.5
0
0
7.16
2
12.73
15.43
0
0.23
1.26
0
1.1
0.86
0
17.87
0
0.94
0
0
0
22.25
0
9.51
2.61
0
0
0
11.42
0
3.01
2.66
0
0
0
1.13
29.94
0
0
0.02
0.6
0
3.22
0.82
0
0
14.48
9.88
12.93
3.01
9.26
0
0
0
0
22.84
0
0
0.86
18.89
0
0.14
19.95
17.52
7.48
0.9
0
0
0.1
3.97
0.04
4.67
34.34
0
0.82
18.57
2.34
0
0
0.37
0
0
0
7.19
3.39
0
0
0
0
0
0
0
0
35.28
3.59
2.73
0
0
0
0
0
0
0
0
0
0
0
0
0
15.95
0
0
0
0
0
0
0
28.43
0.76
0
1.43
11.35
18.14
5.02
2.53
6.94
0.54
0.93
11.57
0
17.29
5.07
0
0
0
0.67
0.04
0
0
0.19
1.53
0.25
0.12
0
0
0
0
0
0.03
0.19
0.17
0
0
0
0
0
0.37
0
0
0
18.53
15.26
0
2.79
0.12
0
0.3
0
0
0
0
0
0
0
0
0.02
1.44
3.48
3.75
0.05
0
0
0
0
0
0.71
1.94
24.39
0.04
0.27
0
0
1.47
0
0
26.59
0.47
0
16.39
19.73
3.41
3.7
0.25
0
0
0
0
0.27
0
0
0
0
0
1.61
0
0
0
0
0
0
0
0
1.92
0.45
9.63
0
0
0
0
0
0
0
0
0
0
0.05
0
0
5.46
0
0.05
0
0
0
0
12.52
7.95
0.86
3
14.07
13.61
0
0.29
5.48
0
0
0
0
0
0
0
0
0
0
0
0
2.14
0
0
0.2
0
0
0
0
0
0
0
0
0
0
0
0
0
0
0
0.14
0.28
0.52
0
17.18
0
8.8
12.74
4.79
0
0
12.12
0.12
0
0.65
0.71
6.06
0.07
1.35
0.33
1.55
0
0
0
0
0.21
0
0
0.68
0.59
0
0
0
0
0.84
10.92
0
0
0
0
0
0
0
0
0.52
0.25
0.55
2.07
0.22
0
0.8
30.36
2.38
0
0.18
0
0
0
0
0
0
0
0
0
0
2.29
1.92
21.53
7.75
2.27
3.01
0
0
0
0
0
2.28
0
0
3.56
2.29
0
0
0.15
4.98
1.04
0
0
0.43
1.13
0.79
0
0
22.44
1.83
0
7.94
0
0
0
0.18
1.12
4.24
0
0
1
0
0
0
0
0
2.5
2.56
0
0
4.9
1.14
4.42
0.35
0
0
0
0
25.92
3.14
0
0
0.06
1.35
0
0
0
0.08
3.8
0
0
0.04
26.44
10.64
0
5.5
0
5.17
0
0
0
0
0
0.16
0
0
0
0
0
0
0
0
0
0
0.23
0.79
0
0
0
24.15
0
0
0
0
27.6
0
0.12
6.21
0.45
0
0
0
8.66
2.39
0
0
0
20.69
5.78
0
0
0
0
0.09
0
0.99
1.27
0
0
0
0
0
0
0
0
0
0
0
0
0
0.49
0
35.36
0
0
0
0
0.31
37.76
0
0
0
0.3
0
0
0
0
0
0
0
0
0
0
0
0
0
0
0
0
0
0
0
0.22
0.06
0
0
0
0
0
0
0
0
0
0
0
0
0
0
0.7
24.58
0
0
0
0
0
0
0
0
0
0
0
0
0.13
0
0
0
0
0.05
0
0.83
0.2
4.69
6.8
0.91
1.72
0.38
0.03
0
3.45
0
0
0
0
0
0
0
13.33
4.95
0
0
0
8.9
0
0
0
0
0
2.04
2.99
0
3.29
0.06
3.93
2.58
9.95
0.25
3.66
18.72
0.36
0
0
4.32
5.86
0
0.06
0.43
0
2.14
0
2.91
2.4
0
1.74
0
0
0
0
0.37
0.33
0.17
0.06
0
1.39
2.1
0
0
4.02
21.2
2.13
4.17
2.94
0
0
0
9.49
2.27
1.41
0.12
0
0
0
0
0
0
0.24
0
0
0
0
0
0
0
0
0
0
0
0
0
0.18
1.61
0
0
9.52
8.44
0
0
4.3
6.57
0.09
0
0.03
0.28
0.17
3.97
0
0
9.29
2.47
0
0
1.59
0
0
0
0
0
0.24
0.59
0
0
0
0
0
0
5.54
0
0
0
0
0
0
5.25
8.82
1.14
9.72
0.5
0.01
4.41
2.02
0
1.56
0
0
0
20.42
1.44
0.67
3.32
0.65
1.12
0.98
9.13
6.19
3.06
0.85
0
0.02
0
0
0
0
0
1.18
0.24
0
2.52
1.96
0
0
1.7
4.58
0
2.88
0
0.2
0.87
0
2.21
13.74
1.75
0.67
1.46
0
2.59
24.7
2.04
0
21.06
9.7
0.06
0.34
2.29
1.8
0
0
0
0
0
0
0
19.5
4.93
0.12
0
0.59
1.54
1.71
0
4.03
0.15
0
7.82
0.45
0.91
0
0
0
8.75
0
0
0
0
23.53
4.03
0
4.08
0.29
0.13
0.83
0
0
0
0.34
0
0
0
0
0
0
0
0
0
0.02
0
0
0
0
0
0
0
0
0
0
16.04
0.54
6.37
0.09
13.84
0
0
0
0
2.08
7.32
0
0
0
1.49
6.2
7.35
21.66
4.08
32.11
0.9
0
0
0
0.11
0.05
3.96
6.05
0
9.11
0
0.47
0
0
0
0
0.33
0
0
0
0
0
0
0
2.49
1.89
0
0
0
0
3.68
1.81
1.18
0
0
0
0
0
0
0
0
0
0
0
0
0
0
0
0
0.14
7
4.5
17.32
2.9
12.09
0.44
0
0
0
0
0
0.32
0
0
0
0
0
0
0
0
0
0
0.09
0.04
0
0
0
0
0
0
0.18
0.27
9.28
0.04
1.07
0
0
0
0
2.11
8.06
5.37
0
0
0.29
1.77
0
0
0.05
0
0
0.92
0
0
0.17
0
0
0
0.05
0.93
1.21
0.88
0
0
0
0
0
0
0
0
15.01
0
0
0
0
0
0.36
0.45
0
0
0
0
0
0
1.52
3.67
12.17
5.98
0
0
0
0
0
0
0
0
0
0
0
0
0
2.31
0
0
0
0
0.14
6.63
2.03
0
0
0
0
0.09
0
1.34
10.03
0
0
0.32
1.43
0.18
22.27
6.02
18.35
0
3.58
3.5
3.83
0.23
0
0
12.39
1.19
0
0
0
0
1.7
0
0
0
1.73
0.69
3.04
0
9.3
0.56
4.67
0
5.41
1.39
0
2.22
1.76
0
0
0
0
1.86
2.85
0
0.27
4.01
13.16
0
0
0
24.73
0.62
0
3.54
7.28
15.66
0
0
0
0
0
0
0
0
25.25
2.04
0
6.86
0.21
9.51
5.37
1.46
0
0
0
0
0
0.07
0
0.72
0.02
3.87
0.01
0
0
4.52
6.39
18.57
3.5
2.63
3.91
0
7.8
2.79
3.09
1.95
10.91
0
0
5.68
0.44
3.28
5.67
0
0.03
15.22
0.9
3
0
2.08
22.14
4.61
0
0
0
0
0
3.14
0.35
8.86
0
0
0
0
0
0
8.05
0
0
2.9
1.56
0
0
0
0
0
5.74
0
0
0
9.25
0.6
1.39
0.76
15.72
0
24.54
0.53
0.66
0
0
0
0
0
0
0
0
5.67
6.65
1.54
0
0
0
0
0
0
9.72
0
0.42
0
0
0
5.47
0
29
0.26
0
0.22
0
0.68
1.58
0
0
0
0
0
0
0
0
0
0
0
0
0
0
0
2
0
0
0
0
0
0
0
0
0
0
0
0
0
2.23
0
0
0.17
0
1.84
0.03
0
0
0
0
0
0
1.15
0
0
0
0
0
0
0.04
0
5.47
15.28
0.02
0
0
12.54
0.46
0
0
0
21
4.62
8.44
11.79
0.81
0
0
0
14.04
5.11
18.13
4.29
1.34
6.87
1.48
0.21
0
0
0
0
0
0
0
0
0
0
0
0
0
0
0
15.73
9.72
0.04
0.15
0
0
0
0.12
0.18
0.33
0
0
0
0
1.09
13.49
0.48
0
35.31
1.5
6.38
0
7.09
0.82
3.41
0
0
0
0
0
0
5.71
0
0
0.53
0
0
0
0
0
0
0
0.05
0
26.13
0
0.08
0
0
0
0.86
3.58
7.12
1.47
0.09
0
0
0.06
0.4
8.46
26.3
11.26
0.5
0
0
0
1.71
10.05
1.12
0
0
0
0
0
1.46
0.05
0
0
0
1.89
5.03
1.18
10.54
1.71
0
0
1.36
0.09
2.83
0
0
1.33
5.59
3.72
0.1
0
0
0
0
0.1
0.26
0.04
0
0
22.58
0
0
0
0
6.13
0
0.38
0
0
0
0
0
0
0
5.57
0.83
0.87
3.26
3.68
0
0
5.07
0
5.34
2.96
0.3
0
0
0
0
0
0
0
17.41
14.04
0.26
0.18
0
0
0
0
0
0
10.74
0
0
0.13
0
0
0
0
1.42
6.52
0
3.63
0.91
0.03
0
0
6.13
0
0
0
0
42.21
0.49
0
0.49
0.57
5.56
37.23
6.75
6.07
0
0
0
0
0
1.77
20.74
0
3.96
0.72
0
4.63
15.2
0.69
0
7.78
0.11
0
0
0
0
0.12
6.29
0
0
1.33
0
0
0
1.58
9.63
0.2
0
0
18.06
0
0
0
0
0
0
0
0
0
0
0
0
32.8
0
0
0
0
0
7.86
0
4.56
0
0
0
3.17
0
0
9.41
0
0.06
0
0.03
0
0
0
0
0
0.2
6.38
1.24
0
0
17.37
29.71
0
0
0.48
27.48
0.06
0
0
0
0
2.27
0.34
0
0
0
0
12.12
7.86
0
0
0
0
0
0
0
13.55
0
0
0
0
0
0
0
1.66
0
0
0
0
0
0
0
0
0
0
0
0
0
0
0
0
0
0
0
0
0
0
8.87
0.18
0
0.26
34.12
0
0.24
11.06
1.77
0
0
0
0
0
0.4
0
0
0
0
0
0
0
0
0
0
0
0
0
0
0
0
0
0
1.88
1.13
23.86
1.63
1.16
0
0
0
0
0
0
0
0
0
0
0
0
0
0.11
0
0
0
0
12.52
5.32
0.43
0
0
12.66
0
0
0.22
0
0
0
0
0
0
0
0
0
0.93
8.21
0
0
0
0
0
0
0
11.56
14.7
0
0.3
18.92
0.42
0
6.79
7.53
0.14
0
0
0
0.14
0
0
0
0
0
0
0
0
0
0
0
0
0
0
0.32
0
0
0
0
1.58
0.36
0.94
0
4.49
6.56
1.92
19.1
11.08
0
0
0
0
0
0
0.02
0.36
2.11
7.73
0
0
0
0
0.12
0
0
0.55
0
0
0
0
0
0
0
0
21.58
6.44
0
0
0
0
0
0.61
0.01
25.83
1.65
0.84
15.23
3.53
5.74
0
0.09
0
0
0
0.57
1.07
19.64
7.34
0.19
0
0
0
0
0
0
0.03
20.35
1.24
0
0
0
0
0.14
0
0
0
0
0
1.11
3.98
9.07
15.45
10.28
0
0.03
0
0.2
7.59
1.79
15.6
1.17
0.16
12.51
0.04
0.1
0
1.74
0.13
1.25
3.92
0
0
0
15.06
5.64
0
0.11
0
0
0
1.21
9.88
3
0
0
0
2.51
0
0
0
0
0
0.98
23.93
2.29
0.82
0
3.51
9.42
6.85
0
7.73
0.61
0
0
0
0
0
0
0
0
0.04
0
0
0
0
12.96
0
0
0
1.24
0
3.75
5.28
0
0
0
0
0
0
0
0
40.08
25.89
0.15
4.32
0
1.28
4.92
1.98
0.82
13.6
66.68
5.09
0
8.06
0.11
5.78
2.18
2.46
1.31
2.39
0
2.87
0.26
0
10.93
1.55
0
0
0
0
0
12.54
0
0
1.25
0
0
0
0
0
0
0
0
24.62
0
0.22
0
0
0
0
0
0
0
0
0
0
0.01
0
0
0
0
14.57
0
18.44
16.79
0
0
0
0
0
0
0
0
0.06
0
3.89
0.02
0
5.46
0
6.02
0
0
0
0.01
6.08
0
0
0
0.47
3.08
0.12
2.64
6.63
0
0
0.06
0.07
0
1.14
5.31
0
0
0
0
0
0
0
4.93
0.21
0.1
16.34
22.99
1.14
0.7
5.19
0
0.96
0.22
0
0
2.93
4.86
0.8
2.02
5.83
2.57
9.8
7.26
0
0.33
0
0
1.2
2.88
0.76
0
0
0
0
0
0
1.75
0
0.05
2.93
2.67
2.59
1.2
0
0
0
0
0
0
0
0
0
0
0
0
0
0
0
0
0
5.26
0
0
0
0
0
0
0
0
0.1
0
0.04
0.14
0
3.88
3.03
0
0
24.35
1.5
0
0
3.29
12
0.06
0
6.02
0
0
0
0
11.03
2.45
2.36
10.64
0.08
17.29
0
0
0
0
0
0
0.04
2.48
0
0
2.79
8.32
0.71
3.26
4.95
0
0
0
0
0
0
17.49
0
0
0
0
0
0.52
0.61
0.06
0
0
0.39
0
0.46
0
0
0
15.08
0.9
2.56
0.5
6.38
0
0.04
0
0.73
4.29
0
0
0
0
1.92
0.04
1.05
1.81
3
3.74
0
1.4
1.07
0
0
0
0
0
0
0.09
2.93
0
9.18
0
0
0
0
2.4
1.25
0.09
0
0
0
9.07
2.33
2.25
0
0
0
0
0
0
0.98
0.63
2.92
0
0
0
0.2
20.02
0.04
0
0
0
0
2.12
9.94
0.69
0
0
6.73
13.13
0
0
0
13.48
0.42
0.82
0
0
0.12
0.6
0.05
0
0
10.09
1.89
0
0
1.4
2.52
0.08
0.13
7.71
0
0
0.66
0
0
5.55
0
0.01
14.71
0.89
0
0
0
0
6.35
2.14
0
0
10.37
0
21.04
3.82
1.9
0.61
4.46
1.39
0
0.32
0
0
0
0
0
11.33
0
16.19
0
0
0
0
1.17
10.22
0
0
0
0
0
0
0
0
0
0
0.03
3.45
0
0
0
2.12
40.77
6.89
1.37
0
11.04
0
0
0
6.31
0
0
0
26.37
0
0
0.76
0.37
0
0
0
0
0
2.57
32.76
5.4
5.23
0
0
0
0
0
0
0
0
0
0
0
0
0
0
0
0
0
0
0
2.39
13.41
39.13
1.54
0
0
0
0
0.33
0
0
0
0
0
0.38
19.39
12.11
0
0
0.67
2.31
0
0
0
0.25
0
0
0
2.57
0
0
0
0
0
0
0
0
0
0
2.18
1.25
0
0.04
0
0
0
0
12.15
0
0
0
0.15
0
0
0
0
1.99
0.19
12.73
0.64
1.88
3.27
0
0.76
0
0
0.04
0
0.07
0
0.41
0.95
0
0
0
0
0.2
0
0
0.02
0
0
0
0
0
0
0
0
0.29
0
0
0
0
0
3.12
0.27
0
0.01
0
0.09
0
0
0
0
0
0
0
0
0
0
0
0
0
0
0
0
0
0
0
0
0
0.31
0.16
0
0
0
0
0
0
0
0
0.14
1.05
0
0
0
0.38
0
0
1.22
0.12
0
4.58
3.08
2.16
0
4.8
0.91
0
14.99
0.14
0
0
0
0.35
0
0
0
0
0.66
0.12
0
0
0
7.72
0
0.51
10.14
0
4.59
0
0
0
0
0
1.83
0.43
0
8.4
9.56
2.91
0
1.48
0.08
0.35
0
0
0
0
0
4.19
7.85
2.75
0
1.05
2.26
3.26
0
0.3
0.5
0
0
0
0
5.9
0.49
0
23.35
8.95
1.5
0
0
0
1.63
0.09
0
0
0
0
0
5.93
7.77
17.93
28.88
3.71
11.52
2.04
5.58
0.92
0
0
0
0
0
0
0.22
0
0
1.63
7.78
14
1.18
1.92
2.86
0
2.6
0.36
0
0
0
0
1.02
0
0.17
2.5
3.43
14.46
0.71
8.74
2.09
0.17
3.01
0.36
0
0
0
14.12
0
0.43
0
0
7.8
13.35
1.23
0
0
0
0
0
1.74
1.88
2.13
1.74
0
0.02
0
0.82
0
0
0
0
0.11
18.35
6.82
9.39
0
3.82
0
0
59.79
3.27
0.45
0.98
0
0
0
5.15
23.83
7.67
0
0
0
0
0
0
0
0.49
2.02
18.98
0
0
0.18
0
0
1.48
23.3
18.02
15.99
2.31
6.03
0.05
0
5.07
6.63
10.45
0.76
0
0
0
0.31
0
3.37
2.54
0
2.39
0.25
0
0
0
0
0
0
0
0
0
0
0
11.87
17.57
0
0.02
0.02
0
1.53
0
0
0
2.11
3.19
0.21
0
0
0
0
0.33
0.71
0
0
0
0
0
0
0
0
0
0
0
0
0
2.72
0.06
0
0
0
0
0.91
0.02
7.48
0
0.21
0
0
0
0
0
0
0
0
0
0
0
0
0
13.75
0
0
0
0
0
0.02
0
0
0
0
0
0
0
0
0
0
0
0
0
0
0
0
0
0
2.1
0
13.88
0
0
0.88
0.21
0.2
0
0
0
0
0
0
0
0
0
0
0
0
0
0
0
0
0
0
0
0
0
0
0.16
0
0.79
0
0
0
0
0
0.06
0
34.52
0
0
1.85
0.03
0.04
0
0.9
0
0
0
0
0
0.76
0
0
6.81
0.37
0.06
0.38
0.4
0
0
0
0
0
0
0
0
0
0
0.58
3.57
0
0
0
0
0
0
0
0
0
0
0.37
0
0
0
0
0
0
0
0
0
0
0
0
0
0
16.6
0.26
7.82
0
5.22
0
0
0
0
0.47
5.02
0.25
1.81
18.56
0
0
0
0
0
0
0
1.78
0
0
2.96
3.78
5.42
5.2
3.88
9.9
0.36
1.11
1.04
0.09
0
0
0
0
0
0
0
0
0
2.75
1.07
0
3.04
0
0.35
0
0
0
2.08
5.07
4.2
0
0
0
5.81
0
11.94
19.41
0
0
0.03
0
0
0.16
0
2.49
0.04
4.99
0.38
14.01
0.84
27.11
20.28
4.29
0
2.14
0.11
5.35
3.37
0.15
0
12.66
0
0
10.67
0
3.21
0
0
0
0
0.2
0
0
5.6
0.09
6.17
2.84
0.18
4.09
0
0.25
0
22.74
0
0
0
0
0
0
12.07
0
0
0
0
0
9.5
0.62
0
0
0
0
0
0
0
0
0
0
0
0
0.59
2.72
0
0
0
4.11
0
0
0
7.96
0
12.91
0
0
0.43
17.43
0
0
0
0
0
0
0
0
0
0
9.8
0.16
0.39
5.96
5.26
0
26.3
0
0
0.37
0
0.27
0
0
0
0.11
0.24
0.79
0
2.55
5.54
0.37
0.11
10.04
0
1.27
4.48
0.16
0
0
4.65
1.18
0
3.2
2.62
0
0.35
8.1
0
0
0
0
0
0
0
0
0
0.09
0.52
11.76
0
0
0
0
0
0
13.27
0
7.45
0.99
28.64
19.4
2.95
5.04
0.36
2.11
0
0
0
0
0
0
0.04
0
0
0
0
0
0
0
0.21
6.24
0.1
4.37
1.21
0.23
8.75
5.21
12.23
0
0
0
7.44
0
0
0
0.29
5.02
0
4.91
8.09
4.3
0.85
0
0
3.09
1.23
2.33
2.58
0
0
0
0
0
0
5.9
2.82
1.96
0
0
0
1.95
3.26
0
0
1.34
3.56
0
1.06
8.04
0
0
0
0.08
2.75
0
0
0
0
0
0
0
0
0
0
0
0
0
0
0
0
0
0
0
0
0
0.05
0
11.38
0.91
7.23
0
4.18
4.86
1.5
0
0
0
0
0
0
0
0
0
0
0.1
0
0
0
0
0
0
0
0
0
0
0
0
0
0
0.58
0
0
0
0
0
0
0
0
1.07
0
0
0
0
0
6.78
0
4.32
0
8.55
2.44
0
0
0
1.58
0
0.13
0
0.87
0.05
0.32
0
0.69
0.22
2.41
0.64
0.14
2.36
2.97
14.19
1.04
0
0
0
0
1.25
0
0
0
0
0
0
0.2
2.26
20.96
0.85
0
0.42
0
0.06
1.35
14.76
0.02
5.75
0
1.03
0
11.34
21.4
13.49
3.19
0
0
0.41
0
0
0
3.28
0.5
0
0
0
0
0.71
0.21
2.57
8.88
0
5.46
0
0
0
1
0
0
0
0
0
0.06
4.46
2.34
2
0.62
4.38
0
0.14
13.39
0
15.11
33.85
0.44
0
0
0
0
0
0.92
0
0
0
0
0
0
0
0
7.73
25.41
0
0
20.38
0
0
0.29
14.7
0
0
7.01
4.36
0
8.22
16.59
2.54
0
0.09
12.89
1.74
0
0
0
0
0
0
0
0.64
0
0.12
0.03
0.6
13.12
0
0
16.89
0.32
0
0
0
0
1.14
17
11.14
0
1.09
0
0
0
0
0
0
0
0
0
0
0.05
0
0
0
12.92
2.67
5.39
7.05
0
0.09
0
0
6.37
0
3.64
20.38
0
0
0
0.28
0
0
0.2
0
20.51
0
0
0
0
0
10.04
0.45
0
0
2.51
0
0
2.87
0
0
34.6
11.39
0
0
0
0
0.19
0.21
0
0
0
0
0
0
0
0
0.3
21.81
0.6
2.53
0
0
6.81
0
0
0
0
1.17
6.38
19.27
7.53
0
13.24
17.08
28.86
5.15
3.24
6.77
0.01
0
0
0
0
0
0
0
0
0
0
0.38
4.9
0.03
0
0
0
0
0
0
0
0
0
0.21
0
6.76
4.62
7.84
0.02
0
0
0
2.25
0
0
0
0
0
0
0
0
0
0.03
0
0
0
2.86
0
0
0
0
0
0
0
0
1.11
1.1
4.88
0.21
0
0
0
0
0
0
0.59
0
0
0
0
0
0
1.79
0.09
0
0
0
3.78
0
0
1.29
1.66
0
7.92
0
0
0
0
0.98
0.23
0
0
0
0
0
0
0
0
0
0
0
0
0.51
1.25
0
0
0
0
0
0
0
0
0
0
0
0
4.64
10.19
0.01
1.29
2.62
4.16
29.44
0.01
5.69
0
0
0
0.47
0.38
0
0
0.85
0.25
0
0
0
0
0
0
5.15
0
0.64
0.01
0
0
0
0
0
0
1.02
0
0
0
1.6
0.25
11.31
0.01
0
0
0
0
0
0
0
0
9.1
8.31
4.79
0
0
0
0
0
0
0.84
2.85
8.75
0.78
3.71
5.66
0
0
0
0
0
1.03
0
0
13.88
0
20.83
0
0.33
0.01
1
0.82
0.1
10.68
3.01
25.64
4.02
0
0
0
0
0
1.3
7.72
0
0
0
0
0
0
0
0.01
0
0
0
0
0.07
0.01
3.62
0
0.88
0
0
0.86
4.38
1.07
0.47
0
3.17
0
0
11.24
0
0
0
0
0
0
0
0
0
0
0
0
0
0.08
0
0
0
0
0
0
0
0
0
0
0
0
0
0
0
0
0
0
0
0
0.65
4.63
0
0
0
0
0
0
0
0
25.52
0
0
18.92
0
0
0
0
0
0
0
0
0
3.53
0
0
0
0
0
0
0
0
0
0
0
0
0
0
10.97
0
0
0
0.89
11.4
15.95
1.18
5.81
0
0
3.98
0
0
0
0
0
6.37
29.64
4.99
1.11
0.35
16
0.23
0
0.21
4.22
0.24
0
0
40.04
23.54
3.19
0
0
27.2
0.43
0
0
0
0
0
2.16
2.47
0.28
0
0
0
27.09
9.63
0.03
0
0
0.94
0
0.99
0.47
0
0.84
0
0.08
1.62
0.03
0
0
3.23
2.98
24.66
3.24
0.82
2.98
5.93
3.44
0.02
0.18
0
0
0
0.27
0.22
0
0.33
0
0
0.17
0
0
0
0
0
0
0
0
0
0
0
1.78
0
0
0
0.5
0.08
0
0
0
0
0
0
0
0
0
0
0
0
0
0
0
0
0.82
0
0.4
0
1.3
0
0
0
0
0
0
0
0
0
0
0
0
0
0
0
0
0.16
0
1.21
0
0.02
0
0
0
0
7.09
9.18
0
0
0
0
7.26
2.65
0
0
0.57
0
0
0
0
0
0
0
0
0
0.16
0.12
0
0
0
0
0.05
2.38
3.66
0.04
0
0
0
0
0
0
0
0
7.43
0
0
1.5
1.65
0
0
0.6
11.51
1.19
0
0
2.41
0
0
0
0
0
0
0
0
0
0
0
0
0
0.56
0.41
0
1.39
2.42
0.32
4.5
16.94
2.06
0
0.96
0
0
0
0
2.11
0.06
0
0
0
0
0
0.16
0
0
0
0
0
0
4.07
0
0.45
2.24
0
0.02
7.4
0
0
0
0.8
0
0
0.09
0
19.52
0
0.52
2.79
0.02
19.52
0
0
0.58
0.04
0
7.79
1.43
1.61
1
1.16
2.59
0
0
0
0
0
0
0.02
3.79
0
0
0
0.03
4.49
1.09
0.43
0.11
1.33
0.35
0
17.74
0.08
1.65
1.88
0.06
0.09
0
3.2
2.34
0
0.18
0
0
0.29
0
0
0
0
23.58
2.83
0
0.6
2.69
3.87
0
0
0
0
0
0
0.14
0
0
0
0
0
0
5.74
18.6
0
4.33
2.27
0.1
0.33
0.96
0
1.31
9.51
6.67
0.47
0
0
0
0
9.5
0
0.23
0
2.5
0
1.01
6.87
0.19
0
0
0
0
0
0
6.29
2.63
0
3.24
24.93
0
0.13
15.23
3.38
2.88
0
0
0
0.5
0.37
0
0
0
0
2.81
3.49
0
2.31
5.83
0.17
0
14.09
12.18
16.55
0.62
0
0
0
0
0
0
0
0
0.04
0.38
0.7
15.7
1.01
0
3.82
2.55
0.12
6.64
10.34
11.07
0.38
0.83
0
0
0
0.69
7.82
0
6.84
0
0
0
0
0
7.92
31.21
0
0
0
0
0
0
0
1.61
0
0
0
5.14
0
0
11.36
0
3.14
0
0
0.01
0
19.65
0
0
20.57
6.65
27.39
4.11
0
0
0
0.11
13.52
0
0
5.2
0
0
0
0
0
0
0
0
0
0.04
0
0
0
0
0
0
0
0
0
0
0.05
3.32
0
0
0
0
0
0
0
0
0
0
0
0
3.98
0.16
0.11
1.93
0.65
3.58
0.24
0
0
0
0
0
0
0
0
0
7.23
0
0
0
0
0.06
1.83
0
0
0
0
0
2.25
0.07
0.27
0
0
0
0
0
0.23
0.58
0
0
2.51
0.23
0
0
0.65
0
13.02
1.43
0
0
0
0
22.31
8.49
0.14
3.39
1.87
0
0
0
6.49
25.83
21.04
2.7
1.01
0
0
0.9
14.15
2.38
0
0
0
0
0.12
0
0
1.82
0
0
0
0
2.77
0
0
0.27
10.14
0
0
0
0
1.36
0.16
0
0.93
0.02
0
0
0
2.11
9.07
3.54
0
0
0
1.05
2.69
1.12
2.68
0.17
9.15
2.05
0
0
0
2.47
17.66
4.38
0
0
0
11.63
4.04
1.12
19.09
1.26
0
0
10.25
3.1
0
0
0
0
0
1.19
0
0
0
0
16.67
0.34
0
0
0
0
0
5.2
0.2
5.43
0
2.21
7.35
0
7.46
0
0
0.04
0
0
8.26
3.96
12.36
0
0
0
0
0
0
0.06
0
0
0
0
0
0
0
0
0
0
0
8.78
0
0
9.94
0.69
38.16
0
0
0
5.13
15.74
2.01
12.5
0
17.2
2.93
32.8
10.28
0
0
0
6.08
0
1.16
0
15.97
11.37
0
0.16
0
0
0.17
0.73
0
0
0
0.28
14.06
0
16.43
7.2
0.07
0
0
0
0
0
0
0
0.53
7.52
0
0
0
0
2.69
12.32
11.58
0
0
6.28
0
0
0
0
0
0
0
0
0
0
0
0
0
0.1
0
1.89
32.92
0
7.06
0
31.02
0.34
0
0
0
0
0
0
0
0
2.2
0
0.2
15.66
12.03
0.15
0.15
0
0.76
1.58
0
0.39
0.03
0
0
0
0
0
0.07
0.24
0.2
0
0
0.01
0
0
0
0
1.08
5.81
0
0
4.26
5.91
0.94
0
0
0
0
0
0
0
0.13
5.34
13.82
1.23
0.11
3.04
0.15
0
0
0.63
0
12.18
0
0
0
0
0.5
0.28
0.11
0
0
0
0
0
0.13
0
0
0
0
0
0.89
8.29
0
0.59
0.02
6.51
1.53
0
7.69
0.33
0.63
0
0
0
0
0
0
0
2.47
0
0
0
0
0
0.05
0
1.89
5.81
0
6.32
2.37
10.44
0
0
0
0
11.63
0.51
0
34.09
0.08
0
0
32.91
0.03
21.43
0
0.97
0
0
0
0
0
0
0.79
0.77
0.21
6.54
0
0
12.11
2.58
0.06
0
0.97
0
0.65
0
14.63
0
1.9
0
0.01
0.07
0
0
0
0
0
0.21
0
0
0.53
1.35
0.7
0.28
7.18
0.34
0
0
0
0
0
0
0
0
14.82
11.92
0.95
0
5.91
0
1.52
0.52
0
0
0
0
0
0.11
0.36
5.98
1.04
0
22.61
1.98
0
0
0.03
9.89
6.82
4.78
12.36
4.59
0
0
0
0
0
0
0
0.59
5.78
11.51
1.94
0
0.46
13.03
10.6
20.22
3.45
0
5.77
0
7.74
1.35
5.52
1.95
5.33
1.5
0
0.05
0
0
4.66
9.75
1.88
5.59
5.69
3.89
0.03
0
0
0
0
11.22
0
0.29
33.66
2.57
0
0
0
0
0
0
0
0
3.2
9.8
0.02
1.8
0
0
0
0
0
0
0
0
0
20.28
5.18
0
0
0.2
3.48
0.08
0.59
3.38
0
0.35
8.93
11.84
0
0
0
0
0
0
0
0.14
0.66
17.26
0.1
4.04
0
0
0
13.9
0
2.69
48.25
0.19
0
0.11
2.3
0.4
10.69
11.84
0
0
0.46
13.67
0
0
0
0
2.46
35.79
10.47
0
0
0
18.24
0
0.02
0
0
0
0
0
0
12.33
1.43
0
0.05
0
0.07
0
0
0
0
0
0
0
0
0
0
0
0
0
0
0
0
0
0
0
0
0
0
0
0
1.56
0
0.68
0.07
6.53
0.25
0.06
0
1.89
0.45
0
0
0
0
0
0
0.88
0.18
0
0.53
19.93
0
0
0
0
0
0
0
0
0
0
5.85
0.66
0.24
0.88
0
0.36
5.27
5.23
15.41
4.64
0
0
0
0.89
2.53
24.19
1.34
0
0
0.02
0.09
0
0
0.35
0
0
0
0
19.08
0
0
0
0.86
17.48
4.58
1.66
0
0
0
0.2
4
23.7
0.63
0
0
0
0
0
0
0
0
0
2
1.42
0.99
0
3.2
9.9
0.44
0.61
5.08
0
0
0
0
0
0
14.57
0.87
0
0
0.7
1.5
0
0
0
0
7.72
0
0
0
0
0
8.4
0
0
0
0
0
0
0
0
0
0
0.74
0.86
0.03
0
0
0
0
0
0
0
0.01
5.5
1.37
0
0
0.16
0.72
0
0
0
0
0
0
0.16
0
0
0
0
1.84
0.07
2.83
1.44
32.11
18.14
20.41
0.19
0
0
0
2.6
0
0.07
10.88
0.84
9.98
2.38
0
0
0
0
0
0
0
0
2.63
0
0.04
0.05
0
0.08
1.38
4.16
0
2.52
0
0
0
2.19
16.63
1.05
0
1.52
20.52
4.13
5.55
0.03
0
0
0
0
21.83
0
10.67
0
0
4.03
9.74
12.18
0.37
0
0
0
0
0
0
0
0
0
0
0
0
0
0
0
1.28
0
0
0
0
0
13.85
1.08
10.6
13.02
4.75
0
4.55
2.44
0.7
0
22.35
5.15
21.41
34.36
0
0
0
0
0
1.3
0
0.48
7.24
0.01
0
0
5.11
0
0
0.27
0
0
0
0
0
7.6
7.04
0
0
3.87
0
2
0
0
0
1.67
0.16
0
0
7.64
1.4
0
0
2.41
31.19
6.74
1.42
28.25
4.97
0.98
0
0
0
0
0
0
0
0.29
0
0
8.6
0
1.02
0
7.22
30.38
11.7
1.94
2.59
0
6.14
0
1.23
0
0
1.35
1.21
2.6
1.12
0
0
0.34
2.65
0.37
3.59
10.63
37.68
0.89
1.57
0
0.68
0.79
0
0
0
6.77
0
0.89
8.31
0.14
0
0
0
0
0
0
0
0
0
5.67
5.19
1.13
0
7.25
11.19
0
0
0
0
0
0.01
0.25
5.37
0
0
0.13
0
0
0
0
0
0.06
0
0
0
0
0
0
0
0
4.41
1.98
5.93
0.02
8.06
5.31
10.57
0
0
5.24
1.76
0.04
3.26
0
1.57
0
0
0
0
0
0
0
0
0.72
0.59
0.06
0.15
6.5
3.32
0
0
0.18
0
0.18
10.16
0.13
8.71
3.43
4.83
0.95
0
0
1.61
1.91
0
0.94
3.29
4.39
5.25
3.15
0.05
0.04
0
0
5.18
3.19
1.59
0
0
0
0
0
0
0.03
0
4.19
0.39
0
0.11
0
1.51
0
0
0
0
0
0
0
0
0
0
0
0
0
0
0
0
0
0
1.16
0
0
0
0
0.46
0
0
0
0
0
0
0
3.23
1.22
0
0
0
0
0
0
0
0
0
0
0
0
0
0
0
0
0.01
0.06
2.75
4.21
0.39
1.41
0.45
1.29
0.01
0
0
0
1.36
0
0
3.18
0.01
0
0
0
0.03
0.41
0
0
0
0
0
1.39
0
0
1.01
2.17
0
0
0.07
4.04
2.42
0
0
0
0
0
2.08
0.09
0.4
0.06
0
0
0
0
0
3.83
0.65
3.31
0.03
0
0
0
0
0
0
0
0.66
0
0
0.48
26.26
14.84
8.11
9.97
0
1.7
4.51
1.78
0
0
0
0.14
1.44
10.38
0.05
0
1.56
0
0
0
3.26
0
2.9
0.3
24.3
0.08
0.26
18.42
2.27
13.34
4.73
0
10.1
4.28
10.09
0
0.02
0
0.06
0
10.63
1.34
0
0
0
26.63
12.93
17.7
2
0
7.74
9.14
0.87
4.65
9.65
0.58
0.25
9.14
7.14
2.15
0
0.24
1.2
15.28
14.84
9.15
0
0
1.1
4.89
0
23.82
3.07
0.03
0
0
0.14
7.65
0
0.19
0.36
0.58
0
0
0
0
0.06
0
0
3.51
0
0
1.51
0
0
0
0
0
0.06
4.35
20.33
0
0
0
0
0
0
0
4.22
14.37
0
0.09
0
0
0
18.66
0.98
0
0
0
0
1.35
0
0
0
0
0
0
0
0
0
0
2.33
2.02
0.33
0
0
0
0
0
0
0
4.88
1.09
2.75
0
0
0
0
0
0
0
0
0.19
0
0
0
0
0.12
0.46
0
0
0
0
0
0
0
0
0
0
0.76
2.73
1.08
0
0.43
19.72
24.49
0.32
0
7.69
0.49
0.39
0
0
0
0
13.37
1.94
0
0.32
0.4
0.51
4.27
5.28
7.86
1.34
17.65
0
0
0
0
0
5.13
0
0.23
6.44
0
0
1.79
2.97
0
0.39
0
9.71
0.8
0.68
0
0
0
7.41
0
0
0
0
0
0.06
0.13
0.61
0
0.21
0
0
0
0
0
0
0
0
0
0
0
0
0
0.54
0
0.46
2.28
0
0
0
0
0
0
0
0
0
0
0
0
0
0
0
0
0
0
0
0
0
0
0
0
0
0
0
0
0
0
0
0
0.59
0
0
0
2.87
15.98
0
0
0
2.61
0
0.88
0
0.06
0.19
0
0
0
0.05
0
10.6
15.55
0.43
0.03
0.97
0.22
0
0
0
0
0
0
0
0
0
0
0
1.16
0
0
3.8
7.33
1.96
2.16
5.39
0.23
4.33
0.01
1.34
3.54
0
7.97
0.04
16.14
0
0
0
0.08
0
5.58
0
0
0
0
2.23
0
0.41
0.38
3.59
10.1
0
0
0
0
0
0
0
0
2.15
0
0
0.14
3.25
5.55
8.38
0
10.76
0
0
5.91
0
0.01
0
0
0
0.25
0
0.94
0
0.01
0.43
0
0
0
8.33
0
0.09
8.57
7.42
5.89
0
2.84
1.33
2.49
0.05
0
0
0
4.92
0
1.65
0
0
8.16
10.51
0.38
25.11
0
4.12
0.84
0
0.19
0
49.13
1.63
2.61
0
3.67
14.56
3.58
17.9
0
0.05
5.21
0
0
0
0
0
0
0
1.09
0
0
15.31
0
0.91
6.87
0
0
0
6.68
0.09
0
0
0
0
0
0
0
0
0
0
0
0
0
4.14
0.31
4.18
29.81
0
14.13
0
0
27.94
0
0
0
0.06
0.05
0
10.99
0
36.53
1.39
0
0
0
0
0.05
51.23
11.04
8.35
0.16
11.2
1.54
0.34
0
0.48
0
0
0
0
0
0.83
2.67
36.89
0.19
0.66
3.13
0
0
0
15.65
3.82
0.75
1.95
0
0
1.21
9.4
0
0.11
0
0
0
12.25
20.04
0
0
0
0
0.23
5.7
0
0
0
9.74
0.15
0
0
0.85
3.88
60.73
3.87
0
0
0
0.2
11.64
0
0
0
13.37
0
0
0.18
0
0
0
1.08
6.71
1.71
0
0.29
0.93
0
0
0.14
0.28
3.61
0.53
0
14.01
0
0
0
0.77
0
0.42
0.44
0.18
0.6
3.53
0.08
0
0
0
0
8.01
1.01
0.02
0
0
0
0
0
0
0
0
0.08
0
0
2.45
0
0
0
0
4.63
0
3.46
3.66
0
0
0
0
0
0
0
0
0
0
0
0
0
0
0.93
1.64
0.6
0
0
0
0.05
1.04
0
0
0
0
0
0
20.96
0.86
0.22
0.18
4.48
0.34
0
0
0
0
0.42
0.41
0.64
8.68
0
0
0
0
0
0
0
0
0
0.07
2.39
1.6
2.2
0
0
0
0
0
0
0.04
0
0.1
0.44
0
0
0
0
4.94
0.02
0
0
0
5.36
22.17
0.59
0
0
0
0
0
0
0
0
4.2
2.28
0
0.92
0.9
0.21
7.45
0.43
0
21.72
10.27
1.89
2.32
0.97
0
2.54
3.36
2.12
0.48
0
0
0
0
0
4.49
2.74
0
16.28
2.36
0
0
1.05
1.05
0
0.01
5.97
1.47
19.4
8.17
0
0
0
0
46.98
1.77
0.1
0
0
0
0
0
0
0
0
0.02
0
0.21
0
16.31
0
0
0
16.58
0
0
32.59
0
0
0
0.02
0
0.46
0.45
0
0
33.12
1.17
0
0
0
0
0
0.6
0
0
0
2.72
0
0
0
1.21
23.85
0
13.48
14.27
7.37
0
0
3.29
0
0
0
0
0
0
0.97
10.09
0
0
0.19
6.73
0
0
0
0
0
0
0.56
6.98
0.68
0
2.13
6.27
0
0
9.51
0
1.71
1.26
0
0
22.03
2.15
0
0.02
17.77
0
0
0
0
0
0.25
0
0.04
1.61
18.07
0
3.27
1.64
3.77
1.08
0.85
0
0
0
0
0
0
0
0
0
0
0
0
4.63
0.89
0
14.43
0
0
0
0
2.39
0.71
4.47
0
0.05
0.24
0
1.22
19.88
0
0
0
0
0.07
0
0
0
0
0
0
0
0
0
0
0
0.21
0
4.38
0
0.96
13.32
0
0.02
1.42
0
0
0
0
0
0
0
5.07
0.01
3.44
14.35
0
0
0
0
0.24
0.3
0.26
11.97
0
23.84
0
13.77
0
0
0.06
0
0
0
0
0
0
0
0
0
0.52
0.27
0
0
0
0
17.65
0.06
19.49
0.3
3.76
0.79
0
0
0
6.5
0
0
0
0
0
0.28
4.64
0
12.3
0
0
0
0.55
1.41
0
0
0
0
0
0
0
0.06
0
0
0.02
0.06
0
0
0
5.57
0
0
0.81
0
0.03
0
0
0
0
0
0
2.16
0
0
0
0
0
0
0
0
0
0.71
0
0
0
0
0
0
14.74
0
0
0
0
0
0
0.29
0
0
0
0
0
0
17.5
0
0
1.23
0
0
0
0
0.02
0.04
0
0
0
0.11
0
0.58
6.78
0
0.43
0
0
0
0
0.29
0
1.27
0
0
8.45
0.34
0
4.16
0
0.06
4.26
8.36
0
0.21
0
0
0.01
0.11
0.17
0
0
0.18
0
0
0
0
0
0
0
0
6.71
0
0
0
0.04
2.05
0.74
5.02
0
0
0
0
0
0
0
0
0
0
10.71
0
0
0
0
0
2.25
7.04
4.11
0.15
21.46
0
0
0
0
0
4.19
0.97
0
0.12
0
0
0
0
0
10.46
1.09
0
0
0
0
0
0
0
11.89
0
0
0
0
0
0
0
0
8
2.87
0.71
0
0
0
1.22
0.16
0
0
0
0.54
0
0.05
10.35
2.89
0
11.7
0.84
0
25.48
7.63
0
0
2.87
2.56
0
0
0.22
0.23
0
0
3.07
0
16.73
0
0.49
2.93
0
0
0
2.89
5.82
0
0.02
0.76
0.41
0
0.4
0.56
0
3.11
0
0
0
0
0
0
0
0
0.04
0
0
0
0
0.03
0
1.35
17.84
0.94
10.37
2.97
0.04
0.03
0.34
5.99
0
0
0
0
0
0
5.97
0.21
35.68
0
0
0
0.51
2.42
0
0
0
0
0
0
0
0
1.87
12.41
8.6
1.72
0
0
5.09
2.18
0
14.92
4.16
0
0
0
0
0
0
5.28
0.06
1.23
0
0
0
0
0
0
0.14
5.4
0
0
0
10.93
7.96
0
6.79
4.4
1.89
7.02
1.85
0.3
2.06
0
0
0
0
0
3.86
5.99
6.46
4.17
2.48
0
0.52
0
0
0.46
9.51
0.53
0
0
0
0
0.01
0.01
0.18
0.78
0.54
0.5
0.03
0
1.78
0.02
0
0
0
0.63
20.19
0
0
0
0.15
0
0
0
0
0
2
11.74
14.72
1.27
13.42
2.4
0
0
0.96
0.98
0
0
0
1.05
9.39
0
0
0
0
0
0
0
0.17
0
0
0
0
0.22
0.21
1.24
1.7
5.29
0.71
9.4
0.05
0.38
1.11
0
0
0
0
0
0
0
0
0
0
0
0
0
0
0
0
0
0
0
0
0
0
0
0
0
0
0
0
8.46
0
3.75
0
0.46
4.09
0
0
0
0
0
0
0
20.73
2.6
0
0
0.22
0
9.52
0
0.67
2.76
0
0
11.89
6.74
0.18
0.06
0
0
0.46
0
0
0
2.08
5.43
0
14.72
8.16
0
1.65
5.2
0
0
0
0
4.03
0.18
0
10.35
0.9
0.05
0.57
0
0
0.26
2.11
0
0
0
0
0
0
0
3.84
1.37
0.08
0.58
5.56
0.91
0
2.6
0
0
0
0
0
0
5.56
0
0
0
0
0
0
0
0
0
0
0
6.35
4.86
0
0
18.02
0
0
9.34
0
0
0
0
16.45
0
0
0
0
1.09
6.87
0
0
0.11
0
4.38
0
0
0
0
0
2.99
0
0.06
4.02
0.07
2.17
2.39
0
0
0
10.16
1.41
2.51
2.17
0
0
0
0
3.7
7.34
0.56
0
4.66
2.72
0.26
0.01
1.13
0.02
0
0
0
0
2.83
0
0
0
0
0
0
0
0
0
0
8.04
0.39
0
0
0
0
0
0
0
0
1.19
0
0
0.57
0.11
0
0
0
0
0
0
4.32
0.82
6.24
0
22.8
17.81
3.14
0.33
26.05
10.74
0.09
0
0.21
0
21.02
7.25
7.86
10.43
0.08
0
0
0
1.79
12.74
4.82
3.16
0.24
0
0
0.22
2.38
0
0
0
2.82
0
0
0
0
0
0
0
0
0
0
0
0
0
0
0
0
5.06
0.01
0
1.75
0
0
0
0
0
0
0
0
0
0
0
0
0
0
15.16
6.59
0
1.93
1.85
7.52
0
0
0
0
0
0
0
0
0.27
0
0
0
0.17
2.96
0
0.31
0.22
0
0
0
0
0
2.96
0
0
0
0.09
1.75
4.57
0.02
0
0
0
2.8
0.32
0
0
0
5.01
0.18
0
0
6.81
0
0
0
1.2
0.09
0
0
0
0
0
0
0
0
0
0
0
0
4.52
0.12
0.03
0.01
0.01
0
0
0
0
0
0
0.71
0
0.27
0
0
0
0
0
0
0
0
0
0
2.22
3.84
0
0.65
2.06
0
0
0
0.08
0
1.67
12.46
2.36
0
0
1.59
0
0.52
0
0
0
0
8.12
0.88
0.25
0.34
0
0
0
0
0
0
0
0
0
0
0
0
0
0
0
0.02
0.28
4.81
0.93
0.37
0.8
0
0
0
0
0
0
0
0
0
0
0.39
0
0
0
0
1.06
2.87
1.46
18.59
3.98
1.45
0.06
1.52
9.72
3.08
9.91
5.45
0
0.01
2.81
2.61
0
0.75
15.62
0
0.75
0
0
0
0
0.94
0.33
0
0
0
0
0
0
9.54
1.14
10.07
0
0
0
0
0
0
2.1
0
0
0.21
17.82
0
0.53
0.89
0
0
0.23
0.92
0
0
0
0
3.81
2.09
0
9.39
7.63
0
0
0
0
0.22
0.02
0
0
0
0
0
0
0
9.9
1.55
0
0
19.18
0
0
0
0
0
7.91
0
11.45
1.72
0
0
0
0
0
0
26.11
5.12
0.42
0
15
0
0
2.66
17.91
0
14.36
0
0
0
0
2.38
35.37
14.9
0
0
0.37
14.34
0
18.3
7.25
0
0
0
20.97
5.67
0
0.06
0.39
1.03
0.12
0
0.75
0.06
6.16
5.58
0.02
0
0
0
0
0.4
0.21
0.4
0.49
0.79
0
0
2.56
2.56
0
0
0.32
0
6.46
0.1
0
0
0
2.32
0
0
0
0.03
15.06
4.31
4.79
14.71
2.65
3.91
0
0
0.14
0
0
0
0
0
3.23
0
0.4
0
0
0.44
8.98
15.74
13.87
0
0.02
0
0
17.42
9.02
0.12
0
0
0.25
12.01
0
0.29
0.02
0
0
0
0
1.46
0
0
7.21
3.61
0.85
0.12
0.28
0
0
0
0.28
0
0
0
0
0.71
1.29
0.11
0.13
0
0
7.78
0
0
0
0
0
0.02
5.28
0.04
0.47
9.49
4.33
5.4
11.24
3.87
2.79
0
0.14
0
0
0.18
0
0
5.19
0
0.12
0
0
0
0
0.49
0
0.5
0
0
0
4.52
0.1
0.32
5.01
0
0
0
1.87
0.59
8.45
7.9
1.85
6.34
2.16
0
0
0
0
0
0
0
0
0
0
4.06
2.59
0
0
0
0
0
0.52
0
0
2.48
0
0
0.53
18.66
0
0
0
0.22
0
0.27
1.2
0
0
0
0.07
0.38
0
0
0
0
0
0
0
0
0
0
0
0
0
0.26
0.64
0
0
0
0
0
0.1
0
0
0.09
0
0.41
0
0
0
0
0
0
0
0
0
0
0
0
0
0
0
0
0.81
0
2.52
0.17
0
0.79
0
0
0
0
8.1
0.81
4.55
0
0
0
0
0
0
0
0
0
0
0.15
0
0
7.98
3.45
0
0
0
0
0
0
0
0
0
0
0
0
6.12
0
0.85
0
0
0
0
0
0
0.84
5.09
0.24
0
0
0
0
19.81
0
2.31
0
0
0.44
7.26
0.38
1
0
0
0.67
0
0
0
0
1.93
0
1.07
5.09
0
0.86
0.02
7.11
0
2.08
0
0
0
11.06
0
0
0
0
0
0
4.35
0
5.1
0.39
1.56
3.11
0
0
0
0.54
0
4.35
0
0
0
0
7.73
0
0
0
0
5.99
4.63
19.57
0.12
0
0
9.73
0
0.36
1.28
0.3
0
0
0.3
0
0
0
0
0
0
0
0
0
0.86
9.24
0.27
0
0.08
0.25
0
0
0
1.23
0
0
0
0
0
4.41
11.78
23.78
0
0
0
0
0
0
0
0.64
17.16
10.01
1.46
1.19
1.79
0
0
0
0
0
0
0
0
0
4.48
0.41
0
0
0
0
26.67
0
0
0
17.18
36.38
5.03
0
6.31
0.44
0
0
0
0
0
0
0
0
0
0
0
2.04
8.08
0
15.4
1.18
0
0
0
0
5.74
8.25
0.25
14.93
2.93
0
0
0
2.5
0.58
0
0
0
0
0
0
0.01
0
0
5.7
0
0
0
0
0
0
0
0
2.34
1.17
0.79
2.31
0
0
0
0.07
0
0
0
0
0
0
0
0
0
0
2.72
0.86
0.03
0
0
0
0
14.63
0.11
0
0
0
0
0
0
1
4.7
13.79
0
0
0
0
0.49
0.22
0.01
0
1.17
0
0.11
1.08
0
0
0
0
12.64
0.66
0
0
0
0
0
0
0.22
0
12.75
0
0
0
0
0
0.71
0
0
0
0
0
0.16
0.16
0
0
0.07
0.13
0
1.71
0.41
0
0.02
0
0
0.04
3.43
9.54
1.13
0.04
15.25
0.49
7.66
0
0
0
0
0
0
0
12.35
6.24
0.29
0
0
0
0
0
0
0
0
0
0
0
10.06
5.94
22.96
17.06
4.98
0.72
0
0
0
0
0
0
0
0
3.28
12.85
15.36
1.55
0
1.92
1.61
0
2.97
8.15
0.9
0
1.93
0.2
5.07
10.57
4.1
0
0
1.36
3.39
0.12
0
0
0
0
0
0
0.03
0
1.65
7.38
4.86
3.49
3.36
0.87
0.42
0.03
3.55
4.76
0
9.84
0.28
0.43
0
0.02
0
0
3.57
0.39
0
0
0
6.48
2.61
0.18
0
0
1.05
15.6
0.63
0.47
4.6
0
0
0
0.05
0.24
17.59
15.5
1.72
0
0.02
0
0
8.69
3.57
13.65
0
1.13
0
11.2
24.08
0
0.02
16.41
6.56
0
5.65
10.41
0
0
0
4.49
0
0
0
0
0.33
0
0.15
0.07
0.73
0
0
0
0.77
0
0.04
1.7
0.04
0
0
0.14
0
1.95
0
0
0
8.35
1.78
2.2
0
0
2.53
23.44
0
9.83
0
0
0
4.07
0.13
0
0
0
0
0
7.05
13.49
0
0
0.1
1.21
17.58
0
0
0
0
2.95
0.16
0
0
0
0
0
0
0
0
0
0
3.66
0
0
3.5
0
0
0
0
0
3.64
1.08
5.19
11.22
0.04
0
0
0
0.08
0.01
1.21
0
0
0
0
0
0
0
8.57
23.07
0
1.19
0.63
3.29
4.87
25.3
8.47
0
0
0
5.23
9.99
0.18
0
0
0
0
0
0
2.35
0.18
0
0.01
0.16
0
0
0
0
6.47
10.83
3.3
0
0
12.35
0.51
0.13
0
0
0
0.37
0
0
0
0
0
0
0
0.02
0
0
2.99
0.31
0
0
0
1.42
0
0
0
0
0
0
0
0
0
0
0.08
5.25
0.4
0
0
0
0
0
0
0
6.4
8.97
2.53
0
0
0
0
0.38
0
0
0
0
0
0
0
0
0
0
0.14
0
0
0
0
0.29
0
0.38
2.39
0
0
4.49
0.54
1.84
0
0
0
0
0
0
7.87
7.63
0
0
0
0
0
0
0
0
0.07
0
0
0.8
0
0
0
0
0.42
17.19
0.57
6.9
0
4.11
0
0
0
0
0
5.92
0.81
0
0
0
0
4.96
0
0
0
0
0
0
0
0
0
0.06
0
0
0
0
0
2.52
0
9.99
0.07
2.18
1.34
0
0
0
0
0
0
0
0
0.04
28.96
3.93
6.77
5.25
0.42
0
0
0.82
0
7.04
8.25
6.55
0
0
0
0
3.39
0.05
2.72
0
0
0
0
0
16.74
10.48
5.07
0
7.58
2.33
0
0.07
0
0
0
0
0.88
0
4.05
19.32
1.47
0
0
0
0.01
0
0
0
0
0
0
0.49
0
0
0
0
1.53
1.1
0.38
3.43
0.02
1.87
0
1.47
0
0
0
14.74
0
0
0
0
0
0
0.79
0
0
0.02
8.33
13.12
5.41
26.79
7.04
21.74
0.12
0
2.34
18.25
0
3.83
20.91
7.35
3.3
14.06
12.55
2.21
0
0
0.47
0
0
1.37
1.05
8.05
2.12
2.27
0.1
2.64
8.05
0
0
0
0
0
0
0
18.33
2.12
0
2.07
2.48
0
0
0.06
7.45
0
9.09
47.17
1.16
11.22
9.55
0
0
13.29
22.73
8.42
1.56
0
0.02
0.55
4.94
0
0
0
0
0
0
0
0
0
0
0
0
2.66
0.43
0
0
5.78
0
0
4.28
2.77
10.02
14.98
0.66
0.58
0
0
0
0
0
4.67
0
29.54
0
0
0.27
0.68
0.15
0
0
0
0
0
0
0
0
0
0
0
0
0
0
0
0
0
0
4.61
0
0
0
0
0
0
0
0
0.08
0
0.15
0
0
0
0.67
0
0.04
0
0.01
0.36
0.18
0.12
0
4.26
0
0.37
0.02
0
0.02
2.15
2.85
2.31
11.24
8.12
14.4
3.59
3.09
0
2.6
0
0.05
2.79
17.7
12.59
0
0
0
0
0
2.76
0
0
0
0.09
0
0
0
0.23
0
0
0
0
0
1.41
12.71
8.27
13.58
0
2.15
17.57
15.49
0
1.84
8.51
1.97
0.03
0
0
0
0
0
0
0
0
0
0
0.04
0
0
0
0
0
0
0
0
0
0
0
0
0
0
0
0
0
0
0
0
0
0.98
0
0
0
0
0
0
1.23
2.65
0.31
0
3.6
0
0
0.33
6.07
6.68
1.23
0
0
0
0
0
3.19
8.23
0
0
0
0
14.44
0.29
0.26
0
0.08
0
0.01
0
0
0
0
0
0
0
0
0
0
0
10.08
1.56
0
0.56
0
1.35
3.89
0.21
1.16
0.1
0
0
0
11.69
7.68
0
0
0
0
4.17
0.31
0.5
0.23
0
0
0
4.75
0
0
0.52
7.48
9.55
20.86
9.08
1.48
0
0
0
0
4.25
1
0.23
0
0
0
0
0.33
31.63
0
0
6.56
0.43
9.39
0.05
6.05
0
2.69
17.05
0
0.39
0.11
11.09
23.69
18.47
0.02
1.27
19.71
1.69
0.2
0.91
4.8
0
0
1.2
10.67
0
0
0.17
0.13
0
0
0.25
0
0.02
0
0
2.37
0
0
0
0
0.76
0.07
41.73
0
0.8
5.12
4.72
0
0
0
2.45
0
0.92
1.04
0
2.45
0
2.14
0
0
0
0
0
0
0
0
9.81
2.21
0.06
0.02
0.14
5.67
7.47
0.66
0.02
1.24
0.07
13.03
4.2
1.16
3.13
9.55
0.04
0
0
4.22
23.71
2.01
3.66
0
0
0
0
0.11
0.32
2.45
9.34
0.21
32.31
14.88
0
10.89
5.96
9.02
4.77
0
0
0
0
0
0
0
0.12
1.05
0
0
0
0
0
0
2.85
1.9
0.66
6.06
5.12
0.08
0
0
0
0
0
0
0
0
0
0
0
0
0.06
12.35
0
0
1.02
0
0
0
0
0
0
0
0
0
0
0
0
0.02
0
0
0
11.68
0.02
0
0
0.12
0.35
0
0
9.55
0
0.22
0
0
0
0
0
0
0
0.09
2.34
0
0
0
0
0
0.01
0.03
4.51
2.26
17.53
0
0
0.06
0.15
0.06
0.03
0.05
0
0
0.02
0.01
0.84
0
0
0
0
6.25
6.04
0
0
0
0
0
0
3.26
0.02
0
0.02
0
0
0
0
0
0
0
0
0
0
0
2.35
0
0
2.5
0
0
0
0
0.24
0
0
0
0
0
0
0
0
0
7.76
0.07
0.5
3.4
8.55
9.96
0
0.06
0.9
0
0
0
0
0
0.13
0.04
0
0
7.71
0.52
0.18
0.88
0
0
18.74
0
0
2.29
0
0
0
0
0
0.04
0
0
0
17.14
0.08
1.14
0.57
0
1.57
1.2
0
0
0
1.04
12.06
0
0
0
0
0
0
0
0
0
0.09
44.32
2.35
0
0
19.96
3.32
0
0
0
0.07
0
0
0
0
0
4.45
0
0
0
0.12
0
0
0
0
0
0
0
0
0
0
0
0
0
0
0
0
0
0
0
0
0
0
0
0
0
0.36
18.1
4.95
0.56
0
6.64
0.09
0
3.15
1.01
0
0
8.86
0.68
11.2
0
0
0
0
0
0
0
0
0
0.64
8.92
0.65
0.01
0.45
0.36
3.05
1
15.79
8.74
11.26
10.22
2.83
1.72
0
0
8.11
0
0
0
0.02
0
2.2
0
0
0.4
0.08
0
0
0
0.07
8.75
0
0
0.67
0
1.3
0
15.21
0
0
0.9
0
18.21
3.19
0.16
0
0
0
0
0
0
0
0
0
0
0
0
5.46
0
0
0
1.93
11.66
15.54
0
0
0
1.64
0
0
0
7.01
0.02
1.94
3.23
6.13
0.47
0
0
0
0
0.88
0.11
0
33.11
1.55
2.4
2.26
0
0
0
0
1.23
23.48
5.07
0.1
0.11
0
16.28
0.79
16.38
19.68
19.1
0
0
3.23
0.91
0
0
0.03
0
0
3.53
38.03
0
0
0
0
0
0
0
0.8
36.14
1.58
0
0
0
0.04
0.02
0.02
3.82
0
0
0
0
0
0.02
0.21
0
0
0
0
0
5.04
0.02
0.13
0.88
13.35
12.78
0.18
1.14
1.83
1.01
13.48
0.31
2.54
0
0
0
0.05
0.82
0.03
0
0.04
0.54
13.51
0.78
1.79
0
0.4
0.98
0.09
0.3
4.06
5.6
0
0
0
0
0
0.15
11.8
0
0
0
0
0
0.21
0.25
5.72
0.04
0
0
14.75
0
3.65
0.33
7.77
6.42
0
3.14
4.82
0.31
0
0
0
0
0
0
0.17
1.8
2.05
0
0
0
0
0
0.4
0.92
0
0
0
1.07
0.57
0.21
0.01
0.01
0.01
0.01
0
1.16
0
0
0.06
0.19
0
0.47
0
0
0.33
0
0
0
0
0
0
0
0
0
0
8.01
0.48
1.12
0.75
0
0
0
0
0
0
0
0
0
0
0
0
0
0
0
0
0.32
0
0
0
0
0
0
0
2.55
0
5.61
0.02
0
0
3.86
2.28
0
0
0.77
0.83
0
0.04
0
2.85
1.07
1.6
0
0
6.43
4.67
24.77
0.29
0.52
0
0.15
0
0
0
0
0
7.32
0
0
0
0.32
1.84
0
0
0.03
0.51
2.3
0
1.09
5.09
2.55
0.26
0.53
1.33
0
6.09
4.33
0.17
0
0.95
0.69
0
0
0.17
0
5.58
0.04
0.04
0
0
0
0
0
0
0
0
0
0
0
0
1.95
0.04
1.84
12.15
5.19
3.57
0.07
0.73
0.12
0
0
0
0
0
2.46
0
0.64
2.23
19.27
0.22
11.21
2.1
6.31
7.49
0.32
0
6.89
0.65
0.3
1.46
0.25
1.02
11.13
5.5
0
0.81
0
0
0.21
6.78
0
0.17
3.28
0
0
4.7
0
0
0
8.18
0
1.76
7.87
2.8
0.01
0
0
0
42.83
19.69
0
0
9.15
0.74
0
14.5
1.91
0.35
20.13
0.32
0.07
0
0
0
0
0.46
0
0.91
0
0
9.89
0.13
0
0
15.66
0.88
0
0
0
1.3
0
26.72
3.36
0
0
0
0
0
0
20.18
1.99
0
0
0
0
0.03
0
0
0
0
0
0
0
0
10.51
0
0
0
0
21.41
0.37
14.61
0.79
0.04
0
0
0
0.04
0.58
0.85
0
1.04
6.3
0
0
0
0
0
0
0.12
9.31
2.46
0
0.21
0.07
0
0.9
0
0.04
0
0
0
0.13
10.08
0.02
0
0
0
0
0
0.47
0
0
0
0
1.55
6.53
1.89
0.08
4.54
0.01
0
0
0.45
3.16
9.35
0.82
0.08
0.01
0
0.09
1.33
0
0
3.6
0
0
0
0
1.32
0
0
0.54
0
0
0
4.1
0.06
1.53
5.06
2.29
0.49
1.18
0.37
2.33
0
0
0
0.3
3.33
10.35
0.94
0
1.23
4.78
17.21
13.6
2.71
2.15
0
0.25
0
0.26
0.64
0.01
0.05
0
0
0
0
0
0
0
0
0
0
0
0
0
0
0
0.03
2.72
6.64
0.18
0
0
0
0.01
0.03
25.81
0
15.67
0
0
2.81
38.15
6
0.11
0
0.42
2.76
11.24
5.27
0.19
0
0
5.96
16.76
0
0
0
0
0
0
0
0
0.87
0
0
0
1.18
2.14
0.09
2.08
0
0
0
0
0
2.23
0.58
0.91
15.69
2.59
0.72
0
0.01
0
0
0.16
0
0
0
0
0
1.66
1.61
0
0
0
0
0
0
1.74
0
0
32.17
0.87
0.92
0.48
0
0
0
0
0
0
0
0
0
0
0
0
0
0
0.02
0
0
4.9
0.67
0
4.33
7.06
0
0
0
0
2.62
7.43
2.81
0
0.36
0
2.52
0
0.07
0
0
0
0
3.94
16.42
6.33
0.09
0
3.3
0
0
7.23
0
0
3.3
0
0.5
0.12
8.05
11.05
0.81
1.87
7.02
0.02
0
0.3
0
1.08
0.66
0.34
11.4
0
0
0
5.69
0.98
0
0
0
19.8
0
0
0
11.43
0
26.93
24.78
3.74
4.1
17.47
3.46
22.41
5.99
0.86
6.84
2.19
0.11
3.81
7.93
1.73
9.5
5.54
8.6
6.3
0.03
0
0
0
3.79
0
0
12.86
0
0
0
0
0
13.99
0
0
0
0
0
0.09
0
0
0
19.44
30.39
0
0
0
0
0
24.51
0.07
0
24.03
0.59
0
0
0
0
0
0
0
10
0
3.43
0
0
0
0
6.29
0
0
0
0
2.08
27.24
1.21
0
0
0
0
0.19
0.37
0
1.4
1.36
0.31
1.56
14.58
0.06
0
0
0
0
0
0.19
0
0
0
0
0
0
5.78
0.3
0
0
0
0
0
0
0.56
13.61
4.67
9.54
0
0
0
0
0.28
0.02
0
0
0
2.32
8.81
1.23
0
0
0
0
1.37
0
0
0
10.04
0.94
12.81
0.06
15.89
0.07
7.16
1.4
2.84
0.03
0
0
0
0
0
0.02
0.09
0
0
0.15
0
0.66
0
0
0
0
4.03
0
6.42
6.53
0
0
0.01
0
0
2.34
15
0.3
0.28
1.91
0.42
0.46
4.8
0.49
0.05
0
1.66
9.58
0
0
0.06
0.03
0
13.05
0.71
1.42
0
0
0
0.3
0.18
0
0
1.38
8.22
2.79
2.12
16.54
9.81
0.09
0
0
0
0
0
0
3.94
0.66
0.91
0
3.85
0
0
0.23
0
0
0
0
0
1.86
0
0
0
0
0
2.87
5.8
0
0
0.92
9.06
5.9
0
0
0
0
0
0
0
9
1.18
0
0
0
0
0.02
14.83
0
0
1.21
0.36
0
1.91
0.02
0.06
0
0
0
14.83
0
0
0
0
0.15
0.09
0
0
0
0
0.44
3.32
0
0
0
0.03
0
0
0
2.26
3.48
1.19
0.16
0
12.95
4.63
0
0
0
0.56
0.28
4.5
3.42
4.49
6.81
0.5
0
0
1
0
1.05
2.66
0
0
0
0
0.44
0
0
0
0
0.17
0.05
0.19
2.71
6.85
0
0
0.04
0
0
0
0.07
4.88
1.32
19.93
9.12
0.28
0
0
6.89
0.49
0.81
0.08
0.06
0.06
0
0.19
0.61
0
3.26
9.6
4.95
15.03
9.6
0.36
0
0
0.15
0
0
0
0
0
0
0
16.56
17.36
2.85
0.5
1.29
2.58
4.56
0
0
0
4.27
0
0
0
0
0
0
1.91
1.37
0
0
0.01
0
0
0
0
0
0
11.82
0
13.48
0
25.32
0
0
0
0
0
6.23
16.11
0.33
0.62
0.12
0.01
20.98
4.85
0
0
0
12.97
0
19.91
13.75
2.29
0.59
7.12
0
0
0
43.4
4.98
0.68
1.05
0.12
0.41
0
0
0
0
0
4.83
0.12
0
31.5
11.93
0.04
6.51
2.08
0
0.15
0.22
7.97
0
0.08
1.34
5.85
0.13
0
0.28
0
0
0
0
27.2
41.74
27.29
1.32
0
0
0
0
0
37.3
10.91
0.01
0.52
2.25
0
0
0
0
0
9.43
1.06
0.01
0
0
0
0
0
0
0
0
0
11.27
8.42
0.65
7.61
0
0
0
3.04
7.77
0
0
0
0
0
0
0
0
0.25
0
0
0
0.64
6.44
7.95
3.88
0
0
0
0
0
0
3.37
4.06
7.07
0.1
12.77
3.6
0
0
0
9.03
0
24.19
1.19
2.01
10.12
14.78
6.84
0
0
0
0
0.22
4.96
4.45
0
0
0
0
0
0
12.75
1.34
0
0
0
0.06
0.43
6.06
1.65
0
0
0
0
0
0
0
1.5
0
0
0
0
0
0
0
0.19
0
0.14
0.16
0
0
0
0
0
9.03
0
0
0
0.59
0.43
0
0.74
2.03
0
0
0
0
0
0
0
0
0
0
0
0
0
0
0.03
0
3.1
0
0.91
4.56
1.02
0.03
0
0
0.16
0
0
0
0
0
0
0
0.16
1.73
0
0
0
0
0
0
0
0
0
0
0
0
0
11.67
0.75
0.41
0
0
0
0
0
0
1.01
2.82
0.07
0.06
0
0
0
0.49
0
0
9.17
0.02
0
0
0
0
0
0
10.88
0
0
0
0
0
0
0
0
0
0
0
0
13.42
7.05
0.27
0.37
1.58
4.39
15.07
0
6.12
0
0
0
0
1.1
0
0
0
4.36
0
4.28
10.21
0
0
0
0
0
0.98
0
0
0
0
0
1.71
5.71
0
0
0
10.41
1.38
4.42
8.21
0.05
0
13.01
3.33
1.08
0
0
0
2.64
1.11
0
0
0
22.6
6.95
0
0
0
3.52
10.32
0.06
0.04
0
0
0
1.87
0.19
2.3
0.03
0.63
0.16
0.15
0
0
0
0
0
0
0
25.55
0
0
0.02
0.41
1.69
21.49
1.79
9.97
7.84
21.39
0.12
0
0.03
29.7
0.11
0.73
0.38
0.23
0
11.08
5.36
0.01
0
0
9.52
1.66
0
0
0
0
0
19.85
0
0
0
13.84
0.09
0
0
0
0
0
0
8.26
0
0
0.13
0
26.03
2.74
0
0
0.31
0
0
0.05
0
0
0
2.51
0
1.13
0
0
0
0.21
28.16
0
0
0
0
0
0
0
0
0
0
0
0
0
0
0
0
0
31.59
0
0
0.34
0
0.53
0
0
0
0
0
0
16.57
8.3
0
0
9.27
3.16
0.06
4.83
0.29
0
0
0
0
0.27
0.11
0
0
0
0
0
0
0.05
0
0
0
0
0
0
0
0
0
0
0
0
0
0
0
0.01
0
0
0
0
0
0
0.52
0.12
0
4.51
0
0
0
0
0
0
4.48
0
7.74
6.43
23.3
0.02
0
0.03
0
0
0
0.16
0
0
0.05
0
0.02
0
0
0.02
0
5.77
0.02
1.31
0
0
0
0
0.03
0.23
0
0
0
0
0
0
0
0.14
0.27
2.13
0
0
0.55
0.02
0
0
0
0
0
0
0
0
0
0
0.37
0
5.72
1.38
0
0.49
0
2.41
0
0
0
0.93
0.13
0
0
3.44
0
0
0
0
0
1.57
0.18
0
0.07
0
0
0
0
0
0
0
0
0
0
0
0
0.14
0
0
0
0
0
0
0.35
0
0
0
0
0
0
0
0
0
0
0
0.01
0
0
0
0
6.34
5.56
6.13
0.94
0
0
5.08
0.08
0.76
0
0
0.38
0
0.04
0
0.12
1.62
8.26
0.3
1.85
0
0
0
0
0
0
0
0
23.56
5.97
0
3.58
9.58
0
0
0
0
15.05
0
0
0
0.12
0
0
0
0
3.84
13.71
0.61
0.17
0
0
0
0.32
0.02
1.48
9.61
0.36
0
0
5.44
0.02
0
0
0
23.23
3.74
4.34
4.42
0.02
0
0
0
0
0
0
0
0
0
0
1.04
9.53
0
0
0
0
0
0
0
3.75
0
0
0
0
0
7.56
4.49
15.47
0.92
0.74
20.12
1.57
0.09
0
0
2.43
0
5.56
0
0
31.29
2.04
6.01
0
0
11.09
0
0
0
0
1.23
0
0
0
0
0
0.02
0.04
0.67
0
0
0
0
0
0
0
0
0
0
0.02
0
0
0
6.27
0
0
0
0
2.18
6.81
0
0
0
0
0
0
0
0
0
0
34.87
8.13
0
0
0
0
0
7.31
0
0
0
0
17.72
0
0
0
0.03
0
0.37
7.47
2.51
0
0
0
0
6.44
0
0
2.71
0
0.04
2.95
0
13.83
11.8
0
0
0
0
0.05
0
0.17
0.61
0.02
12.01
26.49
6.54
0
0
6.22
5.81
2.28
0
0
29.09
0
0
0
0
0
1.33
6.59
0
0
0
0
0
1.51
0.56
0.18
0.07
0.88
0
0
0
0
0.01
5.89
5.98
0.07
0.01
2.67
0
8.82
0
0.15
6.59
1.1
0
0
0
0
0
0.18
4.54
0.02
0
2.14
0.08
0
0.41
0.01
0.13
0
0
5.75
0.34
0
0
0
0
0
0
0.02
5.26
0.66
7.55
2.66
1.44
0.01
0.01
0
0
21.85
11.95
0.19
12.42
1.17
5.28
0.06
0.79
8.52
5.3
0.03
2.32
0
0
0
2.63
0.11
0
0
0.51
19.3
0
0
4.87
1.25
0
0
1.71
0.56
6.56
7.29
11.72
3.58
0
0
0
0
0
0.11
2.95
16.43
8.8
2.54
25.14
9.11
1.02
0
0
0
0
0
0
0
0
0
12.4
7.97
0
0.18
6.47
2.77
0
0
0
13.6
0
0.72
0
0
2.29
5.44
13.35
4.19
0
0.48
6.19
29.69
8.59
0.79
20.46
1.19
0.07
4.01
0
0
0
0
0.26
0
3.91
0.6
0
0
0
0
0
0
0
0
5.4
0.02
0
0
0
0
0
0
0
2.11
8.22
0
1.37
13.07
0.92
0.07
1.03
0.06
0.32
3.61
0
0.01
0
0
0.56
8.42
0
0
0
0
0
0
0.65
10.46
1.8
0.41
0.04
0
18.71
5.48
2.98
3.25
1.72
3.78
0.08
0
0
1.22
0
1.52
4.74
0
0
0
0
0
0
0
0
0
0
0.61
3.67
15.23
0.05
0
0
0
0
0.14
0
0
0
0
0.05
8.08
0
0
0
4.22
12.34
0.05
0
0
0.59
0
0
0
0.06
0
0
0
0
3.66
0
0
0
0
0
0
0
0
0
0
0.24
0
0
0
0
24.61
0.2
0
0
9.38
2.83
0
0
0
0
0.17
1.68
0
0
10.77
5.64
5.31
3.01
12.71
0.02
0
0
0
4.13
0
0
0
0
0
0
0.62
15.86
25.3
0.67
0.35
2.14
0
0
15.94
8.43
1.35
0.19
0
0.54
0
0
0
0
0.66
1.31
1.88
26.91
8.78
0.01
0
0
0
0.94
1.77
0
0
0.1
0.13
6.78
3.89
0
0
2.27
1.19
0
0
0
0
0
0
0
0
0
0
0
0
4.6
0
0
0
0.28
20.26
13.88
13.48
0.07
0.01
0
33.95
18.98
5.44
0.04
2.08
1.63
0.07
0
0
0
6.24
10.18
2.56
12.76
19.54
7.7
0
0
0
0
0
0
0
0
0
0
0
0
0
0
0.15
0
0
0
0.04
0
0
0
0
0
0
0
0
0.17
0.03
0
0
9.65
0
0
1.34
1.03
0.29
0
0
0
0.39
4.46
0
0.18
0.05
0.04
0.01
0
0
0
4.53
0.07
0
0
0
3.61
0.16
0
0
1.81
14.07
0.04
0.31
0.7
2.37
1.19
1.59
1.61
9.15
4.44
0.02
0
0.1
0.03
7.94
0.13
12.07
2.5
16.93
3.63
5.6
0
0
14.58
7.51
0
7.37
0
0
6.35
2.06
0
0
0
0
0
0
0
4.63
0.01
0.07
0.02
0
0
0
0
0
0
0
0
0
0
0
0
0.31
0
0
0
7.8
0.32
0.97
0
0.2
0
0
0
0
0
0
0
0
0.27
8.22
0
8.3
0
1.01
0
0
2.64
3.42
1.62
0
0
0.01
4.19
1.17
12.25
0.02
0
4.12
22.35
0
0.08
0.32
1.26
2.91
0
1.23
0.1
0
0
0
9.17
0.18
5.41
0.26
26.59
2.48
13.08
0
9.56
9.09
2.12
0.47
0
0
0
0
2.16
0
0
3.37
1.39
0.01
0
0
0.11
0.05
0.14
1.14
0
0.01
0
0
0
0
0
0
0.06
0
0.6
0
0
0.04
0
0.58
7.17
0
0
5.61
10.91
6.12
0
0
0
18.75
7.52
0
8.84
0
0
1.82
0.44
0
2.85
6.42
14.35
2.82
0
0.73
0.82
0.11
0
1.41
0.27
0
0
0
12.57
0
0
0.17
0.27
15.47
4.63
0.06
27.4
0.42
0
0
0
3.53
1.46
0.1
0
0
28.14
0
1.04
7.85
23.49
40.5
0.26
0
0
0
0.79
22.23
0.46
0
7.55
3.87
0
2.5
4.33
0
0
0
33.61
13.89
25.04
5.46
2.17
4.23
3.09
0.05
0
2.46
5.64
28.62
45.77
4.5
3.31
1.28
0.91
0
0
0
0
32.48
1.03
0
0
0.75
3.41
0.48
0
0
0
3.11
0.23
0
0.22
0
0
0
0
0
0
0
0
0
0.31
0.34
0.03
0.34
0
0
0
54.51
3.18
9.05
0.89
0
0
0
0
0
0
0
0
0
0
0
6.14
1.27
3.52
0.6
0
0
0
0.03
0.26
0
0.05
0.01
17.78
0.18
0
0
0
0
0
0.03
0.13
0
0
0.33
0.75
2.53
6.14
2.12
1.09
1.68
1.14
16.06
9.47
0.06
0
0
0
0
0
0
0
5.05
0.02
0
0
0
0
0
0
0
0.03
0.1
7.02
0.48
0.58
0
0
0
2.01
0.3
1.65
0.13
0
0
0
0
0
5.94
0
0
0.73
0
0
0.17
0
0
1.39
0.36
0
15.58
4.61
0.55
0
0.2
0
0.9
13.35
0.01
5.48
0.01
0.16
0
0.21
0.8
0
0.54
3.89
0.1
0
0
0
0
0
0
0
0
0
0
0
14.66
2.31
13.09
0.03
0
0
0
0
3.28
0
0
0
0
0
0
0
0
0.42
0
0
0.32
0.13
0
0
0
0
0
0
0
0
0
6.89
7.66
1.92
0
0
1.92
0.29
0
0.08
0
0
0
0
0
1.91
0
0.48
2.03
0
0
0
0
0
7.97
0
0
0
0
0
0
0
0
0
0
4.51
0
0.01
4.29
3.42
0.36
0
0
0.47
0
0
2.22
0
0
0
11.39
0.97
5.02
0.28
0
0
0.56
9.2
6.89
43.6
4.91
0
1.13
4.22
0.02
0
0
3.57
0
0.11
0
0
0
0
0
0
0
0
0
0
0
0
1.28
1.82
0.16
0.05
0
2.91
5.54
0.02
0
23
3.27
0
0
2.75
0.05
0
0
0
0
0
0
0
0
0
30.28
1.56
0
0.31
7.77
2.14
0.59
0
0
0
1.91
0
0
0
0
1.08
0.91
13.25
0.2
3.37
0.04
3.66
1.77
0.06
0.09
0.42
0
0
0
0
0
0
0
0
0
0
0
0
0.22
15.93
2.29
0
0
0.28
0.94
0
0
0
0
0
0
0
0
0
0
0
0.1
2.76
13.62
9.4
1.87
0.07
0
0
1.17
0.57
0.01
0
0
0.1
0
0
0.85
3.31
0
0
0.03
1.78
20.41
22.92
0.03
0
0
0
0
0
0
0
0.65
0
2.32
1.06
2.79
0.02
17.18
17.54
2.43
12.33
24
19.26
1.59
0.46
2.34
26.85
0.02
0.02
0
0
0
0
0
0
0.42
0.06
0
0
0
0
0
0
0
0
0
0
0
0
0
0
0
0
0
0
0
0
0
9.34
1.64
0
0
0
0.08
0
0
0
0
0
0.16
0
0
0
0.08
0
0.02
0.54
0.53
0
0.01
0.01
0
0.01
0.04
0.03
0.16
0
0
0
0
0
0
0
0
0
0
0
0.01
0
0
0
1.37
1.22
2.12
1.27
4.59
0.01
0.6
3.35
0.1
22.25
0
0
0
0
0
0
0
0
0
0
0
0.71
0.08
0.36
0
0
0
0
0
0.32
0
0
18.28
0
0
0
0
0
15.89
12.76
0
11.7
7.47
8.71
11.42
1.51
0.79
12.2
4.84
0.02
0
0
3.5
0.03
0.63
0
0
1.83
11.48
0
2.52
10.85
0
0
4.54
4.24
0
0
0.37
1.62
0.07
0
0
3.71
0.04
0
0
0
0
1.29
0
0
0
0.11
0
0
0
2.58
0
0
0
0
0
0
0
0
0
7.54
0
0
0
0
0
0.6
0
0
0
0
0
0
0
0
2.77
0
0
0
12.96
0.02
0
0
24.9
5.73
3.2
0.88
0
0
0.07
1.15
0
0.57
1.36
7.01
6.64
10.66
1.63
0.87
1.05
0
2.33
0.96
0
0
11.25
1.72
0
0.31
0
0
2.86
0.39
0
3.36
13.75
0.39
7.67
21.11
0
0
0
3.89
1.87
3.9
6.05
0.54
6.46
3.09
0
0
0.88
27.21
12.13
0
0
0
0.4
3.21
0.06
2.92
0
0
0.04
0
0
0
0
0.03
0.63
0
0.04
0
0
0
0.02
54.93
0
0.48
5.19
0.2
0.01
0
0
5.58
0
0
2.18
5.62
1.55
13.95
0.03
0
0.04
2.79
0.02
0
0
0
8.42
0
0
0
2.43
14.8
0
0.02
0
0
12.28
6.73
0.02
0
12.72
0
7.27
0.93
0
0
0
0
0
0
0.14
0
0
0
0
0
8.01
6.3
10.48
0
0
0
0
0
0
0.97
0
0
1.72
1.53
0
0
0
0.08
0
0
0
0
0
0
0
0
0
0
9.02
3.28
4.07
0.04
0.06
0.1
0.36
0.02
16.95
1.28
0
0
0
3.38
0
0.06
1.4
11.06
11.37
1.63
0
0
0
22.85
0
0
0
0
0
0
0
1.87
0.56
0
3.3
27.19
1.63
8.81
0
0
35.31
7.83
0
0
0.3
1.37
0.06
0
3.5
0.02
0.01
0
0
0
0
0.07
0
0
0
0
0
0
0
0
0
0
0
0
0
0
0
0.08
0
0.26
0
0
0
0
0
0
0
0
0.02
0
0
0.06
2.15
4.16
0
0
0
0
0
0
0.03
0
0
0.54
0.83
0.48
0
0
0.04
24.38
0
0
0
0
0
0
0
0
0
0
0
0
0
0
0
0
0
1.34
1.07
0.23
0
11.35
10.66
16.08
0
0
0.07
0.06
0
0
0
0
0
0
2.83
0
0
0
0
0
0
2.42
0
0
0
7.77
0.71
0
0
0
0
3.93
0
0
0.35
0.04
0
0
0
0
0
0
0
0
0
0
0
0
0
0
0
0
0
0
0
0
0
0
0
0
3.06
0.28
0
1.09
0
0
0
0.27
0
0
3.65
0.61
0.01
0.21
0
2.27
0
0
0.11
0
0
0
0.05
5.96
14.51
0
0
0.33
0.19
10.36
1.47
1.37
2.17
1.32
0.53
0.06
0
0
0
3.12
5.19
1.21
0
0
0
0
2.89
0
0.13
7.53
5.48
0
0
0
0
0
0
0.47
0
10.1
0
2.37
0
1.89
3.87
0
0
1.32
0
2.64
0
0
0
0
0
0
0
0.29
0.17
0
0
4.96
21.84
0
0
25.64
0
1.67
0
0
0
0
0
0.22
17.95
0.4
2.68
0
10.94
7.82
0
0
0.59
0
0
0
0
0
0
0
2.52
15.33
0.81
4.86
0.42
0
0
0
0
0
0
0
4.47
0
17.52
0
0
0
17.09
1
0
0
0
0
0
0
0
12.65
0
0
0
0
0
0
0
13.44
3.46
0
0
0
4.17
10.72
0.23
2.95
0
6.11
2.96
0
0
0
9.69
1.61
0
21.51
13.95
30.9
22.22
42.16
42.9
0.82
0
0
0
7.78
1.44
0.45
0
0
0
0
0
0
1.55
0
1.4
1.04
0.02
0.02
0.21
0.04
0
0
0
0
0
0
0
0
0.01
0
0
25.59
3.59
0
0
0
1.57
0
0.29
0
0
0
1.29
0.95
0
1.16
9.36
6.92
4.08
0.01
0.04
0
24.42
0.46
0
0
0
1.15
0
0
0
0.16
0
0
0
20.62
0.11
0
0
23.94
1.85
0.23
0
0
0
0.04
0
0
18.45
0.13
0.01
1.12
14.52
0
1.27
14.3
0.1
0
0
0
0.03
0
0
0
0
0
0
1.02
16.21
0.02
0
0
10.22
0
0.08
0.18
0
0
0
0
6.87
3.27
0
0.43
2.14
1.48
0
0.01
0.67
0
0.15
0
0
0
0
0
0
0
0
0
0
0
0
13.98
5.37
3.37
0
0
10.67
17.91
1.54
0
0
0.28
5.58
1.81
0.01
0
0.75
4.45
0.08
6.46
4.06
2.08
5.76
2.74
0.04
0
2.44
1.53
0.1
0.35
2.69
0
0
6.76
1.48
6.29
0
0
0
0.12
0
3.48
5.8
7.31
7.74
16.87
2.19
1.39
0
0
0
0
0
0
0.52
2.37
0.02
13.17
0.7
17.88
0
0
0
0
2.35
0
0.64
0
2.03
0.1
0
2.53
0
0
0.1
0.36
0
0
0
0
0
0
5.03
0
0
13.14
0
0
0
0
0
19.84
0
16.46
0.01
0
0
0.19
0
9.15
4.33
7.1
0.64
24.45
1.08
0.36
0.06
0
0
0.33
0
0.81
3.54
0.14
0.26
0
0
0.68
2.39
0
0
11.68
0.2
5.79
0
2.4
1.14
6.53
38.58
0
0
0
34.15
7.08
2.21
0
0
0
0
0
0
2.82
0.67
0.15
3.51
1.47
2.3
6.25
0.82
5.56
0
0
0
10.88
0
12.57
19.98
0
0.29
0
20.29
7.12
0
0.66
22.17
3.14
0
0
0
0
0
3.97
9.13
0.7
0
0.1
0.08
0.33
0
0
0
0
0.15
1.34
3.05
0
0
0
0.23
0
0
13.41
0
0
0
13.11
0
0
0
0
0
0
0
0
0
11.06
16.96
3.66
0
0
0
0
2.97
4.46
7.18
5.89
18.11
0
0
0
0
0
0
0
0
0
6.49
0
0
0
0
0
0
0
1.54
7.41
0.29
0
0
0
0
0
0
0.63
0.31
0
0
0
0.15
0.02
0
0
0
0
0
0
0
0
0
0
0
0
0
0
0
0
0.8
0
0
1.01
15.99
3.06
0
0
0.82
3.49
0.01
0
0.03
0
0
0
0
0
0
0
0
0
0
0
0
1.34
3.16
6.7
0.12
0.05
0
3.57
20.1
15.26
0.34
0
0
0
0
0.04
0
0
0
0
5.83
0.04
0
0
0
0
0
4.53
0.1
0
0
0
0
0.01
0
0
0
0.15
0
0
0.03
0
0
0.09
0
0
0
0.4
0
1.22
0.02
0.07
0.04
0.15
0.28
0
0
0
0
0
0
10.41
1.88
0
0
0
4.3
0.03
0
0
0
1.96
3.94
0
0
0.17
0
0.06
16.96
0
0.06
0
0
0
0
9.34
0.27
0
0
0
0
0
0
0
0
0
0.81
0.46
0
0
0
0
0
0
0
0.05
0
9.94
0
0
0
0.48
0.44
0
1.29
0
0.59
0
0
0
6.02
5.56
0
0
0
0
0
0.17
10.91
0
0
0
0
0
0
0
0
0.28
0
9.22
0
0
0
0
13.51
6.88
0.02
0.25
2.59
0
0
0
0
0
0
0
0
0.86
0
0
0
5.27
0
0.07
2.68
0
0
12.12
16.11
12.2
0.45
0
0.1
6.77
4.4
0
5.96
3.64
3.97
17.21
0.45
0
1.76
2.15
0.1
0
0.37
0.39
0
0
0.03
5.87
22.62
49.45
2.21
0
0.3
0.11
0
0
0
0
0
0
0
0
0
0
0
0
0
2.34
2.65
0.32
10.4
6.45
0.35
20.97
15.03
0
0
0
11.89
0
0
0
0
8.94
5.18
0
0
6.19
19.19
0.66
0.38
0
0
2.36
0.22
0
0
0
7.21
1.64
0
0
0.15
0
0
0
0
18.23
34.6
10.54
0.15
0.05
11.73
0
7.37
7.13
0
0
0
1
4.47
0
0
0
0
22.41
0.02
0
0.79
0
0
0
0
1.33
2.7
0
0.45
0.68
0
0
0
0
0
0
0
8.46
0
0
0
9.61
4.94
12.15
2.31
0
0
0
0
0
0
0.04
0
0
0
0
0
0
0
0
5.39
0
0
0.35
0
2.28
0
21.3
0
0
0.2
0.16
0.02
0
2.55
5.59
0
0
0
0
0
0.42
0
0
0
0
0
0
0
0
0
0
0
2.24
4.97
2.8
0.2
0
0.6
5.34
5.32
22.27
4.22
0
16.83
0.91
1
0.12
13.45
9.48
0
10.45
2.15
5.09
0.1
0.04
14.03
0
0
0
0
0
0
6.4
2.62
0
0
3.81
9.92
0
0
0
0.87
0
0
10.63
0
0
1.69
8.25
0
0
0
0
0
0
0
13.61
35.51
0.04
0
0.1
0
0.35
0
0
0
0
0
0
0
0.74
0
0
0
0
0
0
0
0
0
0
0
0
0.07
0.2
0.66
0
0
0
0
0
0
0
0.06
8.82
0
0
0
0
0
0.98
1.95
0
0
0
0
0
0.82
0
0
0
0.04
0
0
0
0
0
0
0
0
0.02
0
6.49
23.72
0
0.03
0
7.38
1.23
11.71
0
3.85
1.89
0
0
0
0
0
0
0.37
0
0
0
0.07
0
0
0
0
0
0.78
0.76
2.57
0.05
0
0
0
0
0
0
0
0
0
0
0
0
0
0
0
0
0
5.12
0
0
0
0
1.78
4.99
0
0
0
0
0
0
0
4.83
0
4.94
6.87
3.36
9.5
0
0.13
2.98
0
0
0
0
0
3.24
0.24
0
0
0.54
4.21
2.09
0.05
3.58
0
0
0.08
5.62
0.08
4.74
0.84
0
0.11
0
0.01
2.4
0
0.26
4.03
1.92
6.21
0
0.42
0.27
0.36
2.44
0
0
0
3.8
1.61
0
0.63
30.46
20.2
10.56
1.4
0
0
0.99
5.19
0
0
0
20.84
0
4.03
2.02
0.7
0
0
13.13
0
0
0
0
12.11
0
0
0
0
9.68
1.76
0
0.36
0.01
24.99
0.29
1.32
46.53
17.99
3.15
0
0
0.2
0
0
0
0.02
21.15
9.06
7.04
2.61
0
0
0
0
2.54
0
24.58
17.65
2.78
0.59
28.41
1.69
1.63
0
0
0.36
0.15
0.1
0
0
0
0
0
1.96
25.06
0.51
0
2.54
0
0
0.03
0
0
0
0
0
0
0
0
0
0
0
0
0
0
0
0
0
1.25
46.92
1.15
24.56
1.35
0.07
0
0
0
33.81
0
3.52
0.42
10.1
0
0
2.1
22.18
4.17
6.47
0.14
16.19
4.38
0.15
0
0
0
0
0
0
0.51
0
0
6.12
0
0.75
0
0
0.09
0
0
0.11
0
0
0
0.11
0
0.14
0
0
0
0.22
0.22
12.51
0
0
1.87
0.01
0
0
0
0
0
0.11
0
0
0
0
0
9.67
3.06
0.14
0.04
1.06
0
4.36
32.88
2.29
0.05
0.04
0
0
0
0.57
0.17
0.24
0.69
1.33
0.22
0.76
0
15.12
1.94
0
0.03
10.81
4.69
0.01
0
