20010101
4.8
3.92
1.71
3.57
3.57
3.62
3.32
1.55
5.29
6.01
4.06
5.84
4.93
7.28
7.4
1.48
2.82
3.97
3.79
1.99
1.63
2.02
1.3
1.53
2.51
1.2
5.22
3.29
2.53
1.84
4.31
4.96
6.85
6.06
4.55
6.53
8.1
5.89
8.66
6.63
6.68
10.61
10.29
5.96
7.05
10.59
11.08
9.17
10.05
7.32
5.59
7.98
10.22
5.89
6.53
11.23
6.47
12.58
7.72
8.54
11.17
4.91
8.01
4.26
11.55
13.76
9.47
12.27
11.66
14.1
15.73
2.11
11.67
12.38
15.04
12.66
15.3
7.86
11.82
2.99
2.29
13.17
13.36
15.14
12.75
4.58
9.67
9.43
7.77
10.33
18.73
20.66
19.04
19.47
7.06
19.81
14.6
2.52
8.35
14.76
4.83
13.37
20.35
18.57
21.63
14.27
10.96
20.81
13.93
6.92
8.35
10.37
20.03
23.27
24.14
5.58
25.16
23.56
24.08
22.9
25.28
25.7
25.55
22.96
21.14
17.4
13.25
17.89
20.65
26.13
20.4
24.66
25.09
27.3
22.1
26.05
27.83
21.64
21.07
26.91
17.46
20.7
26.24
30.23
23.7
29.49
24.43
21.19
22.22
26.95
14.51
22.87
26.37
15.61
13.61
22.38
25.45
21.28
27.92
18.57
22.95
6.1
28.78
27.62
14.72
27.18
24.35
12.74
16.9
11.74
9.55
28.76
16.42
23.62
29.58
29.1
29.84
28.52
21.51
14.11
28.03
8.83
24.61
25.34
17.3
22.57
23.09
26.3
25.33
15.39
21.74
28.32
14.93
25.06
27.15
24.63
18.81
4.83
25.03
24.69
15.38
3.74
9.66
7.14
12.34
15.51
21.22
20.27
25.71
25.98
21.97
26.61
24.56
23.09
24.01
23.97
24.66
23.49
24.79
24.78
24.37
21.43
6.89
26.01
24.94
22.09
21.6
23.46
22.13
22.35
21.31
22.33
18.38
11.91
17.85
15.84
19.35
22.09
20.27
13.84
22.15
21.27
6.39
14.65
9.63
19.73
16.94
3.47
3.53
12.77
8.41
5.85
13.46
8.5
12.74
17.39
8.8
3.66
6.97
4.29
12.33
11.06
18.43
14.97
13.3
3.84
14.14
4.8
6.32
16.21
16.74
14.66
7.78
10.12
14.87
14.28
12.45
10.47
13.84
11.31
13.93
10.5
10.46
11.94
13.08
13.11
12.07
11.5
10.75
7.83
3.83
2.44
2.84
9.29
8.37
9.49
2.98
3.23
6.95
9.57
6.51
4.25
5.39
9.93
5.57
8.83
9.38
9.49
8.52
3.36
4.53
3.37
2.1
5.99
2.11
1.48
0.94
5.16
8.2
8.51
7.77
4.48
2.06
5.71
7.12
6.65
4.14
3.88
5.76
3.64
1.18
1.8
4.9
1.22
6.18
2.76
2.29
1.12
2.67
1.76
2.23
5.57
5.99
6.83
1.83
1.49
4.14
5.41
6.5
4.55
2.69
2.33
6.68
6.22
5.87
4.44
2.71
7.41
4.26
2.44
3.68
3.89
3.48
1.66
2.52
4.03
2.96
5.81
6.19
5.69
6.4
4.7
3.36
5.81
1.38
0.84
2.94
1.32
1.52
1.46
1.48
1.89
2.03
5.9
6.45
1.05
7.32
7.31
2.52
5.62
2.38
2.55
5.64
7.11
8.03
6.56
5.7
8.12
7.96
6.18
7.77
5.46
2.07
4.14
4.41
3
8.85
6.06
8.15
1.78
6.68
6.02
4.92
3.05
7.51
3.06
3.53
12.85
7.36
7.62
5.93
11.08
7.24
1.5
9.97
9.06
8.74
15.05
14.25
7.93
14.04
14.81
14.39
8.07
16.95
13.91
8.2
10.6
11.07
8.12
15.01
11.26
7.77
7.81
7.82
8.04
8.39
8.04
7.9
7.95
12.02
16.58
18.19
18.58
15.7
7.47
17.52
16.48
7.47
18.09
13.69
17.94
17.96
7.12
6.53
6.63
6.57
7.49
7.01
6.85
17.73
7.4
6.83
11.98
11.37
19.16
18.29
14.61
7.85
18.75
15.12
6.68
23.62
20.51
20.64
24.54
22.72
18.45
22.33
7.95
15.47
18.16
22.3
15.92
11.8
19.87
17.16
15.21
21.43
23.9
22.83
22.04
23.01
17.07
8.02
12.04
19.1
13.36
8.32
8.09
5.33
8.33
8.1
8.47
8.83
8.66
2.4
3.02
2.42
2.49
1.71
1.7
1.46
2.09
1.69
1.4
2.66
2.84
2.57
2.34
2.47
2.22
26.74
29.99
30.1
30.13
29.07
28.27
28.91
27.52
14.42
29.57
30.7
10.09
24.17
29.17
29.72
26.33
26.33
10.58
30.02
29.72
17.42
30.04
28.05
27.23
28.75
24.77
22.62
26.66
22.14
19.93
24.59
10.99
21.25
22.89
28.17
15.53
26.31
19.8
24.05
27.12
28.51
23.84
19.39
24.01
17.31
17.68
19.12
23.19
15.61
18.35
9.01
6.69
10.98
20.86
20.85
5.45
7.6
10.92
9.62
14.31
20.77
22.22
20.82
21.4
21.2
14.5
11.9
17.39
21.31
21.97
19.87
12.49
14.9
12.35
17.95
19.69
16.92
15.23
19.71
15.61
16.55
13.63
16.57
18.25
17.53
10.47
12.51
17.86
12.58
18.68
8.84
13.09
13.8
18.1
14.44
10.28
10.95
3.51
3.67
2.68
3.31
11.28
8.67
6.16
14.91
16.4
15.94
12.93
11.97
6.97
13.44
7.59
12.07
13.74
4.22
4.8
1.79
1.93
6.36
10.51
9.1
8.53
9.91
4.83
9.12
11.76
7.73
6.22
11.44
7.5
9.91
10.58
7.38
11.16
10.74
3.02
2.51
5.04
2.8
3.3
1.8
4.4
3.6
2.27
2.5
4.34
7.67
3.19
8.49
4.85
3.25
7.19
2.94
4.02
3.64
6.02
6.7
6.55
1.68
5.36
5.28
4.38
3.63
3.59
1.24
1.66
3.81
3.33
0.81
1.25
0.76
0.83
0.93
0.79
2.26
3.27
5.72
2.84
1.4
1.05
1.24
0.63
2.17
1.66
2.83
4.16
5.71
3.49
3
1.73
1.22
2.16
2.03
2
1.78
3.93
2.23
1.02
2.86
2.98
4.28
3.4
1.59
2.92
1.36
5.94
2.07
3.09
6.15
7.18
5.88
3.44
7.29
6.71
6.27
3
3.13
2.99
2.24
1.72
5.1
4.22
3.55
3.76
5.23
4.1
7.15
7.36
2.36
8.14
8.91
7.03
0.67
4.92
6.16
9.33
4.74
7.17
3.24
2.95
10.57
9.47
10.9
8.73
5.28
10.83
11.6
5.44
5.32
7.28
8.99
7.55
11.57
13.03
11.66
13.69
12.38
13.36
10.64
4.57
10.94
6.69
3.93
4.95
12.86
10.94
11.42
11.58
6.17
14.15
4.06
10.81
6.6
16.9
13.43
10.71
15.55
19.52
19.22
18.87
19.13
18.11
15.86
17.54
17.96
15.96
15.24
8.8
21.24
13
5.2
13.43
13.66
17.63
13.24
16.55
16.39
11.03
5.95
8.06
21.82
12.72
9.62
22.26
19.06
16.39
19.46
22.03
23.19
22.55
13.21
18.94
22.8
23.08
9.11
23.09
22.39
16.41
17.62
21.32
10.27
26.36
27.43
26.63
27.04
23.22
22.76
21.46
20.54
25.67
23.82
9.28
22.41
27.3
27.34
25.37
25.01
6.87
7.89
14.71
28.13
26.48
24.95
20.05
21.4
23.61
26.12
27.47
26.78
18.9
20.15
21.43
27.34
27.98
28.31
27.14
26.82
27.84
27.82
26.33
29.05
23.7
24.57
19.53
21.99
25.01
7.02
24.34
18.69
27.68
28.65
28.3
21.31
27.61
27.48
24.82
23.71
13.25
28.55
28.35
21.49
19.44
16.18
20.76
18.25
27.82
28.87
20.54
22.18
28.91
21.14
15.04
28.13
27.92
27.11
24.82
27.76
27.68
28.06
27.28
25.62
11.84
26.98
17.28
26.51
27.42
24.66
19.67
9.88
9.84
21.82
24.63
25.52
21.98
23.87
21.14
25.09
24.97
23.87
25
25.97
25.4
20.09
17.82
17.89
20.54
22.84
21.77
17.99
20.48
20.12
22.11
21.7
21.76
12.14
23.09
21.8
20.51
13.73
12.29
3.33
19.63
12.74
18.77
17.74
21.46
16.35
17.94
14.63
8.12
2.96
13.86
11.44
3.99
18.27
19.42
18.95
18.14
17.96
17.99
17.83
17.89
17.64
17.12
5.43
16.16
17.54
16.23
14.51
2.06
16.3
13.59
14.57
11.57
9.98
10.23
10.86
5.67
8.08
12.47
10.6
12.26
7.77
10.04
12.26
13.02
8.43
11.89
10.68
5.7
5.58
6.72
3.62
4.51
6.22
12.17
11.37
8.49
10.79
3.05
4.67
8.44
6.37
3.31
9.11
8.83
9.56
4.75
3.97
5.64
2.01
2.06
8.14
5.44
7.61
3.42
4.79
2.51
0.97
3.2
7.09
7.17
5.35
5.49
6.06
5.22
5.52
1.7
3.92
2.19
2.61
1.76
1.67
1.85
1.42
1.09
1.4
2.16
5.66
6.42
5.97
5.26
3.7
3.52
5.02
3.11
3.81
3.34
2.77
5.57
5.55
5.38
2.86
1.7
5.7
5.9
6.34
5.09
5.21
3.03
1.4
2.34
1.19
2.16
1.3
2.41
4.69
3.81
6.09
2.64
3.34
1.15
2.04
4.76
3.66
2.73
4.95
2.55
6.35
1.13
2.71
4.4
2.66
6.48
5.6
7.53
7.87
6.67
5.98
2.25
5.31
7.8
8.05
8.82
7.95
5.26
3.25
4.33
7.92
3.25
7.22
8.37
9.62
6.48
3.42
8.75
4.51
3.84
4.14
3.99
11.5
8.42
8.12
8.53
7.85
1.96
1.18
3.72
12.36
2.55
5.72
8.8
10.58
8.92
12.21
7.92
15.34
8.82
15.3
6.05
5.25
7.4
15.26
14.06
8.4
11.67
9.92
15.45
15.71
16.76
17.22
15.94
11.72
11.28
5.03
1.92
2.68
5.29
11.19
6.92
7.46
17.23
13.35
16.08
12.05
15.6
16.81
17.36
4.53
4.85
5.98
20.69
10.41
4.25
14.64
8.58
4.25
4.95
14.76
17.78
5.87
13.15
14.56
4.41
21.24
23.41
23.31
5.73
14.03
16.24
19.59
22.91
24.02
15.43
17.76
22.24
23.54
13.95
15.87
13.25
13.61
9.93
22.42
15.56
18.21
24.66
9.65
27.69
24.92
19.52
14.45
26.55
18.66
27.62
24.79
8.78
14.45
23.47
21.91
28.22
24.78
11.15
9.96
28.11
29.19
17.22
8.72
13.48
9.01
5.86
18.34
28.33
28.34
27.55
22.82
19.71
14.57
8.47
25.03
26.39
16.56
28.37
21.18
21.5
13.19
20.83
25.59
27.9
25.52
6.2
28.53
24.18
20.81
16.37
23.93
26.25
4.38
29.05
25.43
28.24
22.28
16.57
23.75
18.68
26.97
13.3
21.52
22.57
10.73
10.54
23.91
26.03
28.02
22.15
26.09
27.16
23.45
22.98
21.22
20.29
13.73
10.64
10.32
9.57
11.35
27.28
19.45
20.99
20.93
23.46
23.34
18.6
10.82
20.21
19.22
23.61
23.04
22.57
6.93
21.44
22.3
24.9
24.46
23.72
23.83
21.04
16.19
20.55
22.69
19.59
13.36
3.82
19.62
22.78
22.42
19.78
5.9
11.07
8.62
17.08
18.23
16.53
20.48
17.24
17.98
21.54
20.91
20.11
16.6
19.02
19.22
9.19
9.39
18.68
19.31
15.07
15.35
12.34
12.82
12.37
2.53
8.71
10.53
8.34
8.32
14.23
9.73
8
9.71
10.06
14.5
13.83
14.01
9.78
12.21
5.9
1.81
7.33
8.19
1.77
1.86
2.69
2.81
5.1
11.71
7.76
10.36
7.31
2.12
3.17
7.95
8.93
8.29
8.17
9.06
8.07
4.95
4.33
5.5
2.45
1.56
3.93
4.43
6.74
6.41
3.84
2.16
4.66
2.34
2.02
1.14
3.01
2.14
3.33
5.88
6.33
2.65
6.47
6.74
2.54
5.55
7.4
7.13
6.79
3.2
5.62
3.14
0.81
1.22
5.21
2.62
3.28
2.26
4.24
2.56
0.94
1.24
1.02
2.65
0.93
0.65
0.69
0.74
0.67
0.8
1.75
5.66
6.04
6.1
3.84
2.46
5.01
3.53
0.88
0.78
1.2
4.59
2.53
5.99
2.06
3.85
5.16
2.58
5.67
3.69
5
6.53
4.22
6.26
4.09
6.25
2.12
3.76
5.45
7.22
7.24
1.99
4.61
3.31
4.25
6.38
5.64
3.66
4.7
2.55
4.6
6.52
6.4
7.12
4.14
7.1
3.84
2.26
5.86
8.84
8.87
7.77
9.93
10.23
9.75
5.73
3.42
6.35
9.19
5.13
2.28
5.97
7.08
3.29
10.24
2.92
7.05
6.63
10.56
4.01
9.3
6.51
13.25
14.98
14.99
14.04
4.34
9.89
12.39
15.75
6.9
5.71
16.13
15.03
14.07
13.96
17.15
15.33
16.54
17.1
11.42
3.87
18.14
16.91
16.27
15.01
16.22
9.15
12.72
12.07
12.07
13.84
5.42
16.08
20.2
20.6
20.92
21.21
21.15
20.28
17.27
18.6
4.21
6.18
3.34
5.74
9.13
14.24
21
22.05
11.53
6.46
6.19
6.32
24.16
24.74
24.23
20.89
16.15
11.47
23.24
18.27
25.7
20.67
24.36
25.11
21.61
13.23
11.72
25.09
21.22
16.44
11.96
14.54
20.71
27.28
27.08
22.28
14.14
17.48
14.38
6.19
7.1
29.69
29.07
25.46
20.2
23.68
29.48
28.83
28.89
28.07
28.27
28.84
18.74
27.14
25.42
29
25.54
13.27
18.82
13.35
15.54
9.28
8.9
20.61
17.05
29.86
26.65
19.78
22.26
26.33
16.99
29.15
27.33
30.79
22.85
29.49
29.91
27.71
16.35
21.09
22.36
20.19
17.83
8.76
10.21
28.18
28.26
8.61
28.87
21.11
8.48
7.58
17.16
12.63
5.69
19
26.93
28.6
22.58
24.47
23.99
15.3
26.53
13.25
20.54
11.61
21.24
25.09
20.64
25.45
25.77
25.98
24.33
25.24
26.69
24.63
6.99
4.42
16.04
20.04
7.49
20.66
24.66
25.06
18.67
10.73
22.52
21.3
5.7
7.07
6.74
19.44
18.09
15.83
6.4
10.06
17.28
11.65
22.69
10.06
9.39
10.71
18.56
20.21
16.94
17.82
18.08
19.6
14.78
20.52
19.5
19.85
20.35
15.67
10.94
11.72
18.89
17.47
16.15
13.27
18.54
4.41
3.7
3.86
4.96
6.74
6.16
12.1
14.94
14.6
13.45
11.89
12.47
3.99
13.49
15.46
11.25
3.74
4.71
9.43
11.07
12.19
7.92
8.99
12.48
6.6
11.33
9.41
9.1
10.64
13.22
10.32
12.81
12.21
6.78
5.55
9.34
11.13
8.21
8.6
9.49
10.2
9.34
9.9
9.66
6.79
5.92
2.96
3.11
6.01
3.82
3.56
3.49
5.18
7.39
2.17
3.74
1.56
1.04
1.39
5.01
3.63
5.16
4.74
6.5
4.81
2.72
2.32
5.79
1.81
4.83
1.97
1.28
1.88
3.25
1.57
2.24
2.43
3.43
5.58
1.87
0.88
4.08
5.69
5.17
3.58
5.99
4.66
2.41
1.83
4.09
1.59
5.31
5.65
5
4.12
3.79
1.92
4.75
2.72
4.66
1.92
1.87
1.78
2.14
3.1
4.2
1.53
1.2
3.75
1.9
1.27
1.56
3.32
2.55
4.68
3.37
6.4
4.56
2.31
2.85
5.5
2.59
2.52
2.23
5.98
5.43
7.11
4.39
5.38
7.87
7.94
7.34
5.38
5.73
4.12
4.65
7.63
3.31
2.51
2.27
4.44
6.9
9.72
5.06
5.49
9.27
6.24
5.11
7.51
4.57
6.91
6.23
4.41
3.69
8.8
10.52
9.22
9.34
8.51
5.12
1.86
3.79
7.89
11
10.82
12.95
5.73
11.86
1.67
2.64
11.31
15.78
14.6
7.57
2.53
12
7
6.7
5.73
7.41
7.43
7.44
6.53
17.2
17.9
15.04
11.42
13.03
18.52
11.59
8.51
16.07
14.54
9.78
17.48
7.25
17.84
18.32
9.62
15.63
8.24
7.25
22.11
22.36
20.22
17.86
8.07
7.59
9.81
13.77
17.4
6.87
17.01
15.29
16.92
20.98
21.07
21.71
21.97
23.75
21.53
17.62
6.65
6.57
3.19
3.24
16.8
17.96
22.71
23.77
22.59
20.91
15.49
18.5
26.87
26.67
26.21
27.66
24.72
13.72
26.31
23.07
18.04
26.19
5.34
17.85
7.62
26.97
24
4.15
25.99
21.62
20.07
16.59
6.22
4.01
22.83
22.51
4.96
8.06
20.19
19.4
11.37
20.24
25.5
28.37
14.82
19.62
28.75
27.79
28.21
29.9
24.23
23.85
24.14
27.81
26.75
22.54
26.69
25.58
26.53
27.56
27.44
27.6
27.18
12.42
17.52
11.72
8.28
6.66
23.66
28.78
29.13
26.69
27.48
25.15
25.87
24.22
24.39
26.61
26.27
29.91
28.55
29.46
28.43
28.77
28.74
25.92
26.04
16.99
21.09
23.36
25.69
20.47
25.84
24.32
20.03
21.74
11.56
7.88
8.35
10.5
15.88
14.86
5.76
13.46
24.04
19.85
15.64
3.38
14.78
17.77
24.26
20.95
23.92
21.86
16.73
19.14
18.29
18.17
16.29
20.88
8.98
16.06
19.29
14.59
21.07
9.06
14.23
22.37
21.14
16.19
17.33
16.96
17.76
17.42
10.46
21.36
21.04
18.39
19.96
19.32
18.49
10.11
5.56
14.43
5.98
8.18
16.9
16.2
15.92
17.68
16.15
15.75
16.1
10.62
14.36
14.64
13.15
12.53
10.53
13.7
2.6
10.67
15.31
14.44
14.8
14.44
13.85
13.12
13.19
10.62
9.27
11.58
11.67
13.21
13.11
11.2
6.5
9.64
10.74
9.75
3.03
7.43
9.77
7.79
4.8
4.23
11.26
10.69
1.47
9.53
6.5
4.56
3.58
2.36
8.97
8.25
5.4
7.22
5.02
2.9
4.12
3.52
6.33
7.75
5.12
4.67
4.66
1.58
2.38
1.1
2.86
5.74
5.71
3.89
1.47
1.82
1.23
1.63
2.05
2.3
3.24
2.87
3.18
5.61
4.04
6.02
2.34
2.35
4.36
3.12
3.88
4.08
1.66
1.33
1.02
1.69
2.27
4.46
1.7
2.66
2.27
0.77
2.92
5.28
5.69
2.07
2.79
3.39
3.13
1.48
2.12
3.67
2.72
3.54
4.12
5.11
4.11
4.44
5.41
5.97
6.76
5.87
5.22
6.76
5.75
5.33
3.92
1.35
2.7
5.31
1
0.98
2.98
5.37
7.78
6.53
6.35
6.79
6.42
8.69
8.2
7.93
7.26
7.39
9.52
5.99
2.5
8.05
4.83
5.88
5.96
6.79
4.39
10.92
2.67
2.07
8.55
8.57
8.17
9.86
4.09
7.69
6.35
6.76
4.81
3.89
7.79
4.65
6.84
2.57
3.22
14.01
14.31
13.12
9.71
2.44
4.76
9.04
14.77
16.04
15.87
15.56
16.85
16.38
13.84
15.88
1.65
5.73
6.99
12.27
6.31
2.76
15.89
14.57
16.35
14.85
6.91
13.67
14.9
14.19
19.74
17.78
9.17
21.16
20.96
18.98
19.45
20.48
19.47
17.97
21.96
22.19
22.99
23.43
22.64
23.5
12.12
19.97
23.55
23.65
24.31
24.25
10.24
20.42
21.65
22.76
25.86
24.88
20.61
25.18
24.32
16.09
12.4
17.82
18.68
25.66
18.6
9.55
21.66
26.8
13.8
24.72
27.14
9.14
18.58
23.72
25.63
21.09
21.34
25.68
26.31
27.39
26.48
26.48
25.82
21.56
14.11
18.88
7.51
22.19
26.76
22.05
20.83
17.36
20.52
19.65
20.84
19.23
22.65
25.19
24.8
22.88
26.55
28.34
28.38
27.26
26.48
23.89
24.05
26.91
26.59
24.25
21.31
25.17
28.35
16.4
13.93
19.89
22.14
19.48
28.78
28.25
26.26
5.61
23.79
21.92
27.69
26.52
25.43
9.84
23.46
20.23
23.54
29.16
28.9
29.66
28.58
27.85
26.88
26.71
27.77
26.51
28.11
17.96
23.91
28.5
25.29
22.66
19.52
3.58
20.61
27.51
27.42
8.7
24.54
23.16
25.27
23.16
21.44
18.53
14.11
9.05
9.87
21.98
23.73
24.37
24.69
24.32
23.51
13.17
10.46
19.43
19.56
20.07
21.53
17.06
21.57
19.37
17.4
6.66
4.26
13.63
15.29
17.8
16.89
5.81
11.57
3.94
3.32
10.51
9.88
14.96
13.71
12.69
16.79
19.49
10.82
17.4
15.8
6.34
17.95
17.29
18.25
18.55
17.09
17.62
15.66
8.63
5.04
13.18
15.45
16.49
15.87
13.35
12.04
5.75
6.27
6.1
12.59
14.34
12.53
7.34
8.57
8.77
7.32
14.03
13.75
12.9
12.11
3.96
11.32
6.78
5.74
2.69
2.44
1.88
3.36
1.65
3.46
1.01
3.16
2.27
5.84
9.69
7.43
5.72
3.16
8.87
3.59
7.17
4.24
0.98
6.62
5.21
5.95
7.05
2.49
1.85
3.29
2.33
1.19
2.75
2.64
5.07
5.22
5.15
4.52
1.41
4.98
5.51
6.99
7.62
4.15
5.97
3.12
0.9
3.37
5.93
5
3.06
2.74
3.79
2.18
1.98
0.92
3.73
2.45
3.44
2.14
2.08
3.16
2.89
2.02
1.31
1.25
1.11
1.3
1.81
1.31
0.94
0.86
0.73
0.99
1.61
2.49
1.77
1.04
1.3
1.62
1.69
3.93
5.82
2.45
1.59
3.05
4.96
2.43
2.49
4.98
4.61
2.19
2.84
2.28
5.58
7.12
2.03
6.58
7.35
5.13
8.57
2.2
2.11
5.68
5.72
5.42
5.74
1.18
5.07
6.49
3.94
5.21
9.78
7.31
8.72
7.64
9.6
8.86
10.86
7.79
6.31
9.71
11.97
5.75
11.52
11.52
10.66
9.19
10.17
12.17
12.35
12.54
8.75
7.01
9.24
3.84
11.32
8.01
3.26
7.16
8.09
3.79
4.03
11.31
14.89
5.33
7.81
14.21
7.08
12.24
12.42
14.24
7.44
16.24
12.51
9.61
8.21
5.86
10.25
12.18
14.46
11.2
14.48
10.78
20.72
20.54
20.16
8.74
14.9
12.46
18.28
19.25
9.17
8.59
19.11
18.28
15.72
5.85
15.14
21.79
11.95
13.21
13.92
15.15
17.97
23.72
18.82
19.4
14.11
24.1
14.06
23.08
24.79
25.79
16.57
17.81
15.43
22
26.06
25.85
22.37
17.95
24.74
27.99
24.29
23.63
28.03
25.82
25.95
24.06
24.41
22.54
20.44
10.85
21.1
6.22
13.18
19.36
18.6
22.41
25.09
22.46
28.37
26.32
26.13
24.54
29.14
28.49
26.67
22.23
15.29
7.12
22.98
10.25
16.79
24.9
28.34
22.66
16.67
19.67
20.67
24.18
22.69
16.3
17.58
28.54
22.77
26.92
29.02
28
28.09
28.53
27.68
19.57
24.8
27.85
16.92
26.9
29.51
27.45
21.23
25.13
29.14
25.45
9.13
21.18
21.2
29.54
28.55
21.37
9.99
18.94
21.68
23.17
10.94
28.89
24.59
11.17
16.19
4.04
12.09
14.55
20.43
26.73
26.01
26.67
16.23
24.95
23.02
22.25
24.73
23.08
14.11
24.4
23.21
17.29
16.2
24.25
25.74
24.86
23.42
23.23
19.12
13.33
22.14
24.46
24.72
22.17
21.93
22.12
14.1
13.32
20.11
20.5
21.08
19.92
17.81
16.26
22.6
18.2
21.21
20.72
19.34
17.86
19.75
18.12
19.14
20.4
19.21
19.23
15.75
10.43
4.77
3.55
3.18
14.34
16.46
13.94
4.73
4.29
7.83
9.34
11.98
6.81
10.89
7
9.34
16.53
14.81
10.52
9.45
4.81
3.68
15.58
11.47
9.54
11.31
11.61
12.2
11.81
11.26
11.48
10.44
10.76
10.69
3.56
12.14
11.89
11.65
9.42
9.32
5.96
7.51
4.25
4.67
8.85
8.76
9.02
6.62
9.65
4.65
3.6
9.38
6.68
5.71
5.81
1.88
1.2
4.68
5.03
2.51
1.69
1.65
1.87
3.05
4.74
7.09
8.32
5.71
5.8
1.42
5.06
6.46
1.65
1.98
6.53
6.37
6.27
1.57
1.55
3.23
3.35
1.74
1.28
2.28
2.01
2.77
2.18
6.39
2.69
1.82
0.71
1.2
1.48
1.47
1
0.85
0.98
0.98
3.63
6.3
4.57
4.62
2.7
2.14
2.71
2.04
4.01
4.15
1.46
1.7
1.14
1.44
6.04
5.24
4.15
1.97
1.55
6.09
6.56
2.99
1.88
0.92
1.14
1.11
2.42
6.05
4.18
3.38
5.81
6.21
1.27
3.65
2.47
3.81
4.02
4.67
0.8
1.78
3.98
3.06
3.69
1.55
1.99
0.91
2.15
5.74
8.58
4.87
1.16
7.48
4.64
5.67
5.87
8.27
7.71
7.32
7.36
3.32
8.93
10.17
8.53
3.51
4.32
7.05
6.42
7.87
8.14
6.63
8.61
11.9
4.57
4.6
3.63
1.58
8.4
2.72
15.1
4.37
13.45
6.79
10.05
9.09
14.22
7.34
9.42
10.52
16.9
4.7
10.95
14.65
18.01
12.57
5.97
15.3
12.36
12.8
15.36
2.97
9.95
8.19
7.34
18.28
16.01
19.73
19.5
18.8
19.86
21.91
20.97
21.99
21.83
22.01
21.68
21.86
22.58
20.47
13.35
19.58
13.93
15.44
17.41
25.06
7.71
23.62
23.56
21
16.7
15.97
14.33
18.9
23
15.14
20.95
18.47
24.96
15.52
19.7
25.63
25.35
25.35
25.72
18.95
7.14
9.47
15.79
22.44
27.6
24.35
26.39
26.38
27.6
21.86
22.56
19.37
25.72
25.6
7.97
23.02
18.91
9.44
22.85
17.61
24.18
22.08
17.06
14.84
21.97
12.9
29.78
28.14
23.13
20.57
28.27
26.85
30.35
21.78
18.09
25.44
29.85
30.48
5.42
26.06
5.01
7.07
10.76
25.73
17.26
18.84
13.62
20.46
27.3
22.34
21.85
25.98
24.36
20.55
24.15
21.88
11.23
21.69
5.94
25.15
26.51
24.18
28.54
26.89
28.79
28.62
9.79
25.49
25.21
28.22
27.81
27.26
28.02
16.2
23.8
28.44
21.59
27.67
25.65
22.42
25.86
26.02
21.89
8.68
14.82
19.48
19.23
18.45
14.24
22.94
16.59
19.52
15.53
16.83
23.71
24.38
23.57
22.69
19.8
21.54
23.74
14.94
22.11
19.09
22.06
22.49
20.28
21.2
6.14
20.56
22.49
22.08
18.7
19.25
5.54
14.61
21.17
20
19.61
17.43
15.74
9.77
17.15
14.94
8.86
12.96
15.88
9.98
9.04
14.17
16.11
16.76
17.05
16.69
15.73
14.87
15.83
15.42
14.63
13.13
13.79
11.58
4.23
13.76
14.87
14.09
13.68
13.19
13.23
7.65
7.84
9.04
1.74
9.78
8.17
7.93
9.21
7.28
7.63
7.15
6.11
10.92
7.57
6.9
2.19
9.26
3.87
8.87
8.87
4.99
8.82
9.55
5.11
6.18
2.11
3.94
4.61
0.85
2.44
1.15
4.67
1.88
2.46
7.15
7.34
6.24
5.45
5.57
7.09
2.61
6.87
6.59
1.66
3.07
1.89
5.42
6.24
3.37
4.15
2.09
3.04
3.67
2.19
3.9
2.34
1.18
3.76
2.74
4.01
0.75
1.92
5.04
1.66
1.7
1.38
1.42
2.35
1.67
3.33
4.1
0.88
4.29
4.18
3.83
3.45
2.83
2.78
5.33
1.99
4.51
3.81
3.04
3.05
1.91
2.43
4.72
5.44
0.89
2.09
1.67
1.1
1.4
1.84
2.8
3.15
1.35
1.33
2.58
6.09
1.72
4.44
3.17
5.1
2.3
2.78
3.45
3.46
6.15
4.76
8.3
4.13
5.5
2.27
4.18
8.78
8.61
3.79
7.81
3.04
1.81
4.27
4.9
4.04
3.39
2.95
5.2
9.42
8.87
5.7
7.31
9.47
7.86
5.1
3.96
12.03
9.19
7.42
9.75
11.81
3.01
13.63
7.59
10.97
6.47
11.36
3.01
14.39
12.34
9.47
11.45
8.82
4.25
5.1
12.26
11.17
9.49
9.94
6.92
13.65
15.28
13.91
15.01
14.3
4.77
13.15
11.29
13.08
15.82
13.05
15.6
17.55
15.02
6.21
20.23
13.15
21.17
8.36
4.37
22.08
22.42
19.19
20.06
13.3
11.23
4.99
6.34
12.27
12.39
15.13
24.29
15.35
17.97
19.79
21.1
12.35
14.43
22.76
19.48
23.36
19.65
25.21
26.35
25.6
20.27
13.76
12.44
15.73
6.9
25.46
23.57
14.99
18.6
19.83
19.97
11.66
8.04
18.71
6.27
3.37
8.01
14.53
17.75
10.75
17.84
25.5
28.35
26.11
26.74
25.37
26.94
23.11
24.15
16.53
7.44
6.36
6.68
12.85
9.8
30.38
29.85
25.28
28.92
30.57
26.59
28.86
29.67
28.42
19.59
26.89
9.48
12.24
20.69
14.29
10.4
7.39
15.46
28.11
26.04
14.36
10.11
27.76
29.02
29.93
29.89
27.77
26.91
25.33
28.67
20.74
17.58
25.14
30.21
30.14
29.55
27.58
28.8
21.34
28.41
25.77
26.95
26.79
20.32
25.38
21.83
27.48
27.99
25.37
9.81
6.64
9.22
21.09
19.32
18.5
5.95
18.12
26.65
27.21
15.11
22.62
18.6
10.18
12.25
25.14
13.7
22.71
24.59
24.91
20.7
19.74
18.07
13.98
21.9
18.36
17.77
18.35
22.67
23.42
23.48
12.59
6.57
22.65
19.02
4.6
18.44
6.43
7.01
18.77
15.83
8.62
9.81
21.26
9.95
3.82
4.31
12.98
7.06
6.73
11.26
15.69
19.16
16
6.13
3.59
6.93
10.67
18.67
18.47
18.01
17.35
16.15
5.93
3.11
8.55
11.01
10.19
7.84
8.13
5.29
4.22
6.87
6.38
2.06
11.96
10.83
13.82
12.98
13.16
10.61
8.02
10.42
10.56
6.14
3.41
2.48
2.2
2.41
11.24
12.25
9.85
7.04
1.71
3.89
11.43
10.56
11.08
10.76
8.73
5.42
5.12
2.52
7.89
9.4
7.91
7.04
2.01
4.94
2.86
7.53
4.81
6.95
8.07
6.74
4.79
3.49
2.82
1.78
2.95
1.91
1.62
2.98
6.77
5.97
3.04
5.57
1.24
4.1
3.45
1.57
1.64
1.73
4.7
3.43
4.17
3.76
2.73
0.68
3.63
2.75
2.06
5.62
5.31
4.12
4.09
3.74
2.08
2.98
6.01
5.03
2.19
4.58
3.96
1.84
2.67
5.46
4.45
4.48
1.91
1.04
1.57
0.94
4.66
2.56
1.18
5.21
5.09
2.06
5.65
2.95
1.36
3.16
2.49
3.43
4.42
5.78
4.78
2.56
0.96
3.71
3.57
4.82
7.44
6.77
3.21
5.34
1.37
5.13
4.62
2.68
2.07
3.54
5.17
5.94
8.7
9.19
8.42
10.07
9.65
9.47
9.4
7.24
2.74
3.45
0.94
1.63
2.19
1.67
1.8
6.5
4.14
5.18
5.7
11.46
12.65
11.61
7.15
3.67
7.89
3.11
7.48
3.47
10.92
7.95
13.46
11.6
16.16
15.06
10.35
14.48
15.65
12.63
12.19
15.33
3.07
5.8
3.95
3.58
14.03
15.14
18.17
17.58
18.69
18.72
15.19
3.23
6.22
18.02
20.29
18.09
8.43
19.97
18.02
15.57
16.43
9.86
18.78
17.81
23.04
22.55
16.91
12.1
18.64
12.18
13.73
11.75
17.62
19.95
21.79
24.02
24.44
24.1
23.51
20.52
20.57
7.12
12.71
13.75
13.18
14.63
12.02
23.74
16.88
25.87
27.87
27.75
27.92
8.24
25.33
26.53
26.73
26.96
24.39
22.94
5.14
21.75
20.88
26.11
26.02
27.46
23.98
24.77
26.41
24.75
27.26
29.29
28.4
10.97
28.6
29.73
28.45
16.35
24.06
20.57
19.48
25.2
25.89
22.45
19.89
11.01
28.69
30.86
27.03
27.91
18.27
27.54
28.91
23.19
21.87
9.98
27.31
28.54
30.07
27.42
10.19
25.46
14.34
28.42
30.11
26.79
25.87
26.88
18.62
14.49
16.31
17.39
24.88
27.53
27.5
29.09
28.89
25.8
28.48
25.05
23.9
20.67
27.43
28.24
22.17
22.08
14.41
15.69
21.82
9.09
4.57
5.1
5.27
24.52
2.21
18.36
14.82
16.98
16.96
24.29
22.27
4.87
22.85
20.49
23.1
15.23
19.36
21.19
26.21
23.15
19.74
24.23
23.16
23.45
23.6
24.3
19.63
22.06
22.23
22.19
22.53
22.89
22.22
22.45
21.39
18.18
20.56
20.64
20.76
19.2
18.99
21.75
20.09
18.29
20.82
17.62
9.88
10.69
20.28
19.92
15.81
19.74
17.43
13.76
17.76
17.25
17.33
11.46
7.5
15.63
13.1
16.11
14.85
17.05
16.46
15.3
15.68
16.68
16.04
15.94
15.89
15.44
14.31
14.44
13.33
0.97
9.87
10.03
5.87
11.01
8.38
6.85
11.72
13.5
13.46
13.4
13.08
12.34
2.78
8.7
8.39
1.82
2.11
1.94
3.81
2.28
3.24
3.93
7.95
7.93
2.37
2.69
2.43
8.4
8.05
5.29
5.67
6.07
2.01
1.8
8.21
7.76
7.8
7.77
5.17
2.5
1.43
1.44
0.73
0.48
1
1.02
1.08
0.79
0.56
1.64
1.91
5.49
2.43
0.83
1.26
1.22
1.43
4.14
0.83
4.24
3.24
6.22
2.65
3.51
2.04
2.14
3.92
3.72
0.85
3.54
2.02
6.31
1.46
6.64
3.26
4.47
2.19
4.72
6
1.49
3.05
1.36
1.12
1.92
5.88
2.77
5.52
2.5
3.92
1.74
4.72
5.11
3.95
3.86
3.84
4.97
6.76
6.37
6.49
5.46
5.81
3.05
6.53
3.01
1.07
6.74
7.58
5.51
3.32
8.08
7.57
8.83
7.32
3.96
9.17
8.17
6.3
6.67
3.62
2.3
7.74
3.36
3.25
9.28
8.75
5.42
4.04
4.5
8.82
9.74
4.79
9.78
5.25
5.82
10.05
6.68
12.54
11.58
8.76
11.51
10.34
9.19
12.83
3.97
9.88
5.04
12.92
15.11
12.46
14.5
14.87
15.75
12.65
12.77
15.84
3.36
3
7.46
11.98
17.3
17.46
17.8
16.13
10.2
15.86
17.71
17.93
16.8
17.22
18.64
20.28
19.58
18.72
7.24
6.77
19.84
19.69
21.76
19.44
19.67
17.77
7.02
6.18
17.43
23.65
21.04
16.83
10.23
15.92
5.49
12.15
8.12
16.04
12.34
19.28
20.13
15.49
8.73
15.95
13.53
22.86
25.84
26.4
26.14
25.82
26.16
25.47
24.54
16.72
14.8
24.78
24.65
9.36
25.62
28.22
27.03
27.19
21.48
17.08
9.47
18.2
11.04
27.23
29.75
29.26
28.14
10.6
3.74
22.43
23.75
22.89
22.27
27.79
18.64
22.58
20.57
20.11
20.59
13.49
27.34
17.97
22.06
26.12
27.13
25.46
13.39
15.99
14.47
7.75
19.61
27.18
29.56
30.94
30.09
30.67
28.16
28.5
26.9
19.53
26.18
29.13
7.22
24.22
26.42
25.15
27.04
28.9
27.57
28.7
26.24
26.64
25.93
26.49
28.24
29.4
28.01
25.97
25.7
20.7
12.29
24.45
10.7
21.42
22.25
21.63
26.73
26.35
8.99
14.51
23.14
17.02
14.59
20.28
23.89
25.72
20.52
26.2
19.93
26.71
26.26
21.02
24.54
25.37
25.1
23.67
18.99
18.35
21.93
10.51
21.43
23.29
23.37
23.14
21.28
20.91
22.96
23.79
24.31
20.93
21.21
17.06
21.98
22.36
11.96
17.08
23.07
20.22
21.43
10.6
6.6
18.86
18.35
13.83
14.46
16.26
21.28
21.04
20.79
20.39
19.79
14.29
3.99
4.75
11.55
17.23
15.97
16.89
9.95
15.95
18.26
16.15
15.82
14.96
17.13
15.75
8.21
11.85
9.32
10.54
12.71
4.62
14.33
13.68
12.5
14.3
9.87
13.16
10.65
3.52
9.27
3.81
5.35
6.11
10.56
3.11
8.5
11.58
10.78
9.96
8.24
9.35
3.8
2.91
2.04
2.06
3.37
3.56
5.49
10.55
10.28
1.47
4.04
8.34
6.99
0.88
4.56
6.76
8.87
6.76
5.24
6.8
0.84
4.3
6.23
6.18
2.38
4.09
2.46
2.87
1.71
1.81
1.89
1.39
2.53
3.16
3.2
4.21
5.27
4.69
2.5
3.3
1.2
5.65
1.97
3.47
2.76
5.95
1.82
6.21
4.45
4.93
6.26
6.28
3.35
1.32
2.2
1.04
1.15
2.25
2.86
1.06
1.68
1.51
5.47
2.74
0.92
5.03
2.35
6.41
6.92
5.25
3.08
1.13
4.2
3.79
3.18
1.26
2.46
1.69
2.52
2.24
2.42
5.15
1.64
1.51
2.37
3.19
2.41
3.07
3.93
4.84
2.57
3.19
3.21
1.81
5.89
5.38
6.82
3.38
4.91
7.75
9.23
4.87
0.66
5.48
4.23
3.03
1.47
9.87
7.13
4.28
3.91
8.65
3.31
2.81
3.94
7.02
8.08
8.26
6.19
8.59
5.08
8.63
6.3
7.32
4.13
6.66
1.47
3.21
6.88
3.03
15.12
15.16
15.14
14.96
8.45
11.39
10.6
6.61
3.12
13.61
6.61
7.32
3.68
10.61
15.02
11.61
2.67
13.52
15.97
7.99
19.31
9.95
5
3.79
6.9
17.58
19.32
2.77
4.31
3.63
8.49
2.73
4.14
12.79
3.92
9.8
11.77
20.59
16.71
17.54
19.5
11.94
17.11
21.42
23.5
24.84
17.86
23.28
21.28
21.14
22.62
17.34
21.09
25.78
24.91
24.69
17.32
23.43
20.39
22.58
23.47
10.9
15.64
21.16
10.97
12.5
19.3
21.81
21.84
26.46
7.11
20.19
26.89
24.03
28.57
21.8
10.06
29.45
26.22
19.92
27.97
23.22
20.71
21.85
16.2
17.55
14.14
17.08
19.12
4.29
9.99
14.13
7.99
15.64
9.2
12.91
17.8
23.34
22.48
27.38
20.05
11.03
23.97
30.62
28.9
28.76
26
30.03
29.3
28.24
28.54
29.63
28.11
24.81
4.33
11.21
25.54
30.94
25.08
24.5
23.99
29.55
29.4
29
29.67
29.03
26.16
27.93
28.98
27.57
26.1
16.35
23.45
20.98
25.59
19.4
29.3
29.81
27.09
23.31
27.89
29.03
29.11
27.83
26.71
18.98
24.86
26.25
26.23
26.57
21.18
22.1
27.18
27.31
26.37
24.97
25.45
25.45
25.33
25.46
24.05
12.33
25.21
22.6
17.93
5.06
24.34
25.36
25.04
24.51
21.38
14.9
18.09
21.56
19.7
4.84
5.75
9.72
11.04
11.48
21.39
21.67
20.1
10.31
15.52
13.16
14.23
16.2
19.42
21.08
19.42
3.9
13.39
10.06
12.38
11.78
10.28
12.43
14.77
4.65
8.24
16.1
15.09
11.24
16.2
16.16
17.65
14.7
11.26
3.89
6.84
2.03
2.44
15.44
11.62
14.57
16.64
7.83
4.27
10.81
14.14
7.97
8.19
6.64
12.38
13.06
11.22
12.49
6.29
12.94
10.51
12.3
9.98
9.3
9.86
11.46
7.28
10.73
8.55
9.85
10.1
6.08
3.75
8.25
9.43
4.5
2.71
2.78
1.29
5.13
7.96
6.71
1.68
3.55
1.94
3.52
0.72
2.47
1.25
5.95
4.63
2.22
2.39
1.22
1.24
1.11
1.86
1.13
2.03
4.58
4.1
7.51
6.31
3.71
6.73
6.24
6.55
6.52
5.61
4.51
4.51
4.26
2.1
2.67
3.05
1.96
1.06
0.88
1.92
1.72
1.19
0.66
3.36
4.11
3.18
3.08
2.14
5.82
3.49
1.38
3.01
4.9
2.68
3.17
2.22
0.97
4.5
5.57
3.46
1.94
4.12
2.67
1.43
1.88
2.72
1.74
6.69
6.7
2.26
4.31
5.9
4.35
3.59
2.47
3.8
3.45
2.22
1.4
0.84
8.05
4.79
3.99
3.47
3.87
4.07
3.63
2.88
1.82
2.92
1.96
2.94
2.96
7.95
2.91
2.93
6.5
1.2
1.95
9.66
6.25
9.5
4.95
2
2.47
3.24
7.85
2.98
1.83
3.32
11.15
6.86
10.04
10.77
9.87
10.37
7.98
3.84
6.73
5.46
7.04
10.01
10.32
14.77
12.04
16.18
15.49
15.63
15.49
7.85
12.03
17.47
16.49
12.71
18.62
17.72
15.26
5.42
10.55
11.06
14.95
12.57
18.63
19.25
19.92
15.44
17.18
17.04
15.44
16.47
8.88
11.64
19.96
19.48
13.87
7.67
22.38
13.07
12.37
15.23
13.67
13.7
8.19
22.2
14.16
10.46
13.67
18.22
16.54
14.93
4.03
9.6
23.15
19.14
19.25
23.78
23.2
20.7
5.96
18.95
27.56
26.4
19.3
22.79
21.63
25.03
8.34
22.29
6.08
16.69
7.35
6.23
6.73
12.96
28.69
29.11
28.79
27.15
25.69
24.17
27.73
20.48
25.17
16.52
16.35
22.61
16.16
13.61
25.66
21.11
28.99
20.5
31
30.19
29.77
30.45
30.24
29.65
22.28
26.11
20.96
28.9
24.15
9.56
25.58
25.83
16.97
21.66
29.78
26.5
10.86
10.39
30.8
27.52
28.51
27.52
10.12
27.03
23.12
27.73
30.11
20.4
29.43
29.28
24.64
16.86
8.11
9.55
22.59
23.51
21.36
23.16
26.24
27.42
27.06
26.99
27.59
17.52
7.07
22.59
25.69
19.56
23.85
15.56
12.33
17.98
14.03
13.76
19.16
22.63
23.4
20.64
17.64
9.8
16.02
22.07
24.32
22.8
20.96
14.5
18.69
6.07
13.74
17.66
23.1
24.87
17.02
11.09
19.67
14.51
10.3
16.61
21.46
10.26
13.46
22.44
22.56
19.96
13.02
4.07
2.71
14.78
9.53
16.29
7.12
11.57
18.49
17.47
6.86
2.73
5.72
13.07
6.22
9.7
11.44
16.04
17.99
16.93
13.11
16.36
9.8
12.76
16.81
7.56
2.31
5.48
16.93
16.4
7.21
6.86
4.89
8.95
5.57
11.53
12.67
8.72
11.9
14.24
12.49
13.07
12.57
12.67
11.8
5.55
10.13
5.02
12.46
12.15
11.44
3.5
3.54
1.59
1.27
2.71
4.68
5.29
7.28
7.95
5.44
4.71
8.52
9.44
5.36
8.65
8.13
2.67
3.74
2.91
4.41
7.03
6.73
3.43
2.73
3.96
3.21
4.85
1.9
5.93
5.4
6.19
5.69
5.96
5.21
2.51
1.32
4.36
2.26
0.62
0.93
0.58
0.45
0.79
0.96
1.07
1.28
0.68
1.28
3.27
2.24
5.9
3.57
6.13
5.46
2.98
3.06
1.75
4.22
3.05
5.68
5.51
6.03
3.94
4.52
5.58
4.76
4.33
3.61
1.57
5.18
4.67
7.22
2.12
4.47
4.1
6.47
2.64
6.04
3.65
3.31
2.34
5.58
0.63
5.63
7.01
6.38
6.17
6.52
2.24
2.22
3.12
1.95
2.11
1.67
1.31
1.39
2.44
6.99
2.22
7.35
2
1.41
9.29
3.79
7.83
6.41
2.45
3.75
2.74
6.75
6.56
2.67
2.49
3.84
7.69
10.65
7.11
8.76
11.35
8.9
7.87
11.36
12.12
11.27
2.52
2.7
1.63
3.21
7.46
7.97
8.7
8.48
4.14
15.04
7.92
7.17
12.42
14.56
15.5
15.23
15.34
6.46
7.34
3.25
7.7
5.73
13.38
14.4
16.85
15.82
15.15
17.47
13.74
17.2
13.96
7.36
15.11
4.09
12.99
15.09
8.4
14.04
18
10.75
18.7
10.98
17.01
20.05
12
5.36
13.91
21.87
19.71
20.86
19.51
19.39
22.73
22
9.56
9.8
21.86
24.87
24.84
22.27
22.9
18.39
25.12
19.76
21.89
7.46
26.07
21.01
14.13
19.75
9.32
20.36
22.05
20.75
26.8
25.36
18.42
23.28
28.62
26.28
23.13
17.35
4.94
14.57
20.44
25.19
26.39
22.59
5.07
3.88
6.08
24.46
6.85
6.69
18.92
22.75
27.94
28.19
18.74
27.29
28.97
29.32
27.4
29.07
30.36
29.5
28.56
27.35
29.59
29.47
29.91
29.37
24.33
19.75
16.76
22.69
26.77
11.37
17.7
23.29
28.01
4.83
17.25
28.68
30.51
13.26
23.01
22.08
28.15
27.94
27.55
28.03
30.01
30.48
26.16
28.31
20.03
16.48
29.19
29.3
26.59
9.25
17.95
24.32
25.15
27.26
24.59
27.49
26.14
25.51
27.69
23.74
26.45
21.7
12.88
7.4
11.33
11.64
7.12
22.22
25.89
20.36
22.11
23.33
24.56
25.25
25.11
24.41
24.99
22.94
24.39
24.49
23.76
22.29
20.3
16.88
6.49
16.17
17.11
6.39
17.56
21.72
14.86
19.88
8.76
22.15
19.12
22.93
22.24
22.15
22.24
22.38
17.05
14.9
15.63
4.32
13.53
18.53
17.99
17.28
14.15
10.02
19.96
15.75
13.92
12.32
14.84
17.55
16.29
14.04
13.98
17.7
15.64
14.58
10.98
1.82
6.87
8.75
9.8
12.08
9.55
15.24
15.4
12.55
11.97
12.1
9.33
3.35
4.97
5.11
3.06
2
8.39
2.58
1.7
1.33
4.77
6.27
5.06
1.18
6.41
5.49
7.6
6.57
11.15
9.02
8.5
9.57
1.54
3.56
10.34
10.52
10.89
10.83
10.36
7.94
8.45
8.94
5.77
8.3
5.34
5.23
8.43
8.47
8.16
5.51
2.47
7.8
4.09
7.61
7.56
3.15
0.73
2.52
6.63
4.58
1.91
2.79
3.4
3.79
6.1
4.92
4.07
5.17
3.83
1.56
4.04
2.33
1.96
0.96
1.48
4.35
6.9
2.42
5.05
4.48
1.8
2.56
1.05
1.55
4.79
1.03
3.62
5.48
4.49
4.85
4.39
5.65
2.59
6.2
1.61
4.85
4.05
2.16
0.58
2.33
2.18
2.74
0.96
3.95
2.97
2.54
3.16
4.26
6.1
5.47
5.41
2.21
6.33
4.14
6.99
6.02
7.43
8.41
8.93
2.32
6.85
2.57
6.82
6.96
8.48
7.38
5.62
1.36
4.16
2.72
1.88
7.64
9.76
9.83
5.58
4.79
7.55
2.41
8.92
3.9
4.4
5.5
1.72
2.65
1.56
1.31
3.2
10.58
5.98
10.21
4.97
10.04
4.7
8.57
10.43
5.9
2.79
4.82
10.8
2.87
11.33
10.19
10.58
2.63
7.41
14.12
14.24
4.88
6.36
6.19
17.37
5
6.73
13.92
17.62
14.93
17.77
9.37
9.17
7.16
13.75
8.31
8.59
17.8
13.46
11.98
12.99
19.21
13.1
15.33
20.44
18.59
18.2
20.07
19.21
3.22
14.22
18.18
23.21
21.89
18.68
7.5
21.97
24.34
17.78
15.67
13.4
23.46
25.61
24.5
19.49
10.52
16.8
24.66
4.17
12.04
23.21
24.8
5.4
8.23
16.62
15.45
25.53
26.98
23.76
23.94
21.28
8.7
7.65
3.43
21.47
9.39
10.35
21.19
19.8
21.71
25.48
20.65
27.48
29.24
27.28
10.02
28.41
24.94
26.37
27.52
25.93
28.4
26.04
22.14
21.23
26.11
20.68
20.35
26.83
31.2
28.28
19.43
18.41
20.01
14.16
22.3
21.65
15.97
25.44
25.36
27.41
11.69
17.88
29.54
27.98
28.77
28.28
28
27.04
11.74
31.02
29.87
27.55
25.28
27.38
11.86
28.99
28.22
18.48
27.71
27.21
20.1
27.2
28.05
26.89
23.76
18.86
18.32
6.07
12.84
26.39
25.92
26.09
26.47
24.29
24.07
23.17
13.79
16.03
21.22
17.11
24.1
26.04
24.2
16.94
26.26
23.79
26.64
22.58
24.21
26.51
25.96
24.89
4.27
15.64
19.67
16.56
25.31
15.78
22.16
15.45
16.31
11.6
21.95
8.25
7.24
23.91
22.82
23.04
23.48
21.48
22.99
18.43
19.92
22.6
22.36
16.69
20.33
16.94
11.26
6.42
18.45
19.4
19.46
18.84
17.54
15.06
18.09
17.38
17.35
17.08
13.33
10.18
12.75
15.61
11.03
16.45
16.94
15.89
15.3
14.37
14.25
15
15.31
15.24
14.18
4.48
6.01
3.59
13.99
4.52
5.6
10.1
9.15
5.71
4.34
6.41
11.62
7.17
5.29
10.14
6.45
1.83
6.37
2.21
3.16
10.93
9.08
9.84
8.18
10.14
6.77
9.76
6.74
5.45
10.3
8.99
7.42
4.94
8.67
4.28
1.42
2.63
1.05
8.33
6.7
4.43
0.73
7.71
7.07
5.48
2.75
3.76
6.77
3.48
4.61
6.54
6.61
6.33
4.75
2.09
3.81
1.85
6.07
6.75
6.36
4.56
4.14
6.97
5.05
3.77
1.54
5.15
1.78
4.93
6.02
6.29
3.91
5.15
3.18
2.57
1.85
6.42
1.85
1.02
0.77
0.63
0.75
1.35
1.28
2.02
5.21
5.87
1.57
5.97
6.97
6.91
6.69
5.23
6.39
1.86
5.42
3.19
6.96
1.95
3.07
6.59
7.3
3.31
0.51
4.22
7.33
4.33
4.8
3.55
7.03
8.05
8.36
8.24
2.23
1.32
2.47
2.19
3.3
1.98
1.41
1.6
2.79
1.31
4.09
6.28
5.2
6.39
0.67
7.82
3.32
1.37
3.08
4.41
7.29
9.5
11.02
11.27
9.05
4.78
5.96
11.9
7.71
3.73
7.84
6.77
2.54
13.58
11.71
10.23
9.36
7.35
8.58
13.41
14.03
4.52
6.75
8.36
15.17
12.23
9.13
11.83
12.48
16.53
12.57
9.67
16.26
17.06
4
9.8
13.39
16.28
14.08
16.54
15.84
18.36
16.96
20.46
20.52
18.01
14.64
20.2
20.48
20.73
20.11
15.26
8.87
12.79
7.62
11.99
16.32
22.46
12.62
18.98
14.65
17.66
13.09
15.93
16.84
12.32
5.55
13.52
23.31
14.62
16.46
23.23
20.62
13.16
7.72
5
18.03
21.11
20.11
24.34
4.68
19.7
7.1
25.11
12.25
21.36
18.1
24.32
24.31
22.23
14.75
23
12.94
27.23
28.72
28.71
29.11
25.29
26.9
28.05
20.09
9.3
19.73
26.77
28.61
30.12
29.9
28.57
21.71
25.32
23.06
28.08
26.15
26.95
24.1
13.33
30.67
30.99
19.66
31.23
28.99
27.31
25.81
29.01
13.5
15.98
28.61
27.42
30.57
20.77
25.64
19.1
28.2
13.99
26.87
24.17
22.74
26.86
21.87
23.39
21.8
23.43
25.34
27.62
26.69
24.59
26.71
25.63
27.88
20.42
28.91
30.29
12.66
22.53
27.55
29.26
29.37
27.31
28.36
27.86
22.57
22.3
15.31
22.98
18.86
14.05
22.86
27.59
24.81
27.33
26.74
23.87
26.02
24.31
24.32
15.72
25.29
17.35
23.27
21.48
19.27
13.47
20.11
24.57
25.19
22.06
24.06
23.5
14.6
18.3
21.24
21.42
23.1
22.65
21.68
21.88
19.62
15.96
22.41
22.63
21.42
11.62
9.24
7.2
20.5
19.35
13.19
4.58
15.45
19.65
13.29
7.24
6.08
18.63
18.2
6.39
7.11
4.56
13.21
2.21
3.67
7.94
14.56
14.36
10.17
9.33
11.35
7.54
14.46
13.34
15.02
15.39
15.35
5.2
13.52
13.67
8.27
13.32
7.97
8.13
10.97
12.78
13.11
11.77
11.93
12.45
12.53
11.12
11.16
8.17
7.83
6.02
2.25
1.63
10.71
10.74
10.4
2.77
5.43
5.12
6.26
5.72
8.78
7.47
5.39
8.91
7.7
1.32
3.94
0.76
4.98
4.43
5.36
3.23
1.7
5.33
4.21
1.38
0.97
3.64
3.31
5.75
3.14
5.72
6.3
2.6
4.7
2.73
6.73
5.61
1.17
3.68
3.54
6.85
3.37
2.86
1.98
6.37
4.32
3.71
2.83
6.58
1.34
0.48
3.32
1.74
1.46
3.28
5.05
6.4
6.61
1.3
2.4
2.93
5.01
5.44
6.11
3.77
4.52
1.75
5.59
4.28
4.18
1.32
2.54
3.82
4.38
3.63
4.31
4.94
2.76
1.52
1.38
2.14
1.12
0.8
2.39
1.64
4.55
2.06
5.44
1.51
7.34
6.14
5.3
3.66
5.68
7.29
5.16
1.65
2.72
8.32
8.22
3.86
4.36
1.07
1.19
8.11
5.9
2.02
1.82
3.18
3.16
2.05
8.47
2.35
3.74
5.05
10.36
5.18
4.66
4.82
7.8
3.34
3.19
4.02
4.55
9.52
13.22
7.09
8.92
13.56
8.82
3.41
6.68
8.65
4.9
7.17
12
11.88
9.94
12.57
11.82
13.68
12.99
10.39
10.79
4.21
2.23
7.35
6.69
10.1
12.49
19.15
8.14
14.9
8.15
15.19
12.37
14.33
2.91
10.21
4.06
12.61
20.4
19.83
11.89
10.04
21.77
12.52
18.91
20.17
12.13
15.34
17.12
21.39
22.65
11.82
8.74
8.88
22.13
24.34
24.27
25.08
24.12
18.6
18.61
24.26
13.68
21.61
25.13
25.22
24.07
22.94
23.22
24.84
20.92
17.49
25.95
26.36
24.73
26.04
20.87
18.71
23.86
23.21
6.43
12.13
22.21
22.69
18.14
24.06
25.22
26.81
20.84
22.38
17.4
17.22
26.82
25.44
23.23
24.79
23.61
26.94
17.59
25.24
21.18
25.13
22.93
26.67
20.44
22.74
16.81
23.91
28.2
23.96
13.94
7.8
13.63
23.14
21.04
27.47
27.04
27.89
28.94
9.95
21.69
18
16.75
23.51
20.69
12.57
14.48
27.17
27.31
22.22
25.8
19.39
28.53
10.27
25.53
21.04
27.4
25.4
7.57
20.42
23.98
22.65
21.86
23.74
23.3
19.33
27.45
25.45
23.14
18.23
12.74
26.93
27.4
24.36
22.66
22.4
26.55
26.93
25.93
20.51
13.65
22.73
25.68
22.21
23.64
22.44
24.91
24.8
20.98
17.86
25.33
24.58
12.29
20.6
23.25
22.41
22.34
22.58
22.53
22.72
22.46
21.36
17.54
10.28
6.56
23.09
20.71
20.24
19.58
17.79
8.39
6.69
10.91
5.29
17.84
20.58
16.23
18.01
19.37
19.27
16.73
19.7
15.88
15.81
17.94
17.82
17.02
18.56
17.26
17.09
17.35
2.39
10.67
14.25
16.6
17.76
17.06
16.89
17.11
16.71
14.42
7.72
12.36
14.38
15.32
12.49
5.93
7.89
12.7
13.08
13.02
13.17
12.65
12.62
9.98
6.36
9.23
8.54
9.7
10.79
7.77
7.19
9.65
5.45
10.51
7.34
2.9
4.94
6.9
9.72
10.43
6.85
5.67
4.03
1.95
5.09
8.1
7.92
4.87
4.8
4.19
7.92
6.27
4.36
7.88
7.07
7.94
6.9
3.89
0.98
0.66
1.1
0.99
0.94
1.43
0.88
0.96
2
4.64
7.45
6.08
3.53
4.89
3.14
4.95
5.85
3.17
5.54
1.98
2.99
5.14
2.73
3.07
2.05
1.08
2.73
3.7
2.89
3.03
4.23
2.1
2.5
2.95
2.83
2.61
2.46
4.14
4.34
2.95
4.94
2.38
3.83
3.85
4.72
5.19
5.98
1.3
5.44
2.67
2.01
4.48
1.46
7.03
3.98
6.39
5.36
6.35
5.45
5.74
2.7
3.49
3.99
5.53
4.52
2
4.07
6.02
4.54
6.45
2.14
5.4
3.71
2.94
4.05
3.73
2.37
9.19
2.17
10
10.16
6.37
6.95
6.4
3.54
6.51
6.28
8.2
6.51
11.1
11.51
11.63
11.53
7.16
11.01
6.51
12.75
8.97
10.24
9.24
13.64
14
8.51
5.44
11.49
12.59
13.27
14.22
11.88
7.24
11.58
7.83
6.77
14.75
6.31
14.43
9.57
8.91
17.97
3.03
9.23
18.16
18.54
18.31
18.84
19.09
4.87
15.48
9.72
11.86
19.91
20.85
20.95
19.96
18.49
18.22
13.35
4.25
15.81
18.91
16.11
16.73
9.94
3.04
6.14
8.03
4.5
22.5
23.91
23.71
21.6
24.64
25.51
25.18
25.08
6.14
20.85
24.53
20.14
16.61
25.09
9.77
7.12
22.78
26.36
12.67
7.61
6.43
5.31
18.54
25.55
8.49
22.69
23.41
16.62
5.62
9.78
5
9.62
12.98
21.71
16.81
19.41
17.05
14.43
17.93
28.36
27.79
27.59
7.74
11.3
6.67
7.56
23.5
26.74
23.86
27.92
27.94
25.36
21.46
28.33
29.73
30.07
28.9
28.27
29.15
28.9
29.52
23.83
23.07
20.42
22.5
22.55
28.36
26.57
12.64
9.52
27.82
28.36
30.31
22.6
31.22
31.13
30.4
28.9
24.11
26.65
22.82
27.27
27.24
17.56
12.98
14.02
27.27
22.12
16.59
14.57
23.05
26.78
26.81
27.97
19.63
25.52
27.39
21.95
24.31
28.36
28.48
25.76
16.05
21.82
11.67
16.55
22.66
21.53
25.99
7.44
18.02
24.41
25.29
23.84
23.08
15.01
24.84
25.36
23.2
24.14
13.99
18.95
24.84
14.23
23.81
23.43
24.36
23.22
17.19
16.21
17.79
16.34
17.68
13.71
20.51
20.31
13.69
20.02
20.82
19.79
17.98
17.76
22.3
21.55
5.08
8.71
13.44
12.03
20.24
18.78
16.89
17.8
16.89
19.59
18.65
13.8
14.88
15.63
17.69
18.62
14.18
11.05
13.68
7.74
12.31
14.84
5.27
12.36
14.67
15.54
8.15
10.36
13.86
8.02
13.38
6.74
13.96
13.24
3.94
11.63
12.08
9.51
10.9
13.17
4.04
11.56
9.18
10.94
12.07
11.17
10.09
10.21
11.41
11
10.94
9.72
4.95
1.77
2.13
3.52
9.64
5.2
6.85
3.51
3.19
7.05
5.07
1.87
2.92
1.88
4.5
0.99
1.52
6.69
3.53
2.22
5
6.96
4.78
0.54
4.75
3.16
4.98
4.68
1.42
1.39
2.6
2.34
3.82
5.67
5.38
0.97
3.54
6.19
0.8
1.36
2.3
2.67
1.56
4.86
7.24
0.79
2.49
5.38
4.8
4.4
4.55
4.71
3.73
5.19
0.79
1.01
2.37
5.24
4.86
4.03
1.47
4.99
2.4
6.35
4.84
6.06
6.54
4.31
3.01
6.67
7.17
5.48
5.91
5.26
4.76
5.76
7.24
3.89
1.45
4.18
2.23
1.02
1.01
2.28
2.52
7.56
2.01
6.02
1.52
1.98
2.05
2.15
4.55
5.59
7.71
5.82
8.69
5.91
3.83
1.04
5.59
7.63
7.39
9.22
9.52
6.59
8.03
8.4
9.86
5.38
10.36
11.19
9.64
5.13
6.39
12.11
11.52
10.88
5.78
4.5
12.22
0.95
12.95
10.72
9.3
5.42
10.26
5.87
12.81
15.36
3.95
10.87
15.94
11.16
14.68
12.98
15.73
2.13
12.25
18.43
18.33
15.51
17.36
18.08
18.14
10.49
17.48
10.57
9.55
5.14
7
18.12
19.06
17.3
11.13
20.1
21.21
22.45
19.63
22.02
21.74
22.21
23.75
23.08
23.3
22.17
21.04
22.51
16.77
16.75
24.76
24.34
23.05
18.7
14.54
22.52
24.19
25.6
25.9
24.68
20.22
22.24
20.33
24
8.9
23.44
15.98
22.98
19.84
26.7
9.44
27.85
28.34
27.22
23.44
18.78
19.26
12.21
17.1
23.11
13.06
16.56
18.32
26.32
7.54
15.24
29.31
26.59
15.1
21.87
15.1
19.7
26
22.74
21.75
15.64
9.38
23.99
23.5
20.54
25.32
11.16
24.37
29.01
15.81
15.21
17.31
27.74
30.49
30.37
24.29
7.84
9.75
11.25
15.62
24.81
9.96
7.61
21.8
30.42
30.9
19.56
26
29.36
28.42
17.46
23.93
28.71
28.23
11.18
27.82
29.95
21.33
29.17
30.45
28.42
30
22.06
29.25
27.07
24.27
27.02
15.16
16.42
16.31
18.69
25
25.81
22.66
24.31
12.41
6.59
21.96
28.43
27.48
23.18
26.78
26.32
26.47
24.27
11.57
12.27
10.04
18.7
24.95
24.79
24
24.76
19.27
24.71
22.29
18.79
12.86
13.69
20.78
12.38
20.4
24.38
23.95
23.5
15.82
14.14
22
21.82
22.52
21.66
19.94
15.3
8.92
13.56
20.22
15.62
19.99
21.54
18.82
18.36
21.18
20.87
19.64
18.18
18.59
18.69
18.83
18.39
15.05
16.38
17.4
15.84
16.21
16.59
16.02
14.18
15.85
7.53
8.48
14.92
8.98
9.21
11.93
9.73
10.44
11.05
14.99
10.61
14.37
3.82
13.53
13.26
8.6
2.97
3.29
1.92
12.53
2.18
5.34
6.86
9.45
8.42
10.45
9.82
10.33
6.47
2.92
6.6
9.97
4.87
8.81
4.21
3.61
9.33
3.9
4.92
6.08
2.86
4.65
9.17
8.63
6.98
1.64
1.12
1.02
1.63
1.17
1.43
1.23
2.33
6.35
7.33
1.02
3.4
7.67
7.47
4.72
6.52
1.02
0.62
0.74
0.95
6.63
4.52
1.72
2.29
0.79
2.28
2.99
2.66
3.69
1
1.11
1.32
1.21
0.81
1.36
3.04
1.08
1.02
1.03
1.11
0.85
1.02
1.17
2.22
5.11
1.92
1.86
4.89
2.03
2.13
4.77
2.08
3.31
