20010101
5.24
3.02
1.32
2.67
3.5
3.33
2.56
1.1
4.77
5.55
3.33
5.72
4.55
6.94
7.1
0.98
2.34
3.67
3.18
1.73
1.22
1.53
0.83
0.88
1.75
0.84
4.66
3.13
2.48
1.52
4.21
5.08
6.92
5.81
4.1
6.32
7.9
5.96
8.48
6.38
7.1
10.47
10.12
5.82
8.3
10.48
10.97
8.76
9.89
7.21
5.8
7.97
10
5.68
6.7
11.88
6.37
12.71
8.31
8.29
10.54
4.52
7.85
4.81
11.44
13.93
9.49
12.63
11.8
12.89
15.64
2.21
11.24
11.42
14.49
12.53
14.6
7.16
12.05
2.85
2.43
12.89
12.3
15.09
12.55
4.98
9.53
7.41
7.02
10.29
19.04
20.13
18.4
18.62
7.75
19.01
14.17
1.93
7.87
15.01
4.89
13.37
17.89
17.4
20.2
13.99
12.43
19.22
12.26
7.96
7.92
10.36
20.95
22.74
23.45
6.11
24.95
22.29
23.67
22.66
24.67
25.09
25.11
21.72
19.65
18.99
11.81
17.52
21.55
25.45
19.16
23.72
25.99
26.65
21.56
26.22
26.94
20.24
19.97
26.03
17.63
22.93
27
29.7
23.77
28.92
22.71
20.3
19.66
26.8
15.2
25.06
26.12
15.25
14.63
22.25
26.03
21.85
27.51
15.69
23.26
6.24
30.19
28.79
16.2
27.41
24.32
12.1
19.31
12.62
10.87
29.82
15.13
25.36
31.06
30.02
30.83
29.45
21.24
15.81
28.42
9.32
24.53
25.96
17.16
24.36
23.44
26.71
24.48
15.3
21.64
28.3
13.52
25.71
27.07
23
14.91
4.02
25.33
23.44
13.41
3.44
9.56
5.98
12.6
14.94
20.92
17.69
24.94
26.27
21.25
26.82
25.18
23.9
24.4
24.41
24.75
23.2
24.22
25.34
25.09
20.8
9.39
26.39
25.35
22.76
22.85
24.22
22.73
22.81
21.62
22.82
18.42
11.81
18.35
16.48
20.67
22.78
20.21
17.21
23.13
21.96
7.22
13.76
8.93
19.03
15.89
3.6
3.12
11.05
6.91
6.27
13.95
7.74
11.59
16.28
9.06
3.74
6.43
4.23
11.17
10.47
18.18
14.6
12.52
3.49
13.77
4.24
7.24
15.65
16.38
14.29
7.01
11.45
14.64
13.06
11.63
11.3
13.72
10.98
13.63
9.78
10.1
11.82
12.9
12.91
11.55
11.79
10.56
6.56
3.23
1.88
1.71
8.99
7.91
9.59
2.96
2.58
6.15
8.92
5.74
3.1
4.99
9.67
6.45
8.22
8.36
9.01
7.95
2.65
3.81
2.49
2.14
6.13
2.5
0.8
0.72
4.77
7.8
7.16
7.31
2.94
1.71
5.62
6.36
6.03
3.9
3.79
5.34
2.59
0.73
1.5
4.62
1.05
5.71
1.9
1.43
0.62
2.01
1.13
2.34
5.21
5.7
6.42
1.33
1.05
4
5.04
6.01
3.98
2.33
2.05
5.85
5.83
5.41
3.83
2.29
7
3.22
2.18
3.72
3.03
2.72
1.87
2.28
3.43
2.33
5.54
5.78
5.03
5.9
4.15
2.4
5.36
0.86
0.43
2.85
0.97
1.14
1.14
0.89
1.27
1.57
5.45
5.79
0.56
6.84
6.77
2.07
5.12
1.89
2.02
4.94
6.19
7.24
6.02
5.81
8.08
8.07
5.88
7.34
5.3
1.95
4.34
4.85
3.21
8.29
6
7.04
1.89
7.3
6.08
5.07
3.13
7.41
2.73
3.75
12.61
6.71
7.8
5.17
10.58
7.28
1.53
8.85
8.24
8.03
14.89
13.92
7.65
13.88
14.71
14.33
7.81
16.61
13.58
7.91
11.36
9.78
7.84
14.78
9.92
7.45
7.5
7.46
7.7
8.11
7.76
7.66
7.67
13.11
15.99
17.92
18.28
15.71
7.5
17.13
15.25
7.52
16.38
13.19
17.13
17.41
7.05
6.49
6.6
6.52
7.08
6.89
6.73
17.37
7.08
6.85
9.67
9.26
19.05
18.01
14.08
7.45
19.13
14.57
6.68
22.8
19.78
19.63
23.65
20.6
17.18
21.65
7.74
15.09
17.19
21.73
15.03
9.93
18.95
16.62
14.19
18.4
23.79
22.4
20.7
21.92
16.72
8.02
9.98
17.15
10.77
8.3
8.03
6.36
8.15
7.9
8.43
8.71
8.56
2.83
3.18
2.86
2.97
2.14
2.14
1.8
2.4
2.11
1.62
3.09
3.15
3.02
2.77
2.92
2.59
26.66
30.42
30.73
30.41
29.39
28.65
28.56
27.88
15.6
30.66
30.99
8.85
23.04
29.19
29.57
26.73
26.26
11.28
30.37
29.6
18.23
29.93
27.9
26.77
28.57
25.08
22.39
26.83
21.41
17.99
24.73
10.84
21.9
23.29
27.95
15.61
25.47
19.13
22.58
26.36
28.44
23.67
19.94
23.69
16.54
18.57
19.09
23.04
16.51
19.35
10.33
7.63
12.82
21.81
21.36
5.57
7.96
10.98
9.13
15.61
20.94
22.9
21.25
22.26
21.42
15.07
12.35
18.82
21.84
22.67
20.45
15.04
15.76
13.64
19.15
20.44
16.82
16.2
19.33
14.82
15.6
16.67
17.44
17.52
17.12
10.01
12.06
18.36
13.48
18.11
8.9
12.84
13.69
18.19
15.02
9.65
11.41
3.44
3.24
2.61
2.94
11.69
7.22
5.28
15.12
15.97
15.65
13.04
11.65
6.94
13.03
7.32
11.16
12.11
4.32
3.9
1.51
1.24
5.45
9.39
8.08
7.91
8.34
4.35
8.97
10.72
6.8
5.39
10.83
8.23
8.84
9.87
7.05
10.94
10.55
2.55
1.81
3.95
1.94
2.62
1.16
3.49
3.87
2.3
2.02
3.02
7.17
2.83
7.93
4.44
3.19
6.04
2.72
4.08
2.81
5.62
6.09
5.66
1.15
4.04
4.52
3.59
3.25
2.54
1
1.08
3.48
2.89
0.37
0.65
0.37
0.51
0.53
0.38
2.77
2.99
5.07
2.74
1.12
0.51
0.77
0.27
1.9
1.38
2.23
3.83
5.37
2.67
2.35
1.2
0.87
1.74
1.67
1.24
1.38
3.59
1.72
0.77
2.58
2.25
3.49
2.91
1.32
2.23
0.95
5.61
1.68
2.8
5.99
6.85
5.51
2.99
6.92
6.35
6.03
2.61
2.64
2.73
1.59
1.14
5.2
3.77
3.09
3.78
4.58
3.21
6.32
6.35
1.86
7.73
8.6
6.52
0.68
4.96
5.94
9.37
4.02
6.64
2.98
2.55
10.46
9.33
10.69
8.71
4.79
10.64
11.34
5.44
4.75
7.33
8.65
9.11
11.97
13.01
11.98
12.91
11.73
12.97
10.65
4.24
10.71
6.08
4.63
3.87
12.36
10.44
12.05
10.82
5.74
13.55
3.64
11.66
7.55
16.63
13.55
11.14
15
19.19
19.01
18.71
18.92
18.05
15.52
17.33
17.52
15.49
14.77
9.33
20.6
10.45
5.3
13.24
14.66
16.15
13.56
16.01
14.82
9.55
4.15
7.59
21.12
13.37
10.62
21.34
18.67
16.61
18.72
21.87
22.75
22.78
11.87
17.07
22.37
22.37
9.07
22.8
22.25
15.59
15.13
20.68
8.29
25.67
26.74
25.91
26.2
22.22
21.47
20.21
19.93
24.9
23.02
8.86
22.11
27.07
26.42
23.74
23.28
4.33
7.23
14.42
27.72
26.74
24.86
20.48
21.5
24.76
25.71
25.99
25.22
18.98
20.22
22.68
27.62
28.16
28.33
27.87
27.06
28.33
28.16
26.3
29.73
24.38
25.85
18.18
22.47
25.48
7.79
25.12
18.69
28.03
29.84
28.83
21.62
27.54
27.96
24.89
25.34
15.22
29.05
28.3
22.51
19.03
16.29
20.07
17.76
28.08
29.13
19.31
22.06
28.59
20.29
14.61
27.75
27.39
27.18
24.07
27.98
28.14
28.3
27.29
25.49
11.17
27.27
17.4
26.44
27.38
24.24
18.61
10.32
9.69
23.71
25.76
25.94
22.68
24.47
21.58
26.06
25.63
24.56
25.65
26.63
25.92
20.33
17.24
17.77
20.28
22.89
22.21
18.05
20.57
19.75
22.21
22.18
22.16
13.96
23.53
21.99
21.08
13.56
13.74
3.68
19.68
13.69
17.84
16.21
21.21
13.76
17.02
14.13
6.34
3.03
12.18
12.31
3.18
17.87
18.95
18.58
17.81
17.66
17.65
17.56
17.47
17.41
16.55
4.95
16.68
17.24
15.76
14.64
1.69
15.94
12.57
14.53
11.92
8.5
10.12
10.48
4.84
9.14
11.04
8.42
10.56
7.32
9.79
11.88
12.3
8.28
12
10.45
6.1
5.38
4.79
3.64
4.8
7.07
12.33
10.9
8.49
10.57
3.12
3.41
8.69
5.3
3.15
8.88
8.82
9.06
3.98
2.45
5.15
2.07
2.21
7.76
5.86
6.95
2.92
3.47
1.46
0.72
2.44
6.28
6.7
3.82
3.77
5.11
4.08
5.18
1.03
3.55
2.18
2.21
1.72
1.3
1.71
1.16
0.8
1.05
1.77
5.48
6
5.57
4.84
3.11
3.11
4.48
2.33
3.58
2.7
2.16
5.06
5.2
4.48
2.36
1.56
5.36
5.55
6.03
4.69
4.44
2.34
0.76
1.59
0.89
1.55
0.91
2.26
4.15
3.06
5.74
2.25
2.94
0.75
1.68
4.66
3.03
2.25
4.96
2.1
5.92
0.77
2.33
4.45
2.15
5.9
5.18
7.16
7.59
5.91
5.62
1.76
5.23
7.34
7.39
8.39
7.82
5
3.3
4.41
7.68
2.72
6.91
7.72
9.77
6.67
3.24
8.71
4.31
4.03
4.17
3.5
11.39
7.58
7.58
8.58
7.94
2
1
3.88
12.08
2.58
6.34
9.13
10.81
9.24
11.26
7.36
15.15
8.78
15.25
5.67
5.63
7.85
15.15
13.6
8.74
11.57
9.07
15.51
15.68
16.6
17.2
15.58
11.11
11.9
5.2
1.92
2.54
5
11.67
7.59
7.78
17.61
13.75
16.51
9.18
13.85
16.76
16.08
3.28
4.82
6.27
19.81
10.58
3.78
14.63
9.44
4.18
5.1
14.58
18.34
4.73
12.24
13.23
3.9
21.36
23.02
22.81
5.78
13.25
18.99
18.46
23.05
23
15.01
16.9
19.76
22.54
12.66
14.84
11.76
11.9
9.13
21.97
16.13
17.2
24.83
8.72
26.54
22.76
18.89
11.09
25.04
18.39
26.96
23.76
6.47
15.31
21.59
20.61
27.32
21.91
6.84
10.13
27.84
28.19
18.06
10.7
12.16
9.28
6.52
21.57
27.77
29.37
28.13
22.44
18.58
15.25
10.41
28.22
24.99
16.2
28.34
18.41
21.19
12.31
22.26
26.47
28.81
26.02
6.27
27.91
24.65
21.34
19.03
22.44
26.05
4.83
28.88
25.36
27.8
22.29
17.51
22.79
18.76
26.74
12.98
20.65
22.99
10.51
10
23.19
26.12
27.96
21
26.31
26.96
22.41
23.12
20.1
19.72
15.17
12.77
10.03
9.67
12.34
27.37
19.24
21.13
21.19
24.28
24.35
18.61
12.6
22.62
19.71
24.64
23.68
23.08
7.35
21.58
21.59
25.24
24.94
23.61
24.4
20.3
16.28
21.41
22.98
19.58
12.29
4.37
20.02
23.24
22.87
20.84
5.15
12.59
8.34
17.86
18.46
16
20.34
16.58
17.82
21.14
20.58
19.54
16.33
18.65
19.06
6.54
8.18
18.67
18.95
15
14.63
11.92
13.19
11.39
2.16
9.47
10.94
8.51
8.67
14.01
9.02
8.27
9.37
10.7
14.22
13.45
13.7
9.96
12.18
6.51
1.91
8.22
8.38
1.66
1.52
2.32
2.2
4.76
11.13
8.25
10.56
6.15
1.82
2.93
5.94
7.12
6.6
6.8
8.33
7.62
4.69
3.33
4.62
2.45
1.78
3.94
4.07
5.72
5.34
3.52
1.47
4.33
2.29
2.22
0.75
3.05
1.96
2.85
4.89
5.02
2.05
6.06
6.25
1.86
4.53
6.88
6.65
6.31
2.34
4.87
2.23
0.32
0.84
4.37
2.58
2.46
2
3.83
2.77
0.47
0.86
0.72
2.36
0.45
0.25
0.32
0.32
0.24
0.38
1.69
5.02
5.58
5.64
2.66
1.81
4.32
3.87
0.52
0.43
0.82
4.27
2.01
5.25
1.66
3.46
4.78
2.05
5.18
3.23
4.38
6.13
3.63
5.91
3.93
5.81
1.69
3.18
4.79
6.87
6.86
1.42
4.18
2.64
3.84
5.61
4.8
3.19
4.87
2.08
4.01
6.46
6.26
7.21
3.62
6.71
3.98
1.95
6.03
8.62
8.95
8.12
9.93
10.24
9.64
5.39
3.24
6.58
9.16
5.38
2.29
5.97
7.32
3.41
9.89
2.89
7.94
6.89
10.63
4.09
9.52
7.1
13.45
14.96
15.01
13.99
4.37
10.63
12.63
15.7
7.1
6.21
15.95
14.81
13.97
13.69
17.03
15.16
16.41
16.8
10.92
3.68
17.98
16.34
15.14
14.78
16.27
9.66
12.8
12.17
13.21
13.35
5.32
16.3
19.55
19.92
20.34
20.32
20.46
19.42
16.28
18.48
2.34
6.36
3.1
6.4
8.56
16.16
19.63
21.46
10.61
4.46
8.05
4.74
23.53
23.86
23.58
20.44
16.4
11.93
21.41
18.32
24.94
19.89
23.51
24.45
19.82
12.82
12.42
24.31
19.38
18.17
12.1
14.63
21.61
25.7
26.01
21.76
13.25
15.74
13.3
3.89
7.83
29.05
28.33
24.3
20.75
24.06
28.84
28.39
28.26
27.33
27.81
28.08
18.75
27.28
25.44
29.63
25.03
15.64
18.34
14.23
17.98
10.16
10.8
19.78
16.95
30.41
27.29
19.45
25.96
26.24
19.09
30.04
27.83
31.22
21.73
30.26
30.55
27.61
16.53
21.64
22.46
19.4
18.27
7.8
10.65
28.4
28.11
7.58
28.81
20.09
7.83
6.77
16.09
12.21
5.18
21.58
26.62
28.42
21.83
23.59
23.57
14.6
25.88
15.37
18.79
12.13
21.57
24.37
20
25.12
25.88
25.89
24.18
25.25
27.17
25.6
7.23
5.36
16.88
19.82
8.53
20.96
23.82
25.34
20.26
11.47
22.28
22
6.46
6.36
6.58
20.54
18.05
17.19
6.98
9.89
17.55
12.57
23.24
10.04
9.77
10.47
20.49
20.54
18.02
18.4
17.71
18.77
14.4
20.39
19.09
19.52
20.04
15.45
11.57
9.08
17.77
16.39
15.54
12.56
18
4.45
3.71
3.49
4.39
7.72
6.29
12.95
15.53
14.72
14.25
11.03
10.99
2.98
14.1
15.35
10.55
3.69
5.2
9.49
11.63
11.96
8.54
9.34
12.29
7.33
11.04
9.67
8.97
10.19
12.65
10.88
12.4
11.9
8.06
3.4
8.24
9.93
8.73
7.48
8.52
9.99
9.21
9.36
9.24
6.05
5.59
2.88
2.82
5.17
2.82
2.77
3.18
4.82
6.94
2.64
4.79
1.17
0.63
1.05
3.91
2.97
5.36
4.78
6.07
4.03
2.64
1.87
5.84
1.35
4.04
1.7
0.83
2.05
2.8
1.4
2.3
1.81
2.85
5.47
1.12
0.42
4.39
4.97
5
3.62
5.56
4.53
2.01
1.68
3.97
1.12
4.47
5.35
3.96
3.23
3.33
1.2
4.15
2
4.3
1.77
1.37
1.53
1.45
2.5
3.47
1.22
0.88
2.96
1.54
0.92
1.19
2.78
2.15
4.8
3.07
6.13
4.66
2.1
2.62
4.9
2.05
2.02
1.86
5.48
5.07
6.96
3.9
5.54
7.6
7.38
6.8
4.96
5.61
3.41
3.8
7.2
3.94
2.6
2.21
4.76
7.83
9.51
4.88
5.37
9.22
5.94
5.47
7.63
4.49
6.7
5.77
4.38
3.61
8.82
10.25
8.86
9.48
7.51
5.08
2.15
4.2
7.74
11.07
11.21
13.11
5.96
12.31
1.3
2.84
12.01
15.52
14.61
6.51
2.6
11.03
7.51
6.49
5.69
7.36
6.35
6.83
7.03
17.2
17.82
15.75
13.14
13.26
18.44
11.22
7.8
16.05
13.99
9.79
17.19
7.52
17.5
17.67
8.44
13.91
7.69
6.53
21.35
21.73
19.27
17.7
7.58
7.26
9.72
11.22
16.96
5.5
16.29
14.29
18.36
21.14
21.05
20.76
20.81
23.34
20.69
17.34
6.07
5.78
1.98
2.9
16.12
17.97
22.68
22.75
21.95
20.76
14.45
19.69
26.61
26.38
25.75
27.1
23.15
14.33
25.85
20.44
17.24
24.77
4.98
15.7
5.05
25.78
22.53
3.83
25.01
18.15
18.19
12.12
6.33
3.66
22.5
21.98
6.01
7.89
20.1
19.63
13.03
24.91
27.82
28.03
17.07
21.07
29.21
28.7
29.73
30.47
23.85
23.85
22.28
28.06
27.55
22.57
26.4
25.58
28.78
28.2
28.14
28.03
27.25
11.91
18.32
11.64
10.01
7
23.75
28.84
29.33
26.55
28.53
25.53
26.66
25.73
24.67
26.93
26.07
30.05
28.38
29.6
28.71
28.88
28.92
25.29
26.32
15.23
19.52
24.33
25.25
20.08
25.68
24.76
20.23
21.25
10.71
8.52
8.3
11.41
16.97
15.41
5.64
13.29
24.26
19.95
15.85
4.05
16.1
18
24.38
20.98
24.63
22.76
17.62
19.31
18.37
17.36
17.54
21.19
9.12
17.9
18.87
15.25
21.38
10.21
15.76
22.03
20.54
15.11
16.95
14.51
17.16
16.12
11.85
21.07
20.8
18.19
19.75
19.4
18.24
9.34
4.5
14.69
5.47
7.5
16.91
15.46
15.51
17.44
15.62
14.81
15.64
9.77
13.97
14.48
12.1
11.85
9.91
13.46
2.12
10.83
14.94
14.15
14.55
14.49
13.82
13.05
13.12
10.32
8.37
11.65
11.84
13.17
13.04
10.98
7.02
9.94
10
9.46
2.35
7.81
8.7
6.58
4.68
3.6
11.01
10.41
0.97
8.81
5.89
3.36
3.06
2.17
8.54
8.16
3.88
6.75
4.73
3.41
3.83
3.26
6.25
7.06
3.97
4.12
3.65
1.05
2.29
0.67
3.04
4.49
4.96
2.67
0.98
1.84
1.2
1.03
2
1.49
2.03
2.65
2.66
5.21
3.23
5.56
1.99
1.97
4.09
2.85
4.51
4.46
1.01
0.85
0.59
1.38
2.04
4.4
1.38
2.43
1.7
0.39
2.93
4.57
5.58
1.59
2.49
2.84
2.69
0.99
1.81
3.3
2.22
3.06
3.43
4.79
3.75
3.69
4.8
5.6
6.4
5.39
4.74
6.33
5.28
5.09
3.07
0.9
2.17
4.96
0.61
0.39
2.15
5.21
7.32
6.21
5.97
6.49
5.83
8.23
8.15
7.8
7.43
7.74
9.34
5.44
2.69
8.12
5.05
6.42
6.56
6.72
4.77
10.78
2.68
2.34
8.29
7.74
6.95
9.87
3.51
7.53
6.43
5.87
4.43
4.05
7.44
4.56
6.29
2.6
2.94
13.54
14.2
13.1
10.16
2.14
4.96
9.08
14.63
15.89
15.85
15.44
16.63
16.15
13.01
15.62
1.73
5.48
6.47
13
6.21
2.35
15.56
14.32
16.21
15.22
7.58
13.82
14.69
13.98
19.02
16.28
11.17
20.98
20.48
17.53
19.89
19.76
17.61
17.06
21.44
21.52
22.42
22.96
22.19
23.07
9.99
19.33
22.83
23.43
24.08
23.57
9.25
21.07
21.28
23.11
25.44
24.46
20.77
24.65
23.54
15.53
11.81
18.13
16.24
24.87
17.24
8.05
19.96
25.91
13.34
23.75
26.26
6.45
18.42
22.41
26.34
20.81
20.03
24.87
25.85
26.65
25.91
25.97
25.26
22.09
14.14
18.57
5.45
21.35
27.86
23.33
18.92
18.67
20.39
19.71
23.94
23.13
23.47
24.77
25.09
22.73
27.07
28.39
28.87
26.62
26.79
23.66
24.28
26.4
26.27
23.28
20.42
24.94
28.83
14.63
12.53
19.72
21.11
20.08
28.83
28.06
26.09
4.9
23.4
21.13
27.45
26.21
24.33
10.38
23.3
18.43
22.73
29.31
28.93
29.74
28.55
27.79
26.99
27.17
27.91
26.27
28.16
17.47
23.7
28.57
24.2
20.63
20.15
3.84
20.35
27.68
27.97
7.83
24.46
24.97
25.94
23.47
21.59
19.23
13.96
10.68
10.78
21.93
24.12
24.99
25.26
24.77
23.85
13.26
10.08
20.47
19.68
20.85
22.19
17.41
21.96
19
17.82
6.85
4.38
16.38
13.79
16.76
14.82
6.22
10.88
3.87
3.12
10.77
8.56
13.71
13.22
12.38
16.04
19.28
9.66
16.39
15.48
4.83
17.69
17.42
18.21
18.28
16.55
17.31
15.31
9.13
5.08
12.55
15.56
16.25
15.6
12.91
11.2
5.2
7.17
7.73
12.4
14.08
12.58
8.66
10.83
8.76
6.54
13.85
13.61
12.69
11.45
3.2
11.05
5.9
4.94
3.1
2.19
1.63
2.26
1.45
3.57
0.75
3.85
2.43
6.18
9.07
6.64
5.23
3.33
7.55
2.97
6.07
3.79
0.87
5.2
3.79
6.76
5.73
2.8
1.51
3.17
2.7
1.08
3.25
2.6
3.53
3.97
4.55
4.08
0.74
5.22
4.87
6.42
7.09
3.53
5.58
3.25
0.6
2.53
5.29
4.56
2.19
2.75
3.11
1.75
1.56
0.53
3.72
1.85
3.28
1.73
1.83
2.71
2.58
1.7
0.91
0.92
0.69
1.08
1.85
1.07
0.76
0.63
0.46
0.79
1.64
2.47
1.64
0.75
0.97
1.28
1.2
3.31
5.62
2.04
1.21
2.16
4.45
1.81
1.89
4.52
4.08
1.47
2.43
1.69
5.13
6.65
1.54
6.07
6.95
5.03
8.15
1.62
1.62
5.09
5.45
5
5.34
1.02
5.59
6.19
3.96
4.69
9.49
7.5
8.98
8.22
9.4
8.46
9.94
6.87
6.3
9.59
11.76
5.4
10.97
11.37
9.93
8.77
9.92
12.06
12.23
12.39
8.3
7.54
7.89
4.48
10.96
7.86
3.44
7.87
8.87
4.48
3.59
11.38
15.01
4.7
6.58
15.36
5.93
12
11.87
12.49
8.35
15.47
12.78
8.9
8.85
5.57
10.53
12.25
14.08
10.58
13.89
11.09
20.67
20.43
19.28
7.77
14.47
11.57
17.38
18.64
7.69
8.67
18.7
18.21
16.22
5.55
15.08
20.77
11.27
12.25
13.29
15.28
16.61
22.45
17.88
17.7
13.29
24.06
12.45
23.26
24.28
25.19
16.06
15.93
13.96
21.08
24.77
24.28
19.33
18.23
24.55
27.26
24.14
22.68
27.28
25.69
24.67
23.75
21.28
22.5
19
10.55
20.28
6.13
13.51
19.29
17.16
19.28
24.09
20.84
27.46
25.6
25.31
24.76
28.63
27.68
26.35
22.87
14.29
7.36
24.9
12.51
16.36
26.64
28.32
20.46
17.76
18.9
23.66
24.2
24.31
17.36
19.54
28.18
23.46
26.9
29.06
27.48
27.88
29.01
27.29
19.48
25.42
27.56
15.46
26.38
29.43
27.44
21.24
24.8
28.93
24.59
9.1
20.33
21.04
29.49
28.42
20.72
8.96
19.63
21.97
20.38
11.8
28.67
23.93
11.57
16.47
4.53
14.67
14.14
20.99
27.01
25.71
26.2
16.87
24.48
23.49
22.06
25.09
23.14
15.17
24.83
23.34
17.75
16.56
24.54
26.43
25.58
23.76
23.46
18.84
13.97
22.9
25.17
25.36
21.8
22
22.52
12.51
15.01
20.84
21.11
22.04
20.27
18.06
16.2
23.14
17.56
20.73
20.27
19.03
18.13
19.17
17.67
18.78
20.03
18.82
19.05
15.08
9.58
4.71
3.54
3.06
14.46
16.09
13.57
5.39
4.25
7.23
7.84
12.73
5.71
11.95
7.61
9.29
16.28
14.08
9.71
7.99
3.36
3.71
15.28
10.47
8.83
11.27
11.38
11.59
12.18
10.35
11.91
10
9.9
9.72
4.42
12.38
11.62
11.23
9.12
7.99
4.42
7.41
3.61
4.47
8.31
8.45
8.49
7.64
9.02
4.1
2.57
8.8
5.8
5.63
5.76
1.79
0.67
3.55
4
2.99
1.24
1.31
1.56
2.92
4.57
6.44
7.68
4.27
4.72
0.92
5.15
5.68
1.33
1.73
5.69
5.42
5.68
1.28
1.51
2.62
3.19
1.55
0.91
1.78
1.71
2.48
1.79
5.91
2.59
1.49
0.26
0.83
0.8
1
0.59
0.42
0.59
0.57
2.79
5.43
3.75
4.45
2.03
1.87
2.07
1.64
4.4
4.31
1.72
1.43
0.83
0.92
5.59
4.84
3.66
1.6
1.09
5.59
6.17
3.01
1.39
0.48
0.71
0.67
2.05
5.82
4.35
2.59
5.53
5.69
0.91
3.41
2.09
3.35
3.51
4.06
0.41
1.47
3.72
2.67
3.45
1.49
1.83
1.04
1.96
4.67
8.64
5.21
1.07
7.91
4.06
6.32
5.32
8.35
7.59
7.83
6.87
3.27
9.5
10.1
8.09
3.11
4.44
6.93
6.63
7.51
7.26
6.87
7.79
11.54
3.94
4.04
3.55
1.25
6.4
2.96
14.57
4.38
12.88
6.55
9.46
10.64
13.77
6.78
9.15
9.54
17.01
4.57
11.06
15.05
17.47
12.38
6.4
14.58
11.42
12.63
15.79
2.82
9.91
8.81
6.7
18.21
16.02
19.71
18.97
18.48
19.55
21.31
20.17
21.29
21.23
21.5
21.07
21.52
22.16
20.23
12.77
19.79
15.06
16.14
19.74
24.39
7.11
23.04
22.72
20.48
17.12
17.04
13.23
19.72
21.8
17.36
21.34
16.6
23.15
13.48
18.17
24.2
24.79
23.98
24.3
16.8
7.99
5.53
14.06
20.75
26.99
21.95
25.22
26.66
26.52
20.79
21.06
19.44
24.98
23.94
7.25
21.29
17.96
8.35
18.85
17.34
23.41
21.73
19.28
19.09
19.68
13.05
29.83
28.74
23.32
20.87
30.05
25.87
30.9
20.49
15.44
26.28
30.02
30.85
5.62
27.32
6.25
6.53
9.78
26.64
18.6
20.36
13.06
20.86
28.72
21.19
22.42
25.68
24.39
19.64
23.18
22.4
11.96
22.09
7.1
24.3
25.19
22.79
28.53
26.37
28.6
28.6
8.93
24.82
23.08
27.96
27.88
27.25
27.83
17.9
22.34
28.46
22.18
27.39
25.18
22.85
26.44
26.71
21.62
8.24
16.78
21
20.93
20.04
12.67
23.24
17.28
18.88
13.02
17.12
24.3
24.92
24.02
22.77
20
21.95
24.02
14.33
22.42
20.37
23.23
22.87
20.14
21.49
5.73
22.01
23.06
21.73
17.27
19.18
3.41
14.85
20.75
20.05
19.66
17.6
16.19
9.23
17.17
15.83
8.47
12.68
15.44
9.37
10.09
14.04
16.04
16.24
16.53
16.26
14.97
15.12
15.67
15.05
14.24
12.43
12.88
11.59
6.04
12.93
14.51
13.74
13.31
12.2
12.59
6.66
5.75
9.39
1.85
9.07
7.55
6
7.84
6.08
6.59
7.32
5.66
10.37
6.91
8
2.46
9.4
4.39
8.46
7.51
3.85
8.35
8.88
3.41
5.26
1.82
2.69
3.93
0.51
2.24
0.92
5.07
1.37
1.86
7.12
6.47
5.09
5.05
5.2
5.57
1.97
6.46
5.73
1.24
1.66
1.88
4.56
5.81
3.1
3.32
1.7
3.14
3.6
1.4
4.25
2.17
0.66
3.91
2.18
3.11
0.34
1.58
4.69
1.21
1.59
0.98
1.21
2.31
1.36
3.13
3.99
0.46
4.21
4.16
3.78
2.29
2.29
2.2
4.91
1.62
4
3.51
2.76
2.75
1.46
2.05
4.01
5.05
0.51
2.01
1.45
0.7
0.99
1.4
1.96
3.08
0.95
0.86
1.99
5.49
1.37
4.23
2.98
4.41
1.94
2.36
3
2.8
5.55
4.44
8.08
3.83
4.91
2.05
3.66
8.46
8.15
3.77
7.18
3.15
1.71
4.46
4.22
3.37
3.25
3.04
4.93
9.57
8.73
4.95
7.48
8.86
7.34
4.82
3.63
11.74
8.93
7.47
9.68
11.57
3.32
13.49
7.53
11.28
7.4
11.18
3.07
14.12
11.56
8.92
12.14
9.17
4.59
4.71
11.72
10.03
7.72
10.58
7.05
12.82
14.98
12.74
14.84
13.85
4.91
14.34
11.83
13.3
15.73
13.74
15.36
17.41
15.49
5.26
19.68
11.09
20.42
8.11
4.21
21.46
21.65
18.78
19.07
12.02
11.32
4.37
5.41
10.75
10.17
15.76
23.84
14.45
16.83
19.08
19.54
13.87
10.68
22.85
20.41
22.31
16.98
24.95
25.68
24.72
16.85
14.63
10.56
13.96
5.79
23.87
22.02
15.23
18.02
19.64
20.08
10.79
7.22
13.11
6.65
2.69
7.11
14.56
16.83
11.2
17.86
24.7
27.62
24.84
24.98
22.68
25.09
21.9
23.63
14.95
7.58
7.43
7.32
12.11
11.82
30.86
30.33
27.27
29.09
31.09
26.92
29.38
30.11
28.64
18.88
27.13
7.45
12.31
19.37
13.23
10.6
8.82
18.08
29.97
26.99
14.79
12.47
29.46
29.9
30.41
30.4
27.1
26.53
25.19
28.43
21.39
16.98
25.13
30.05
30.04
29.49
28
28.62
20.22
28.12
25.08
27.35
26.69
21.67
26.28
22.03
27.67
27.84
24.25
9.44
6.15
9.13
21.03
18.92
17.83
6.68
19.09
27.58
27.81
13.62
23.28
20.04
11.22
10.39
25.58
13.92
22.98
24.48
25.36
21.78
19.92
18.79
14.54
21.52
18.08
18.08
17.97
23.61
23.93
23.84
10.83
8.8
23.26
18.43
6.23
18.36
6.15
6.99
18.69
14.18
10.21
9.16
20.64
11.38
3.6
3.54
11.93
7.49
7.56
11.67
15.36
18.66
14.94
5.52
3.5
7.75
11.46
18.19
18.02
17.66
17.26
15.72
5.59
2.96
8.85
10.91
9.58
7.23
8.01
4.46
4.05
5.41
5.52
2.06
11.56
10.76
13.69
13.32
13.17
10.88
8.33
11.15
9.46
5.3
3.01
2.99
2.31
2.37
11.22
11.91
8.81
8.33
1.55
3.62
10.99
10.24
10.65
10.36
8.13
4.88
4.64
2.13
7.78
8.65
7.38
5.91
1.3
5.08
2.58
6.55
4.44
5.82
7.14
5.31
4.28
3.07
2.28
1.04
2.71
1.22
1.27
3.24
5.93
5.87
2.83
5.61
0.85
3.65
3.45
1.22
1.39
1.37
4.55
3.3
4.34
3.78
2.56
0.37
3.81
2.11
2.07
5.2
4.51
3.62
3.84
2.92
1.87
2.94
5.53
4.04
2
4.32
3.2
1.3
2.38
5.03
3.41
3.75
1.49
0.78
1.24
0.57
4.2
2.63
0.67
4.77
4.54
1.59
5.1
2.4
0.95
2.54
1.83
2.83
4.03
5.3
3.64
2.17
0.51
3.54
3.25
4.27
6.93
6.63
2.7
4.67
1.05
4.52
4.44
2.47
1.59
3.31
5.45
6.47
8.4
8.93
7.87
9.91
9.48
9.19
9.34
6.27
2.99
3.2
0.83
1.61
1.79
1.6
1.88
6.76
3.83
5.8
5.93
11.23
12.55
11.52
7.18
4.74
8.39
2.93
7.76
3.46
10.7
9.46
12.94
11.94
15.79
14.64
8.91
14.38
15.37
12.52
11.57
15.03
2.92
5.05
3.71
3.09
15.17
16.02
17.95
17.26
18.24
18.44
14.39
2.61
7.01
18.27
20.24
17.21
7.22
18.82
18.22
14.03
16.08
8.66
17.75
16.98
22.35
22.09
16.05
10.85
17.98
9.42
13.33
11.59
16.97
18.75
21.22
23.34
23.79
23.35
23.2
20.61
19.67
4.45
13.37
15.44
12.02
15.09
11.91
22.16
14.76
25.91
27.12
26.97
27.28
7.9
24.84
25.89
26.57
26.13
24.17
21.48
5.19
22.13
20.01
25.91
26.31
26.61
23.44
25.26
25.82
25.9
27
28.67
27.5
11.69
27.46
29.02
27.86
19.41
25.79
22.33
21.22
25.19
26.22
21.94
21.6
12.36
29.25
31.48
27.87
27.13
18.13
27.22
28.87
23.78
19.25
12.24
27.01
27.71
30.52
26.46
11.55
23.93
12.72
29.04
30.69
26.08
27.47
26.97
18
12.81
16.19
14.73
23.95
26.75
27.5
29.11
28.99
25.11
28.22
24.55
22.71
19.01
27.13
28.19
22.18
22.39
13.13
15.23
20.97
8.28
4.47
5.29
4.78
24.06
1.91
19.88
13.73
15.81
17.47
24.86
22.75
4.83
23.99
20.98
23.01
13.4
20.96
22.3
26.74
22.79
18.1
24.91
23.55
23.5
24.51
24.75
19.3
22.44
22.72
22.7
23.05
23.5
22.72
23.21
21.86
18.69
21.74
21.13
20.91
18.29
18.4
21.42
19.75
18.34
20.53
17.22
8.46
9.68
19.93
19.51
14.87
19.48
16.44
11.28
17.35
16.72
16.91
10.99
8.06
15.33
13.52
15.45
14.58
16.7
16.28
15.1
15.22
16.46
15.74
15.72
15.72
15.37
13.78
14.24
12.99
0.71
8.82
9.52
5.17
10.05
6.98
7.52
12.19
13.15
13.1
13.17
12.73
12.08
2.95
9.32
9.53
1.64
1.39
1.44
2.99
2.58
3.97
3.71
7.38
8.29
2.71
2.57
1.73
7.23
7.43
5.37
5.02
4.98
2.32
2.21
6.93
7.36
7.44
6.63
4.44
2.41
1.38
2.1
0.66
0.27
0.67
0.69
0.88
0.58
0.32
2.03
1.89
5.3
2.53
0.65
0.85
0.5
0.66
3.08
0.48
3.63
2.57
5.42
1.8
2.65
1.46
2.07
3.43
2.9
0.64
3.1
1.77
5.79
1.22
5.9
2.27
3.64
1.5
3.62
5.34
1.02
3.47
0.79
1.05
1.5
5.45
2.22
5.12
2.07
3.21
1.21
4.68
4.67
3.38
3.59
3.45
4.64
6.28
5.89
6.05
4.98
5.14
2.64
6.04
2.33
0.66
6.13
7.11
5.02
3
7.63
7.07
8.39
6.88
3.22
8.81
7.66
6.22
6.66
3.74
2.26
7.4
3.39
3.37
9.17
8.49
5.89
4.09
5.17
7.99
8.91
4.48
9.33
5.31
5.18
9.33
6.61
12.36
11.27
8.2
10.83
10.76
8.51
12.24
3.78
9.24
5.18
12.5
14.82
12.43
14.28
14.64
15.39
11.99
12.74
15.69
2.92
2.43
8.47
12.16
17.03
17.27
17.52
15.87
8.75
15.24
17.6
17.6
16.62
16.97
18.6
20.07
19.19
18.06
8.25
7.41
20.06
18.14
20.88
19.38
19.47
16.91
5.24
2.69
17.32
22.91
19.31
16.61
8.07
16.72
5.05
9.83
9.15
16
10.85
18.83
20.2
14.4
7.19
15.16
13.23
22.91
25.22
25.83
25.52
25.25
25.6
24.59
23.99
15.09
11.18
23.95
24.22
9.53
25.74
27.36
26.08
26.11
20.45
18.94
9.57
18.91
9.75
25.95
28.96
28.57
27.48
10.26
1.74
22.13
22.83
23.51
23.29
27.24
15.95
23.9
18.59
16.69
22.36
12.99
28.16
17.33
23.56
26.59
27.39
24.77
11.11
15.35
13.75
8.89
16.09
27.42
30.18
31.54
30.45
31.2
29.23
29.01
26.9
21.19
25.39
29.57
7.18
26.13
25.75
23.2
26.89
29.45
27.34
28.64
25.75
26.66
25.34
25.59
28
29.26
27.65
25.84
24.68
17.57
9.4
23
9.83
20.81
20.23
19.72
26.04
25.72
6.53
16.37
22.84
18.01
14.76
20.25
23.97
25.44
20.04
25.65
21.15
27.36
26.56
21.37
24.73
25.99
25.6
23.32
17.93
19.41
21.68
11.72
22.02
23.91
24.7
23.51
21.54
20.96
23.71
24.38
24.95
20.1
21.05
17.36
22.44
22.8
11
17.69
23.66
20.75
21.81
9.58
6.05
18.45
17.78
12.84
15.34
16.2
20.78
20.74
20.43
19.85
19.29
13.74
3.97
5.18
12.38
16.98
16.85
17.1
9.4
16.05
17.65
15.08
15.45
14.44
16.38
15.18
7.75
13.4
8.24
10.25
12.72
4.45
14.33
13.54
12.4
14.33
9.13
13.1
10.6
3.79
8.82
3.63
5.31
6.79
10.55
2.07
8.53
11.19
9.13
8.13
9.19
8.8
4.37
2.68
1.98
2.35
1.88
3.92
4.98
9.77
9.63
0.83
3.96
7.25
6.72
0.59
4.26
5.51
8.24
6.37
4.39
6.66
0.38
3.55
5.87
5.93
2.57
3.42
1.71
1.64
1.88
1.32
1.93
1.21
2.57
2.15
1.8
3.44
4.89
4.33
2.19
2.89
0.92
4.81
1.54
2.97
3.04
4.92
1.66
5.8
3.95
3.95
5.44
5.81
2.91
0.92
2
0.64
0.79
2.22
2.43
0.64
1.17
1.01
4.68
2.01
0.42
4.33
1.98
5.72
6.3
5.29
2.94
0.69
3.87
3.41
2.56
0.73
1.96
1.32
2.03
1.79
2.25
4.01
1.28
1.32
2.32
3.08
2.29
2.56
3.23
4.45
2.11
2.84
2.85
1.5
5.75
5.29
6.04
2.97
4.18
7.24
8.75
4.76
0.61
5.7
3.63
2.7
1.58
9.59
7.04
4.21
3.79
8
3.16
3.08
3.74
6.56
8.27
8.41
6.17
8.17
5.51
8.77
6.58
6.8
3.69
6.2
1.4
4.04
7.31
2.72
14.77
14.82
14.9
14.68
9.03
11.57
10.85
6.79
3.31
14.11
6.49
7.58
3.67
10.47
14.82
11.49
2.16
12.72
15.92
8.6
19.09
9.29
4.41
4.06
7.03
17.97
19.12
2.36
4.14
3.3
6.89
2.31
2.82
11.86
3.83
9.75
10.26
20.38
18.27
16.13
18.28
11.41
16.3
20.8
22.49
24.19
16.29
22.51
18.67
19.96
21.66
16.21
20.18
25.08
24.24
24.26
16.41
21.83
19.72
21.82
22.58
9.36
15.1
21.05
10.51
11.47
17.91
20.26
20.63
25.55
6.15
19.32
26.35
22.48
27.8
21.16
9.47
28.61
25.39
13.56
27.76
20.42
19.84
21.51
14.03
16.5
13.44
12.87
17.28
2.77
8.93
14.16
6.14
17.22
12.43
13.89
18.46
23.47
20.69
26.89
20.59
11.64
24.92
31.21
30.32
28.48
25.43
30.56
29.8
28.6
29.47
30.33
28.57
24.3
5.7
11.08
25.76
30.63
25.9
25.79
24.9
29.12
29.09
28.98
29.84
29.2
27.18
28
29.28
27.91
25.83
15.34
23.46
20.48
25.57
18.69
29.51
29.85
28.15
23.08
27.96
29.35
29.36
28.24
26.91
18.21
25.36
26.1
26.07
26.74
21.91
20.37
27.89
27.98
27.11
25.3
26.32
26.17
26.01
26.01
24.53
14.03
25.08
22.32
16.09
6.57
25.47
26.02
25.74
25.21
21.61
14.4
19.53
22.97
20.52
6.07
6.38
10.58
11.74
10.99
21.35
22.25
20.16
11.3
16.08
10.96
12.99
15.85
18.49
20.84
18.9
4.11
11.68
10.36
14.14
11.12
7.08
11.97
13.1
4.29
7.45
15.69
13.27
11.66
15.42
16.41
17.46
15
10.13
3.57
7.57
1.46
2.28
14.75
10.51
14.96
16.26
8.38
4.27
9.08
13.97
8.14
6.24
5.24
11.9
12.97
10.66
12.16
5.5
12.18
9.43
11.89
8.99
9.64
8.64
10.98
6.98
9.82
7.39
9.39
9.35
5.19
3.67
9.44
8.72
4.02
2.02
1.92
0.94
5
6.65
6.78
0.82
3.63
1.86
4.68
0.54
3.04
1.02
6.01
5.24
1.85
1.61
0.82
0.98
0.82
1.54
0.43
2.1
4.11
4.55
6.89
5.05
3.38
6.04
5.72
6.1
5.54
4.92
4.98
3.96
3.79
1.87
2.24
2.56
1.41
0.69
0.68
2.02
1.47
0.88
0.34
2.2
2.43
3.46
1.82
1.83
5.25
3.2
0.99
2.69
4.1
2.06
2.97
1.46
0.47
4.03
5.2
2.97
1.58
4.2
2.08
0.97
1.46
2.54
1.29
6.24
6.24
1.69
3.92
5.23
3.96
3.02
2
2.82
3.72
1.69
1
0.38
7.57
4.06
3.4
2.85
3.34
3.2
3.05
2.77
1.74
2.67
1.82
2.73
2.91
7.55
3.38
2.4
6.58
1.55
2.13
9.58
6.72
9.15
4.26
2.11
2.54
2.93
7.67
3.37
2.05
4.34
10.96
7.65
9.45
10.59
9.53
9.76
7.86
3.99
6.05
5.84
7.28
10.72
10.58
14.6
12.08
15.93
15.19
15.45
15.21
6.75
11.08
17.07
16.13
13.31
18.4
17.53
15.47
5.01
10.94
10.8
14.18
12.18
18.61
19.02
19.63
14.85
16.65
15.65
14.84
14.91
9.57
10.71
19.26
18.46
14.12
6.43
22.13
13.66
10.67
13.21
12.87
13.16
9.44
22.41
13.64
10.51
12.1
17.86
17.49
16.69
3.38
10.78
23.47
19.25
16.64
24.21
23.16
22.05
5.49
22.26
26.74
25.55
17.82
21.1
20.21
22.6
4.84
20.44
6.41
18.44
7.52
5.88
6.37
10.72
27.62
28.5
27.94
26.43
25.19
24.07
27.78
21.17
24.7
15.8
14.47
20.13
15.47
15.09
25.65
21.56
30.28
20.41
31.72
30.73
30.53
31.28
31.1
30.34
22.01
26.41
21.96
30.47
26.99
10.86
27.98
25.27
17.08
21.59
29.71
29.18
10.52
13.96
30.87
28.83
28.48
27.53
11.19
27.37
23.65
28.37
30.3
18.14
29.52
29.44
24.17
16.07
9.45
11.47
21.96
21.99
22.15
23.45
27.03
27.27
27.28
27.43
27.48
18.61
7.49
22.52
24.88
17.88
23.05
15.84
12.32
17.25
13.95
13.6
20.44
23.22
23.68
20.24
18.86
11.85
17.37
22.14
24.52
24.11
21.24
12.57
17.77
7.11
14.28
18.96
23.63
25.37
17
11.91
20.88
14.85
11.19
16.43
22.84
10.25
14.06
22.83
23.13
19.03
11.44
3.42
2.5
15.67
10.55
17.39
7.22
13.61
18.96
16.48
7.94
2.27
5.37
11.34
5.06
8.25
10.25
15.94
17.61
16.59
13.67
15.96
10.17
11.8
16.33
6.17
2.09
6.03
16.57
16.2
7.78
6.5
5.91
9.88
5.35
10.9
12.4
6.82
10.91
13.97
11.62
12.45
12.55
11.71
11.37
6.93
10.59
3.74
12.33
11.84
10.77
3.56
4.48
1.61
1.63
2.57
5.47
4.18
8.65
7.44
3.53
4.42
7.6
7.88
3.86
8.48
7.21
2.63
3.28
2.79
4.7
6.45
5.83
3.31
2.53
3.94
2.13
3.43
1.24
4.41
5.47
6.02
5.44
4.85
4.41
1.49
0.86
2.97
1.95
0.2
0.49
0.26
0.05
0.41
0.55
1.08
1
0.27
0.92
2.91
2.45
5.31
2.67
5.56
4.77
2.02
2.08
1.31
3.82
2.59
5.27
5.05
5.5
3.09
3.59
5.22
4.3
3.98
2.92
1.52
4.23
4.19
6.36
1.69
3.97
3.65
5.96
1.94
5.64
2.98
2.88
2.01
5.06
0.15
5.25
6.53
5.88
5.81
6.02
1.74
1.73
2.93
1.54
1.78
1.26
1.04
0.98
1.96
6.27
1.83
6.92
1.37
1.03
8.78
4.07
7.41
6.49
2.52
3.96
3.36
7.47
6.55
2.41
2.55
3.56
8.49
10.53
6.55
8.04
11.16
8.72
6.25
10.86
11.48
11.3
2.61
2.95
1.55
3.44
7.42
8.92
9.5
8.75
3.95
14.89
8.11
7.49
11.77
13.91
15.22
14.98
15.15
5.75
8.13
3.13
7.4
5.04
13
14.44
16.61
15.66
14.91
17.21
13.78
17.03
14.46
7.82
15.03
3.73
13.35
14.98
7.92
13
17.73
10.32
18.19
10.83
17.53
18.97
11.52
3.8
13.49
20.93
19.21
19.47
17.49
18.84
21.99
21.08
9.02
10.28
20.89
23.98
24.21
20.64
22
17.66
24.34
17.85
22.34
5.47
25.45
20.4
12.33
19.76
7.36
19.41
20.61
19.59
25.99
24.88
15.88
22.38
28.01
25.63
22
17.21
4.17
14.33
20.99
22.86
24.84
22.69
5
3.65
5.14
24.7
6.24
6.4
17.27
21.53
26.86
26.9
20.08
28.02
29.66
30.12
28.98
29.6
31.02
29.74
29.35
28.61
30.2
29.85
30.47
30.17
25.89
17.1
18.94
23.98
27.23
13.5
17.74
22.61
27.75
4.73
18.42
28.69
30.64
12.24
23.75
22.13
28.45
27.27
27.6
28.47
30.16
30.36
25.49
28.21
18.33
17.25
28.87
29.13
25.42
10.59
15.95
22.48
24.55
27.22
22.99
27.15
25.24
24.62
27.43
22.31
26.15
20.69
13.09
8.45
12.13
9.63
8.63
21.43
26.7
19.51
22.56
23.87
25.56
25.81
25.68
24.84
25.58
23.7
24.63
25.1
24.11
22.46
20.48
18.21
7.52
16.65
18.06
7.38
18.06
22.39
15.01
20.83
8.31
23.13
21.11
23.26
22.74
22.65
22.81
21.79
15.49
14.85
13.24
3.84
12.48
16.57
18.14
16.41
14.56
10.71
19.55
14.27
13.04
10.2
14.33
17.25
15.55
11.99
14.06
17.1
16.14
12.59
10.11
1.44
7.03
9.42
10.23
13.27
9.1
15.59
15.11
13.29
11.54
11.24
8.9
2.97
4.65
4.9
2.94
2.07
8.7
2.28
1.49
1.12
3.6
6.92
5.28
1.01
6.34
5.35
8.4
6.13
11.03
8.8
7.19
8.44
1.75
2.91
9.89
10.28
10.42
10.32
9.91
7.09
8.26
8.56
4.83
7.58
4.11
4.56
7.81
8.06
7.64
5.51
1.88
6.96
3.19
7.25
6.37
2.05
0.53
2.32
6.4
5.31
2.15
2.58
1.8
3.83
5.5
3.87
3.59
4.38
2.91
1.6
4.72
1.3
1.75
0.62
1
4.55
6.4
2.16
5.15
3.42
1.25
2.45
0.74
1.22
4.05
0.68
2.12
5.36
3.52
3.94
4.09
5.05
2.38
5.78
1.34
3.9
4.31
1.89
0.13
1.9
1.84
2.28
0.61
4.25
3.14
2.09
2.61
3.56
5.44
4.85
4.75
1.8
5.62
3.92
6.64
5.51
6.9
8.01
8.45
1.89
6.55
2.06
6.56
6.57
8.19
7.07
5.33
1.2
4.29
2.48
1.76
7.61
9.44
9.77
5.97
4.53
7.48
2.38
8.06
4.26
4.91
5.39
1.69
2.96
1.34
1.27
2.98
10.76
5.68
10
4.68
10.06
4.42
8.44
10.51
5.92
2.54
4.67
9.95
2.74
11.75
9.64
10.19
2.61
6.93
14.49
14.53
4.81
6.48
6
17.36
5.19
6.57
14.52
17.54
13.67
17.64
10.8
8.71
8.23
12.95
7.74
8.69
18.25
14.79
11.16
13.15
19.39
12.55
14.75
19.69
17.5
18.25
19.63
17.53
2.88
14.9
19.06
22.66
20.97
19.05
7.03
20.48
23.99
17.25
13.79
15.67
23
25.04
23.92
18.03
10.26
17.03
23.73
3.04
11.29
24.86
25.2
4.67
7.81
16.57
15.58
24.86
26.29
23.71
23.49
20.8
11.24
5.25
2.25
18.67
9.77
11.4
19.92
18.56
19.96
25.74
19.55
26.98
28.49
26.65
10.47
27.12
21.88
24.91
25.82
25.53
27.76
23.95
21.96
22.13
24.36
21.06
22.08
29.02
31.84
29.39
21.42
19.98
18.67
15.68
22.16
22.89
16.29
24.52
27.77
28.06
14.05
17.75
30.51
30.09
29.92
29.25
28.82
26.33
14.33
31.58
29.9
28.14
24.32
26.61
11.02
28.34
27.64
18.37
26.86
27.45
18.92
27.51
27.43
25.84
22.62
18.2
20.2
6.08
12.78
26.8
24.43
24.94
26.19
24.69
23.6
22.89
12.69
16.04
22.68
16.46
24.27
25.23
23.78
15.76
26.96
23.96
27.18
21.55
24.84
26.94
26.81
24.51
4.85
17.24
18.49
17.07
25.75
15.13
21.89
17.78
17.67
13.27
22.18
7.32
8.58
24.47
23.39
23.75
24.04
22.47
23.41
17.41
20.87
23.09
21.95
15.12
20.02
16.03
12.19
5.69
18.59
19.08
19.12
18.52
16.8
15.13
17.62
17.45
17.25
16.54
12.07
10.93
13.32
13.7
10.2
16.31
16.67
15.65
15.72
13.91
13.82
14.53
15.1
14.97
13.49
4.78
7.07
3.04
13.63
4.77
6.24
10.14
8.34
6.46
4.13
6.49
11.48
6.65
5.8
10.08
4.67
1.68
5.52
2.33
3.46
11.34
8.41
8.87
8.19
9.58
6.4
9.31
5.87
5.62
10.08
7.88
6.37
4.35
8.25
3.65
0.81
2.29
0.8
8.08
5.82
3.37
0.43
7.26
6.88
6.14
2.12
2.99
6.54
3.03
4.07
6.12
6.11
5.49
3.58
1.5
4.1
2.03
5.12
6.39
5.65
3.67
3.91
6.48
4.78
3.96
1.7
5.22
1.63
4.91
5.42
5.57
3.69
4.69
3
2.29
1.81
5.34
1.52
0.77
0.44
0.4
0.38
1.26
0.96
1.5
4.22
5.25
1.46
5.66
6.34
6.39
6.21
4.14
5.91
1.44
5.07
2.78
6.47
1.51
2.93
6.04
6.73
2.88
0.08
3.73
6.82
4.08
4.05
3.15
6.56
7.51
7.87
7.8
1.75
0.85
2.05
1.76
2.96
1.32
0.9
1.05
2.14
1.42
3.47
5.32
4.9
6.24
0.62
8.09
3.29
1.52
2.61
4.35
6.18
9.53
11.02
11.13
9.04
4.38
5.74
11.75
7.86
3.4
7.41
6.17
2.47
13.47
10.95
10.08
8.66
7.43
7.75
13.19
13.78
4.97
6.98
8.8
15.15
12.06
8.35
12.64
12.16
16.42
12.05
9.2
16.1
16.86
3.75
9.44
11.93
15.93
14.18
16.28
15.16
18.39
17.37
20.32
20.42
17.56
14.02
20.03
19.79
20
19.43
15.35
7.71
11.59
6.25
9.95
15.12
21.73
12.61
17.25
12.34
14.68
12.01
16.08
15.74
12.88
5.36
15.87
23.54
12.61
15.26
21.89
21.25
12.42
6.17
3.93
16.73
20.17
17.62
23.31
3.96
17.78
8.16
24.44
11.74
21.37
18.4
24.59
24.45
19.57
16.02
20.2
13.13
26.82
27.43
27.96
28.36
22.39
25.98
27.32
15.34
7.91
19.66
26.74
28.36
29.29
29.01
27.8
18.19
24.14
21.6
28.66
25.28
26.88
25.57
11.63
30.9
31.49
20.93
31.62
28.96
28.95
26.03
29.66
15.11
16.42
29.18
29.88
31.03
21.88
25.74
17.8
28.86
14.6
25.65
24.63
23.12
28.54
23.08
22.17
20.64
22.42
23.93
27
25.81
23.6
26.14
24.95
28.01
19.58
28.7
30.58
12.45
22.34
28.06
29.04
29.34
26.62
28.3
27.81
21.8
22.56
13.86
23.28
17.76
12.6
20.84
27.51
25.63
27.34
27.38
24.16
26.53
24.44
24.53
14.23
26.2
16.49
23.59
21
19.32
15.05
20.01
25.37
25.85
21.95
24.68
24.26
12.59
17.83
22.07
21.81
23.75
23.1
22.17
22.17
20.14
15.94
23.27
23.22
21.98
11.22
10.27
8.39
19.58
18.43
11.51
5.51
16.62
19.53
11.63
7.05
5.49
17.95
18.55
6.7
6.7
3.97
12.24
1.8
4.35
7.83
13.95
12.63
10.34
9.75
12.32
6.67
13.65
12.93
14.55
15.58
15.35
4.25
13.71
12.16
9.56
12.4
7.34
9.85
9.35
12.93
12.34
11.47
11.72
12.52
12.27
11.13
10.77
6.36
5.69
5.02
1.98
1.6
9.56
10.05
9.62
2
4.95
5.22
6.22
5.1
7.91
7.03
5.39
8.42
7.25
1.51
4.63
0.28
4.62
3.7
4.05
2.3
1.45
5.91
5.17
1.41
0.62
3.66
2.99
5.48
2.66
5.17
4.7
1.75
3.98
2.6
6.35
4.82
1.28
2.68
3.31
6.75
2.74
2.27
1.41
5.92
4.89
3.12
2.63
5.86
0.94
0.16
2.81
1.51
0.96
2.76
4.84
5.8
6.08
0.94
1.77
2.38
4.28
4.71
5.7
2.68
3.77
1.46
5.36
3.26
3.77
0.89
2.16
3.02
3.85
3.06
4.37
4.35
2.17
1.04
0.91
1.92
0.76
0.31
1.84
1.31
3.82
1.72
4.82
1.26
7.05
5.65
4.7
3.32
5.14
6.77
4.1
1.17
2.43
7.99
7.75
3
4.47
1.16
1.2
7.82
5.19
2.04
1.66
3.41
3.31
1.99
8.2
2.36
3.77
5.46
10.3
4.91
5.09
5.07
8.05
3.3
3.87
4.33
4.84
10.25
13.33
7.4
9.17
13.48
8.98
3.02
7.06
9.62
4.54
6.7
12.01
11.89
8.96
12.89
11.74
13.73
13.23
10.37
9.67
4.26
2.44
8.17
7.6
10.24
12.98
19.14
7.35
15.97
7.8
14.9
11.81
14.11
2.83
9.61
4.19
11.59
18.71
18.94
11.97
9.18
20.5
12.42
18.01
19.29
12.04
15.18
16.84
21.46
22.31
11.72
8.08
11.22
21.81
23.74
23.78
24.41
23.26
16.64
17.38
23.42
10.02
20.94
24.51
24.48
23.56
22.55
21.98
24.32
20.41
18.81
25.51
25.75
23.16
26.1
18.44
17.4
24.5
22.16
6.5
8.48
20.92
20.96
14.37
23.92
24.59
25.86
19.9
21.58
17.13
15.23
26.89
24.63
22.02
23.48
22.11
25.7
18.5
25.01
21.89
23.73
23.63
25.64
19.35
24.16
17.75
24.34
28.81
24.06
15.23
7.72
16.49
24.83
21.46
28.26
29.29
29.42
29.32
11.89
21.72
18.5
15.74
23.83
20.8
13.21
19.13
26.85
26.42
24.31
25.58
20.98
28.15
10.87
26.36
20.35
26.48
23.76
8.47
21.46
22.97
21.38
20.8
23.91
23.67
18.55
27.61
24.6
23.07
17.52
12.52
26.53
27.03
24.49
23.66
22.67
26.64
26.99
25.49
21.67
15.2
23.28
26.55
21.98
23.99
21.76
25.4
25.23
20.5
19.67
26.06
25.27
11.21
21.96
23.91
23.18
23.25
23.21
22.71
23.44
23.14
22.12
16.73
9.05
8.58
23.83
20.68
20.61
19.67
17.92
6.83
6.27
9.64
5.44
17.47
20.05
16.78
17.72
18.96
19.31
15.96
19.48
15.77
15.22
16.86
16.83
16.91
18.3
16.95
16.75
17.11
2.15
11.06
14.36
16.47
17.46
16.77
16.56
16.69
16.42
13.17
8.54
10.34
13.6
15.13
13.3
6.28
8.9
12.68
12.74
12.76
12.94
12.38
12.56
10.01
6.63
7.83
7.98
9.72
10.43
7.08
6.84
8.59
5.16
9.57
7.65
2.24
4.64
6.79
9.13
10.17
6.68
5.72
4.2
2.86
3.9
7.62
7.3
3.98
4.16
3.43
6.95
5.1
2.93
7.42
6.55
7.49
6.29
3.77
0.64
0.25
0.64
0.53
0.67
0.83
0.51
0.51
1.5
4.94
6.93
5.6
2.58
3.96
2.5
4.29
5.7
2.6
4.84
1.89
2.47
4.37
2.46
2.71
1.64
0.71
2.23
3.29
2.53
3.01
3.48
1.7
2.13
2.09
2.58
2.41
2.2
4.1
3.81
2.6
4.14
1.87
3.54
3.35
4.33
4.69
5.51
0.82
4.9
2.04
1.63
3.68
1.12
6.5
3.51
5.88
4.69
5.74
4.89
5.29
2.29
3.06
4.27
5.51
3.71
1.62
3.84
5.87
4.07
5.94
1.66
5.43
3.79
2.5
3.94
3.8
2.23
8.95
2.78
9.7
10.35
6.8
7.51
6.19
3.85
6.51
6.28
8.29
7.89
11.04
11.42
11.48
11.41
7.19
10.77
6.58
12.55
8.33
10.26
9.77
13.55
13.76
8
5.06
11.29
12.38
13.08
14.12
11.58
7.08
11.39
8.33
7.53
14.71
5.52
13.83
8.98
8.05
17.95
3.5
9.59
17.88
18.33
18.31
18.77
18.86
5.76
15.85
9.12
11.84
19.52
20.71
20.7
19.16
17.56
17.5
12.54
4.1
13.92
18.38
16.19
17.31
7.89
2.78
6.82
9.23
3.92
21.91
23.02
23.16
21.15
23.54
24.69
24.32
24.18
4.5
20.56
24.19
19.47
15.51
25.1
9.49
5.64
22.78
25.54
11
7.43
6.06
4.7
17.05
23.83
8.49
20.76
22.23
14.86
5.68
9.04
4.33
9.2
12.34
19.73
16.02
18.02
14.96
12.13
18.29
28.57
27.53
26.93
6.59
8.26
7.5
7.23
24.31
26.67
26.29
29.72
28.94
26.84
19.08
28.41
30.34
30.72
29.36
28.69
29.59
29.22
29.97
25.36
23.65
22.24
25.18
22.63
27.43
26.55
11.36
11.45
28.26
29.89
30.89
23.35
31.69
31.63
31.05
28.67
22.87
26.08
24.87
26.48
27.81
16.56
13.67
14
28.29
20.66
16.06
13.84
22.89
27.69
25.44
28
19.37
24.05
27.4
21.93
23.51
28.42
28.44
25.1
18.92
21.29
11.53
16.35
21.1
19.93
26.25
7.39
18.31
24.51
25.49
23.65
22.94
13.38
25.36
25.81
23.88
24.78
14.49
20.2
25.3
14.67
24.11
23.57
24.85
23.59
15.87
16.03
17.73
17.66
18.09
14.22
21.07
20.49
14.65
20.78
21.48
19.05
17.29
18.76
21.84
20.93
5.71
6.96
12.74
10.83
19.52
19.06
17.43
16.66
16.6
19.18
18.02
12.28
16.82
15.08
17.46
18.23
13.74
10.83
13.52
6.68
11.51
14.58
3.82
12.73
13.7
15.21
6.84
9.72
13.14
5.93
12.4
5.78
13.98
12.35
5.16
12.33
11.03
7.38
10.42
12.69
4.28
11.65
7.79
9.91
11.19
10.76
9.15
10.16
11.22
10.62
10.65
10.07
3.66
1.89
1.98
3.36
9.14
4.85
6.54
3.48
2.24
6.93
5.47
1.59
2.03
1.67
4.07
0.59
1.2
6.4
2.49
2.2
4.27
6.19
4.57
0.17
3.8
2.42
4.25
4.17
1.22
1.58
1.88
1.57
2.77
5.17
4.86
0.63
3.25
5.8
0.54
0.94
2.08
3.06
1.01
4.54
6.81
0.42
2.15
4.64
4.16
4.05
3.4
4.27
2.95
4.47
0.41
0.68
1.67
4.67
4.36
3.22
1.62
4.48
2.29
5.56
4.65
5.57
6.11
3.18
2.59
6.17
6.72
4.76
5.52
4.47
3.61
5.34
6.8
4.2
0.97
2.99
1.65
0.58
0.59
2.05
2.17
7.17
1.48
5.93
1.03
1.52
1.65
1.74
3.97
5.1
7.02
5.44
8.59
5.57
4.29
1.22
5.04
7.84
7.32
8.97
9.38
6.56
8.39
8.06
9.52
5.9
10.17
10.89
9.47
5.8
5.58
11.81
11.46
10.69
5.46
4.49
11.87
0.98
12.11
10.31
8.96
5.49
10.3
5.18
13
15.14
3.38
10.74
15.49
10.46
14.35
11.88
15.06
2.08
11.95
18.2
18.09
15.29
17.2
17.91
17.97
10.09
17.24
11.62
9.95
5.15
7.54
17.98
18.9
17.4
11.66
19.94
20.09
21.55
17.94
21.15
21.05
21.28
22.86
22.29
22.46
21.44
21.05
21.57
14.54
16.38
23.81
23.43
22.25
16.89
12.73
22.61
24.11
24.95
25.14
23.56
19.49
21.61
19.29
23.16
6.74
21.62
14.47
20.91
17.38
25.38
8.09
26.89
27.45
26.25
22.44
17.77
18.47
12.28
16.02
21.71
9.08
15.27
19.2
25.99
8.07
17.83
28.48
25.86
14.05
23.19
13.99
17.53
25.39
22.02
20.89
14.43
6.89
24.7
24.53
20.39
25.68
9.61
26.46
29.07
16.2
16.37
15.05
27.14
30.87
30.78
22.15
9.62
11.33
13.02
17.58
25.81
10.85
8.26
21.82
30.78
30.87
19.19
26.92
29.34
28.36
15.52
25.7
28.25
27.45
11.17
27.42
29.73
18.53
28.84
30.19
27.61
30.06
19.77
28.64
27.06
23.7
26.2
14.95
18.33
14.05
17.57
23.73
24.9
21.66
23.45
12.04
7.65
21.39
28.42
27.22
23.15
26.92
26.16
27.14
24.33
11.42
14.12
9.44
20.55
25.78
25.46
24.5
25.28
18.63
25.54
22.11
18.01
13.71
12.91
19.45
12.74
21.77
24.98
24.53
23.83
15.46
14.5
22.29
22.13
22.9
21.92
19.46
15.48
9.93
13.25
18.96
15.44
18.69
21.08
17.26
17.97
20.84
20.53
19.16
18.07
18.21
18.27
18.63
18.24
14.43
15.61
16.95
15.36
15.62
16.2
15.89
13.66
15.63
5.68
8.18
14.63
7.11
7.61
10.63
8.3
10.1
11.08
14.91
10.18
14.31
4.24
13.8
12.9
8.58
3.43
3.28
1.9
10.77
2.67
4.48
5.95
8.02
6.09
9.88
8.89
9.52
5.26
2.96
6.91
9.3
4.86
7.86
3.45
3.07
7.66
3.52
4.35
4.6
2.35
5.11
8.85
8.44
6.18
1.18
1.13
0.72
1.29
1.12
1.64
0.9
1.72
5.99
7.02
1.02
3.38
7.17
7.1
3.21
5.28
0.79
0.32
0.46
0.64
6.14
3.69
1.83
2.34
0.38
1.66
2.68
2.42
2.52
0.55
0.68
0.92
0.79
0.45
1.28
2.93
0.79
0.49
0.5
0.75
0.5
0.59
0.79
1.82
4.28
1.12
1.82
4.74
2.11
1.7
4.09
1.43
3.38
