20010101
1.9
1.49
1.17
2.35
3.11
5.29
2.81
2.28
2.91
1.4
1.89
1.99
2.24
1.94
1.61
0.89
1.49
0.65
1.2
1.42
0.89
1.83
1.48
2.57
1.35
1.4
3.09
1.23
2.38
4.93
5.67
5.24
1.92
1.51
1.99
3.08
2.69
4.94
5.91
3.52
3.27
1.68
2.16
2.31
2.62
1.31
1.27
2.08
2.77
2.83
2.53
2.03
3.02
2.01
1.68
1.48
2.43
2.16
3
1.25
2.11
3.27
4.15
2.23
2.05
2.23
4.9
4.07
2.13
2.23
3.28
3.14
1.57
2.16
2.75
5.18
2.7
2.61
2.5
1.6
1.14
2.32
2.04
3.08
2.92
2.58
1.37
2.44
2.52
2.46
1.69
2.31
1.85
3.29
2.5
1.86
3.3
1.76
4.02
1.78
1.63
3.24
3.55
3.47
2.94
1.45
2.59
2.88
2.38
1.47
1.8
1.9
2.09
2.05
2.62
1.87
2.28
1.83
2.32
1.96
2.42
1.86
1.86
1.88
1.5
3.2
3.55
2.53
1.86
1.83
2.53
4.36
2.05
3.12
3.41
3.16
4.66
2.91
1.44
0.93
1.16
1.83
1.54
1.44
1.76
2.79
1.32
1.44
1.8
1.96
1.84
2.72
2.75
2.29
3.02
1.81
1.57
1.39
2.92
1.72
2.81
2.26
1.68
1.7
1.47
1.77
2.66
1.67
2.39
5.69
5.24
2.05
1.5
1.62
1.56
1.68
1.51
1.62
1.85
1.48
1.74
1.65
3.09
2.62
0.94
1.05
1.96
4.02
1.66
1.4
1.87
2.21
1.59
1.86
2
2.62
2.6
1.44
1.62
2.45
2.22
1.66
2.96
2.41
1.55
1.95
1.81
1.89
1.58
1.7
1.86
1.5
2.11
1.96
2.39
2.59
2.34
1.24
1.55
2.71
1.44
2.94
1.8
2.34
1.38
1.06
1.46
1.58
1.47
1.28
1.64
1.87
1.68
1.75
1.91
1.71
1.12
1.21
1.8
2.55
2.05
1.68
1.13
1.12
1.31
1.85
1.92
3.03
3.28
1.66
1.33
2.84
1.56
1.1
1.81
3.15
3.96
1.4
1.67
1.71
1.71
2
2.98
1.29
1.4
1.26
2.29
1.19
1.12
1.15
1.21
1.21
0.8
1.26
2.55
2.24
1.85
1.26
0.93
2.58
3.32
1.49
0.95
1.07
0.96
0.82
0.96
1.09
0.89
0.67
0.97
0.51
1.41
3.23
1.33
1.15
1.05
0.96
1.26
1.1
0.85
0.45
1.05
2.63
2.22
2.59
1.09
1.73
0.92
1
1.38
2.75
2.2
2.72
1.52
0.84
2.72
5.16
1.62
1.73
1.46
1.07
1.41
2.08
1.22
2.11
2.35
1.91
1.88
0.98
0.88
0.9
1.13
1.99
1.05
0.72
0.65
1.17
1.11
1.6
3.09
2.19
1.48
0.94
0.78
1.41
3.43
1.27
1.21
3.15
1.87
1.34
0.89
1.67
1.92
1.23
1.45
1.7
1.49
1.12
1.86
1.83
3.35
2.56
1.44
1.53
2.42
4.39
1.04
1.16
1.24
1.19
1.01
1.09
0.71
0.85
0.89
0.69
0.89
0.6
0.56
0.63
0.42
1.41
1.24
1.46
2.09
3.53
5.15
1.84
1.5
2.82
1.6
2.17
1.42
2.53
1.45
2.07
2.69
1.39
1.69
3.92
1.06
1.14
1.75
1.75
2.41
1.65
2.16
2.44
1.86
1.4
1.04
0.93
2.03
3.72
3.15
3.11
1.88
2.17
2.69
3.75
3.53
1.98
1.68
1.43
1.38
1.68
2.69
3.47
4.01
2.18
2.43
2.16
1.6
2.74
1.86
3.36
2.49
1.71
2.17
1.65
1.7
2.18
2.12
2.2
4.11
5.56
6.42
4.61
3.84
2.44
1.5
1.56
1.56
1.61
2.12
2.55
2.49
3.51
3.23
1.92
1.49
2.14
2.26
0.91
1.47
1.8
1.5
1.52
1.74
2.27
2.37
1.56
2.2
3.13
2.46
2.39
2.64
2.16
2.36
1.52
3.62
3.27
2.23
4.24
4.22
2.54
2.79
2.03
1.31
1.81
2.82
1.34
3.13
3.24
1.83
1.36
2.05
1.83
1.41
2.71
2.04
2.08
2.47
1.52
2.84
5.08
2.43
1.48
1.77
1.66
2.04
3.01
3
1.56
2.25
2.77
1.82
1.26
3.07
2.99
5.05
1.92
1.47
2.54
2.88
1.65
2.43
1.68
1.77
1.96
1.34
1.51
2.11
2.05
1.57
1.71
2.47
2.72
2.13
1.95
2.99
1.54
1.73
2.01
2.86
4.13
2.61
2.06
1.62
2.27
1.84
1.53
1.97
2
3.14
2.15
1.71
2.94
1.64
1.87
1.7
1.39
1.19
1.36
2.2
1.69
1.97
1.82
1.97
2.46
2.88
1.96
2.02
1.56
1.45
1.11
1.76
1.29
1.35
1.28
1.3
1.13
1.21
1.57
2.26
2.11
3.12
2.08
1.38
1.88
2.41
2.36
1.72
1.16
1.33
1.48
1.4
1.32
1.22
1.12
1.47
1.34
1.24
1.95
1.66
1.5
1.97
3.28
1.34
1.53
1.35
1.95
1.66
1.29
1.83
1.58
1.76
3.18
1.49
1.63
1.96
1.96
1.32
1.48
1.21
1.26
1.76
1.2
1.91
3.07
1.56
1.04
1.51
3.1
3.15
2
1.13
0.9
1.06
0.92
1.33
1.22
2.13
1.65
0.66
0.89
1.75
2.09
0.93
1.47
0.92
2.98
5.03
2.01
1.07
1.68
2.9
3.29
3.45
1.44
2.75
2.35
2.71
3
1.31
1.88
1.27
0.84
1.15
1.58
0.94
3.19
2.39
1.02
0.91
2.57
1.83
2.49
2.55
2.95
4.74
5.38
4.63
3.43
1.18
4.09
1.66
3.26
2.01
1.3
2.69
2.42
1.74
0.65
1.22
1.61
1.17
0.82
1.48
1.55
2.66
2.91
2.43
2.48
1.86
1.93
1.17
1.1
1.86
1.05
0.91
1.47
0.78
0.77
1.62
1.59
1.77
0.95
0.85
1.69
1.73
1.15
2.04
1.47
1.8
1.17
1.71
2.4
1.9
2.39
1.68
1.73
3.56
1.76
3.69
1.4
1.45
1.06
2.92
1.53
2.14
1.38
1.49
1.13
1.9
1.16
0.97
1.2
2.06
0.91
1
2.29
2.58
1.43
1.77
1.47
2.73
1.53
2.88
3.75
1.51
2.65
3.49
4.81
3.2
1.85
0.91
1.6
0.86
2.64
2.38
1.56
1.53
2.53
2.75
2.03
2.2
1.99
1.95
1.15
1.2
1.6
1.19
1.94
2.29
3.11
1.29
1.55
1.41
1.91
1.47
1.05
2.29
1.01
1.23
1.72
1.66
2.04
2.84
4.66
4.24
3.64
3.78
1.8
4.09
2.01
3.05
3.98
2.04
1.52
1.7
1.75
1.8
1.96
1.35
1.47
1.51
2.78
2.49
3.62
2.71
3.32
3.15
4.73
4.7
3.46
1.99
3.52
1.32
1.15
3.06
1.82
1.79
2.06
2.6
3.56
2.26
2.89
2.3
2.08
2.16
2.83
1.88
4.46
2.4
3.17
2.94
4.39
2.74
2.78
2.65
2.16
2.45
2.68
1.72
1.53
2.66
1.56
2.01
2.13
2.58
2.78
2.3
1.56
2.33
1.66
3.23
2.37
2.82
4.35
2.57
2
1.43
2.38
2.8
2.74
2.85
1.53
1.9
1.89
1.31
1.19
1.6
2.19
1.85
1.92
2.03
2.17
1.59
1.86
1.52
2.39
1.73
1.64
1.86
1.62
1.45
2.23
2.09
1.91
1.54
1.82
2.22
2.06
1.78
1.57
1.23
1.61
2.68
3.43
1.81
1.63
1.42
1.8
1.6
1.98
1.97
1.84
1.48
2.06
1.66
2.02
1.82
1.73
2.06
2.27
2.69
2.94
1.62
2.28
1.78
2.2
1.62
1.61
1.24
2.59
3.01
2.73
2.48
2.1
2.42
1.87
1.36
1.45
1.96
1.71
1.87
1.38
1.99
1.6
2.49
1.41
1.9
1.84
1.94
1.88
1.64
2.01
1.55
1.29
1.59
1.64
1.49
2
2.12
1.47
2.16
2.24
3.57
1.8
1.74
1.62
2.03
2.41
1.65
1.63
1.54
2.27
1.81
2.02
2.2
1.71
2.33
3.26
3.33
1.94
1.44
1.51
1.36
1.77
1.79
1.7
2.86
3.99
2.8
2.35
1.73
1.96
3.36
2.02
1.58
2.28
1.6
1.31
1.44
3.52
2.07
2.45
2.57
2.88
1.59
1.48
1.96
1.15
2.08
1.44
2.25
1.71
1.31
1.57
2.62
1.95
1.22
2.09
1.78
1.56
1.54
1.32
1.67
2.82
1.23
4.11
3.92
2.14
1.92
1.46
2.08
1.94
2.62
1.38
1.25
1.53
1.29
1.38
1.28
1.11
1.29
1.1
2.87
1.44
1.7
1.51
1.07
2.48
5.94
4.34
3.02
1.55
2.69
1.87
1.91
1.61
3.01
2.09
1.54
1.67
1.11
2.38
2.98
1.5
1.13
0.95
1.41
0.95
1.96
1.58
2.06
2.68
1.79
1.02
1.05
1.31
3.83
1.57
5.06
2.87
1.39
1.52
1.44
3.04
1.97
0.72
1.9
1.97
2.8
3.19
1.05
2.74
1.43
1.52
1.9
1.96
1.03
2.04
2.66
3
2.11
1.62
3.71
3.5
1.47
1.83
1.84
3.32
3.87
2.25
1.68
0.92
2.38
1.85
1.68
1.27
2.21
2.59
1.92
1.77
1.41
1.8
1.87
1.66
2.78
2.76
3.59
2.15
2.7
4.59
1.67
1.51
1.7
2.26
1.78
1.53
2.98
2.02
2.36
2.42
2.17
2.85
2.68
1.37
1.67
2.29
3
3.37
1.63
2.02
2.55
2.51
2.56
1.53
3.78
3.37
1.76
1.76
1.88
2.56
1.87
1.29
1.76
1.64
2.46
2.27
2.48
4.48
1.91
2.68
2.16
1.96
2.59
2.19
1.22
1.26
1.33
2.21
1.56
1.9
1.57
2.14
1.71
2.62
1.49
2.22
1.45
0.77
2.01
3.19
3.31
3.02
2.03
3.92
1.73
2.01
3.07
2.66
1.57
1.63
1.8
3.01
3.95
2.35
1.79
2.23
3.7
2.41
1.67
1.66
2.69
2.03
2.99
2.97
1.91
1.46
2.4
1.44
1.48
1.69
3.54
4.31
1.5
3.51
1.77
1.62
1.33
2.05
1.85
2.63
1.96
1.76
1.52
2.87
2.57
2.33
2.74
1.95
1.42
1.43
1.32
1.71
1.66
0.97
2.34
1.86
1.35
2.14
1.61
1.73
1.74
1.79
2.51
1.82
2.15
1.94
1.73
1.76
2.03
1.47
1.81
1.85
1.61
2.09
1.46
1.49
1.21
1.78
1.81
2.71
1.2
1.58
1.86
1.97
2.38
1.64
2.93
2.9
2.21
1.26
1.39
2.11
1.2
0.91
1.44
1.67
1.74
1.86
2.32
1.24
1.68
1.4
1.54
3
1.93
3
2.77
2.88
2.37
2.11
1.45
1.39
1.31
1.26
1.05
1.05
1.05
1.14
1.5
1.26
1.57
1.94
1.35
1.63
1.43
2.13
2.59
4.15
2.05
1.91
1.8
2.07
1.61
2.53
1.3
1.58
1.91
1.43
1.78
1.69
2.13
1.15
0.98
1.45
1.61
1.96
1.47
1.17
2.39
3.08
1.86
2.42
2.03
2.05
2.17
2.13
2.02
1.69
1.52
1.5
1.78
1.3
1.98
1.83
1.81
2.26
2.35
1.5
1.29
1.74
1.73
0.81
1.12
0.78
1.82
1.39
1.59
0.58
1.28
1.8
1.94
1.96
1.68
1.49
0.83
2.05
1.72
1.63
1.52
1.45
1.23
0.83
1.05
0.88
1.29
1.05
1.43
1.55
3.69
4.19
2.88
1.7
0.77
0.71
0.93
1.11
0.61
1.73
1.08
3.89
2.09
2.06
1.34
1.17
2.75
6.03
3.55
1.43
1.63
1.34
3.11
2.03
2.01
1.22
2.49
2.66
1.42
1.21
1.25
2.04
1.21
1.11
0.97
1.99
1.36
1.07
1.01
1.22
1.34
1.21
0.58
1
1.81
0.75
0.38
0.63
1.01
0.82
0.52
1.32
2.19
2.68
1.18
0.87
1.54
1.59
4.19
2.07
1.28
0.65
2.62
2.14
1.42
0.8
1.3
1.46
1.75
1.42
1.77
2.26
1.55
1.1
1.69
1.15
1.3
0.97
1.51
2.63
1.58
2.32
2.01
1.08
3.11
2.94
2.37
1.38
1.14
4.04
6.65
3.66
1.79
3.24
2.73
1.93
2.67
1.34
0.38
1.51
1.48
1.21
1.04
1.41
1.22
1.7
1.14
1.99
2.2
1.8
4.68
2.86
4.37
2.27
0.9
1.16
2.05
1.74
1.67
2.2
2.21
1.32
4.46
3.16
1.84
1.79
1.97
1.57
1.73
2.49
1.73
1.33
1.63
3.6
2.35
3.28
1.83
2.21
1.74
1.87
2.02
2.17
3.23
1.8
1.28
1.98
1.35
1.52
1.67
1.65
1.94
2.89
1.32
1.44
2.23
2.47
1.58
1.98
2.46
2.49
2.4
4.65
5.87
2.32
4.22
3.12
1.84
1.6
1.99
2.53
3.1
1.68
2.23
1.89
1.51
4.77
2.01
2.57
3.48
4.74
2.68
2.43
2.15
2.31
1.18
1.86
1.6
2.27
1.77
1.52
2.79
1.85
2.04
1.75
1.78
2.28
1.44
2.19
3.2
1.67
1.92
2.99
2.89
4.68
2.37
1.83
2.64
2.36
2.57
3.52
1.6
1.94
1.75
1.72
2.62
2.68
1.94
1.62
2.65
2.17
1.82
1.44
2.4
4.46
5.22
3.34
1.76
1.83
3.17
2.99
1.88
1.82
1.62
1.71
3.24
1.97
1.86
1.61
2.13
1.79
2.07
1.34
1.15
1.71
1.54
1.63
1.65
2.52
2.57
2.09
1.67
1.63
1.29
2.27
1.21
1.05
2.02
2.97
2.5
1.92
1.44
1.92
1.57
2.25
1.68
1.76
1.65
1.39
1.47
1.45
2.2
1.65
1.16
1.8
1.98
1.47
2.63
1.3
1.34
1.79
2.66
3.87
1.48
1.58
1.63
2.22
1.79
1.22
1.05
1.65
1.53
1.26
1.36
2.53
1.56
1.26
1.21
1.68
1.4
0.93
0.96
1.6
1.55
1.03
0.97
1
0.93
0.99
1.01
1.36
1.45
1.26
1.11
1.46
2.67
2.33
2.98
2
1.28
2.06
1.41
1.35
0.98
2.31
2.49
2.26
1.33
1.94
1.78
1.25
0.89
0.97
1.04
1.08
1.13
0.98
1.11
2.23
1.66
1.08
1.67
1.94
2.39
1.59
1.64
1.68
1.06
0.93
0.72
0.8
0.69
0.86
0.75
2.55
2.72
1.37
1.21
1.44
2.48
1.86
2.03
1.46
2.09
1.2
0.9
1.21
1.52
1.56
1.42
1.15
0.81
1.38
1.55
0.97
1.47
0.82
1.01
1.27
0.79
1.51
1.6
1.13
1.75
1.82
1.36
1.39
1.31
1.74
1.28
1.6
2.71
3.77
2.28
1.83
0.86
1.51
0.96
1.11
1.54
1.3
1.27
2.65
2.38
2.18
2.25
1.1
1.27
2.08
2.69
1.24
0.9
0.62
0.95
1.49
2.72
1.88
1.73
1.66
1.28
1.61
1.23
0.97
1.02
1.2
0.62
1.57
1.37
1.81
2.06
1.8
1.58
1.88
0.77
2.55
2.15
0.67
0.77
0.97
1.05
0.93
0.95
1.05
0.86
0.92
1.34
1.64
0.76
1.53
1.67
1.01
1.23
3.68
3.37
1.1
2.33
1.09
0.9
1.04
0.97
0.7
0.99
0.99
0.7
0.88
1.36
2.42
2.16
2.23
1.51
1.49
1.24
3.03
1.81
1.11
1.07
1.9
2.75
1.57
3.05
2.95
3.86
1.72
2.36
2.02
3.59
2.69
1.6
1.75
1.14
2.02
1.32
3.77
3.7
2.77
2.3
2.73
2.47
3.39
1.7
1.35
4.09
6.77
3.18
1.4
0.84
1.74
1.03
2.13
1.49
2.46
3.1
4.61
2.84
1.39
1.61
2.62
3.46
2.49
2.62
1.86
1.91
2.15
1.73
1.8
3.33
3.54
1.84
2.71
3.52
3.85
4.23
3.98
2.22
1.96
2.46
1.73
1.42
1.9
3.4
1.79
2.01
1.83
2.32
1.99
1.87
1.5
1.96
2.13
2.86
2.45
1.54
1.67
1.46
2.3
1.77
2.77
2.13
1.77
1.69
3.28
2.66
2.34
2.21
1.96
1.95
1.87
2.25
2.47
1.59
2.17
1.93
3.82
3.31
2.02
2.05
1.46
1.79
1.87
1.86
1.16
2.1
2.04
4.48
3.8
2.8
1.54
1.61
2.97
2.64
2.34
2.4
2.09
1.78
2.35
1.87
1.43
1.32
1.6
1.5
1.61
1.9
1.56
2.3
2.22
1.35
2.15
2.39
2.1
1.65
2.1
1.77
4.05
2.88
1.45
1.2
1.73
1.77
1.4
2.3
1.39
2.19
1.56
2.04
1.58
2.39
3.81
3.36
2.65
1.47
1.5
1.68
1.41
1.63
2.14
1.73
1.72
1.47
1.72
1.75
2.3
1.37
1.51
1.35
1.32
1.52
1.21
1.32
1.51
1.69
2.16
1.63
1.49
1.29
1.52
1.2
1.75
1.61
2.45
3.22
4.19
1.38
2.05
1.36
1.53
1.86
1.73
1.19
1.56
1.29
1.55
1.66
1.68
2.73
1.71
1.6
1.41
1.32
1.51
1.26
1.89
2.6
1.44
1.45
1.36
1.53
1.31
2.19
1.8
1.81
1.53
1.34
1.15
1.52
1.18
1.13
1.33
1.63
1.74
2.38
2.27
1.45
1.43
0.94
1.03
1.29
5.4
1.95
1.39
1.44
1.35
2.2
1.31
1.14
1.03
0.76
1.14
1.04
1.36
2.5
1.41
1.94
2.5
3.81
1.94
1.08
4.4
3.45
1.22
1.34
1.06
0.99
1.73
3.04
2.04
1.27
2.97
2.01
1.59
2.56
1.59
1.36
1.12
1.71
2.76
2.23
1.71
1.9
1.42
1.06
3.71
2.05
2.83
1.12
0.85
2.08
2.22
1.9
1.91
4.73
0.85
0.75
0.91
1.2
1.63
1.24
1.73
0.95
1.07
1.47
4.01
2.26
4.43
3.01
1.07
1.11
1.23
1.44
1.75
0.98
0.83
0.82
2.79
3.31
1.95
2.2
1.16
1.2
1.22
2.31
1.44
1.15
1.23
1
1.3
1.01
2.22
1.64
2.03
2.17
1.75
1.49
1.77
1.77
1.28
2.14
2.51
2.99
1.78
1.48
1.98
1.29
1.6
3.99
2.54
1.31
1.55
1.59
1.59
2.12
1.05
1.04
1.56
1.86
2.65
1.84
2.09
3.03
1.7
3.77
2.6
2.22
1.99
1.28
4.13
2
1.55
1.35
2.68
2.64
2.37
1.55
3.13
1.47
2.18
1.58
1.79
1.22
1.17
1.67
2.94
1.89
1.49
1.77
1.78
3.53
1.59
1.85
2.81
1.77
3.16
3.28
1.84
3.25
3.64
3.68
1.65
1.48
2.98
2.37
1.61
1.88
4.38
3.14
1.53
1.06
1.93
3.58
2.69
2.8
2.9
2.23
3.2
1.55
1.52
1.72
1.76
1.62
2.31
3.52
2.14
2.17
2.11
2.14
1.97
2.11
1.91
1.45
1.62
1.64
2.36
2.27
2.18
2.98
1.72
1.98
2.8
1.79
2.17
2.27
2.69
1.66
1.54
1.84
3.2
2.56
2.73
1.97
2.21
2.22
1.21
1.39
1.38
1.7
1.22
1.38
3.05
1.32
2.34
4.21
2.51
1.39
2.08
4.48
2.4
1.96
1.51
2.44
3.06
2.1
1.73
2.3
4
2.23
2.73
1.36
1.17
1.82
1.56
1.76
1.69
2.18
1.7
1.37
1.78
1.41
1.54
1.37
1.86
1.35
1.8
4.12
1.92
1.63
2.25
1.31
1.69
2.71
3.11
1.72
1.84
2.8
2.66
1.4
1.51
1.67
1.73
2.34
3.2
2.3
2.22
2.38
1.88
1.43
1.42
2.5
1.9
1.37
1.46
1.44
1.44
1.9
2.94
1.66
1.21
1.74
1.73
1.83
3.71
2.75
2.68
1.63
1.55
2.12
2.03
1.32
1.68
1.52
1.51
1.69
1.86
2.74
2.76
1.43
1.81
1.73
1.47
1.45
1.33
1
1.46
1.64
1.55
2.69
2.65
1.47
1.07
1.59
2.39
2.31
2.05
1.06
1.48
1.58
1.79
1.92
1.03
1.96
1.38
1.88
1.11
2.22
2.19
4.28
2.3
1.92
1.98
1.82
2.3
2.31
1.77
1.2
1.64
1.43
1.73
1.84
2.87
1.99
1.49
1.23
1.41
1.03
1.43
1.27
2.15
1.98
3.18
3.47
1.29
1.16
1.17
1.2
0.98
0.98
2.22
1.94
1.15
1.35
0.98
2.08
0.75
2.94
1.75
2.06
0.59
0.94
1.58
2.88
2.82
3.25
5.74
4.18
1.83
1.21
1.28
1.49
1.44
1.51
1.03
3.37
2.59
1.35
0.88
1.78
2.4
0.97
1.87
0.72
1.97
2.31
2.41
1.97
1.77
1.73
4.69
2.57
2.56
2.37
1.11
2.21
2.08
3.27
4.56
2.03
1.12
1.98
1.63
1.29
1.69
1.18
1.37
1.88
3.69
1.48
1.54
1.04
1.32
1.35
1.35
0.63
1.57
3.4
5.28
4.7
2.97
2.04
1.62
0.66
1.05
0.8
0.88
0.75
0.1
0.32
0.74
0.34
0.43
1.33
1.09
0.33
0.32
1.08
0.68
1.77
1.94
0.85
0.9
1.21
1.37
0.75
0.85
1.94
3.46
1.78
1.79
3.18
4.44
1.25
0.98
1.5
1.62
1.18
2.27
2.48
2.09
1.4
1.55
3.96
2.88
1.24
1.86
1.72
4.21
3.66
1.64
3.45
1.75
1.77
3.14
2.99
1.84
2.02
0.97
1.21
1.04
1.82
2.98
4.58
2.02
2.1
1.72
1.79
1.48
1.94
1.93
2.16
1.76
2.22
2.03
2.33
1.65
5.06
3.1
2.01
2.16
3.88
2.27
1.1
1.3
1.87
4.24
2.4
2.62
2.87
2.25
2.11
3.51
2.12
1.87
1.49
1.47
5.3
2.23
1.47
1.98
2.41
2.4
1.41
2.26
1.55
2.67
1.95
3.02
1.95
3.07
4.38
2.38
2.77
2.95
1.51
3.9
5.34
5.6
2.54
1.6
2.19
2.71
2.47
2.57
2.92
3.78
1.98
2.47
2.8
3.02
2.2
1.69
3.42
2.04
2.58
2.69
3.43
2.26
1.71
2.73
2.58
2.64
2.36
1.96
2.21
1.83
1.91
1.75
1.44
1.45
1.68
2.13
1.84
4.26
2.99
2.64
2.18
1.58
1.55
1.25
1.49
1.66
1.63
1.82
2.65
2.15
1.63
2.15
1.94
1.7
1.6
1.14
1.95
2.08
2.34
1.81
1.3
1.84
1.54
1.88
2.16
2
1.51
3.15
1.32
1.35
1.63
1.43
1.53
2.3
2.04
2.01
1.91
2.14
1.81
1.6
1.76
1.46
1.4
1.38
2.48
1.65
1.47
2.56
2.77
1.72
1.86
1.31
2.61
2.11
2.15
2.46
2.08
1.57
2.15
0.92
2.2
2.01
1.16
2.08
4.85
3.92
1.9
2.55
2.01
1.28
1.05
1.1
1.02
1.5
1.62
1.24
2.03
1.35
1.28
1.32
1.51
1.8
1.44
1.79
3.6
2.53
1.47
1.81
1.37
0.89
1.38
1.75
2.23
1.16
1.59
2.11
1.05
1.25
1
1.32
1.42
1.73
1.72
1.29
1.24
1.25
1.79
3.42
4.29
5.08
2.71
1.59
1.4
1.46
1.11
1.64
2.6
0.89
2.44
4.37
3.43
1.11
2.41
4.78
2.76
0.84
0.76
1.49
2.03
3.42
2.1
0.65
1.96
1.51
2.5
2.04
2.13
1.55
1.33
1.27
0.87
0.79
0.83
1.06
0.9
0.47
0.88
0.66
0.69
2.42
1.81
1.59
0.47
0.68
0.83
1
2.17
0.65
1.03
0.83
1.34
2.11
3.71
5.13
3.09
1.65
0.63
2.01
0.74
1.88
0.5
0.56
0.87
0.72
0.89
1.43
0.37
1.61
0.9
0.44
0.26
1.18
0.43
0.24
0.85
0.71
0.99
1.38
3.07
0.87
0.9
1.94
1.23
1.61
2.99
3.08
1.03
1.4
1.03
3.5
0.76
1.04
0.6
1.27
2.72
0.75
2.83
1.65
1.35
1.03
0.25
0.56
2.59
1.61
1.55
1.48
1.11
1.09
1.01
2.05
1.73
1.72
1.27
0.53
1.32
2.54
0.8
0.6
0.87
1.01
0.62
0.4
0.46
1.17
1.45
0.99
1.17
1.44
0.72
0.38
0.38
1.02
1.05
1.8
2.95
3.81
1.58
0.65
1.96
0.42
1.09
0.35
2.51
2.53
3.75
2.3
1.41
0.73
0.66
0.39
0.27
1.91
4.07
3.11
1.42
2.63
3.28
2.55
2.86
2.81
4.83
3.56
1.35
2.47
6.14
3.73
1.4
1.44
1.21
0.92
1.8
1.57
1.09
1.72
1.52
1.46
0.33
0.12
2.98
2.4
1.61
3.82
2.7
2.37
2.16
3.26
2.42
2.54
1.54
1.3
2.67
1.54
4.74
1.95
3.97
4.44
2.64
2.3
2.25
3.1
1.76
3.56
5.92
2.23
1.92
1.72
1.47
2.45
1.72
1.45
1.98
1.64
2.18
2.16
1.62
2.35
2.66
2.36
2.15
2.07
2.06
3.57
3.59
2.07
1.87
1.44
2.52
2.4
1.91
1.78
2.38
3.25
2.91
2.2
2.02
2.81
3.39
3.74
2.08
2.59
2.76
1.84
1.65
1.86
1.78
1.49
1.91
2.54
1.19
1.65
1.36
2.43
1.57
1.99
2.64
1.85
2.46
2.02
1.47
1.28
1.28
1.96
1.84
2.08
2.4
1.41
1.82
1.8
2.16
2.27
1.51
1.34
3.43
1.81
1.71
3.84
1.94
1.88
2.18
1.81
1.81
1.82
1.9
1.35
2.36
2.85
2.86
3.37
3.29
1.98
1.75
1.85
2.02
1.77
1.55
1.61
2.1
2.06
1.68
1.58
1.73
1.48
1.65
1.6
1.43
1.58
1.15
1.42
1.28
1.42
1.76
1.57
1.9
1.78
2.22
1.37
1.74
2.12
2.79
3.35
1.92
2.2
1.1
2.18
1.86
1.33
1.64
2.02
1.42
2.62
1.96
2.34
2.7
2.52
1.85
1.25
1.18
1.73
1.35
1.07
1.24
1.13
1.56
1.59
1.31
1.45
1.05
1.15
1.55
1.91
2.76
1.22
1.6
1
1.65
1.36
2.19
1.45
1.1
1.55
1.34
2.99
2.52
1.58
2.07
1.81
2.13
2.01
2.13
2.33
2.81
1.83
1.68
1.02
1.23
1.54
1.41
1.09
1.06
1.19
1.24
1.4
1.14
2.76
1.28
1.2
1.44
1.48
1.46
1.21
1.25
1.2
1.86
1.76
2.29
1.4
1.73
1.86
1.03
1.32
2.6
5.26
3.54
2.51
1.55
1.36
1.58
2.61
1.67
3.17
3.67
2.53
2.46
1.09
0.85
1.31
1.11
0.89
2.41
0.84
0.7
1.04
1.74
2.28
1.75
1.91
1.68
1.59
1.42
2.07
1.29
1.16
1.38
2.85
1.22
1.07
1.69
1.32
1.53
1.48
0.9
1.3
1.53
1.3
1.7
1.72
1.94
1.55
4.36
4.1
2.24
1.01
1.12
0.85
1.16
1.42
0.85
1.43
2.47
1.6
1.56
3.08
2.21
1.68
2.27
1.61
0.98
1.19
1.57
1.29
2.52
4.43
3.73
2.84
3.99
1.44
1.35
1.43
1.21
1.3
1.08
1.18
2.49
2.04
1.63
1.2
0.84
0.7
1.64
1.13
0.68
1.56
0.95
0.94
1.09
0.73
0.95
1.22
0.82
0.91
1.11
1.86
1.35
1.06
1.08
1.65
1.6
1.36
1.83
2.63
2.33
1.9
1.7
1.97
2.51
1.54
3.2
2.88
3.41
1.28
2.15
2.69
2.84
1.89
1.83
1.66
1.54
1.47
1.63
1.96
1.73
1.8
2.58
5.05
3.26
1.27
1.97
3.59
2.51
6.37
2.01
2.4
1.71
2.2
4.39
2.42
2.83
2.93
3.41
3.02
1.45
1.41
2.07
2.45
2.63
2.46
1.8
1.8
2.66
3.66
2.84
0.99
1.26
1.8
2.99
5.19
1.78
2.31
2.79
4.96
2.06
2.65
1.71
2.95
4.4
4.3
4.45
1.85
1.57
2.35
2.73
2.71
2.14
0.83
1.41
1.46
1.62
2.84
1.74
1.84
1.89
2.18
2.03
1.43
1.76
1.68
1.99
2.21
2.19
2.47
2.08
2.29
3.17
2.44
1.33
2.06
3.49
2.13
1.7
1.54
3.28
2.53
2.12
1.06
1.73
4.58
3.16
3.19
3.03
1.88
2.09
2.92
3.43
2.79
2.16
2.16
2.45
2.12
1.15
2.05
1.85
1.93
2.65
1.19
1.52
1.62
1.84
1.99
2.01
1.97
3.33
4.26
4.06
3.09
2.49
2.16
1.53
2.3
1.24
1.84
1.8
2.65
4.63
5.32
4.34
2.33
1.48
1.79
3.27
2.32
2.05
2.32
1.76
1.47
1.65
1.24
1.69
2
2.76
1.56
1.41
1.39
1.56
1.47
1.74
1.71
1.38
1.71
1.35
3
2.37
0.93
1.49
1.4
1.97
2.14
1.95
1.99
1.88
1.54
1.71
1.36
1.55
1.3
1.4
1.73
1.52
1.44
1.71
1.17
1.15
1.07
1.03
1.38
1.32
1.51
1.26
1.95
1.84
1.73
1.22
0.9
1.08
0.98
1.27
1.94
1.25
1.44
1.62
2.1
1.5
1.26
1.33
2.31
3.97
1.31
1.13
1.13
1.71
1.24
1.36
1.31
1.37
2.62
2.65
1.09
1.61
1.85
1.88
1.45
0.96
0.98
1.55
1.41
1.09
1.01
1.48
1.78
1.57
1.5
0.92
1.25
1.16
0.9
0.84
1.13
2.04
2.95
2.28
1.59
0.93
1.06
0.83
1.04
0.97
0.94
0.85
0.86
1.16
0.95
1.92
2.5
1.85
1.3
1.52
1.47
1.98
3.81
3.49
4.14
1.99
1.42
2.09
3.98
3.65
2.65
0.85
0.92
1.44
1.63
1.04
2.59
2.64
3.42
3.14
1.95
2.64
2.09
3.87
3.46
1.9
1.19
1.78
1.07
1
1.1
1.79
1.16
1.55
1.41
1.47
1.8
1.79
1.25
1.1
1.65
1.55
1.34
1
2.12
4.5
4.07
4.73
2.61
1.78
1.71
1.8
3.32
1.82
1.39
1.37
1.87
1.81
2.49
2.21
2.34
3.16
2.65
1.51
1.78
1.75
0.93
1.68
0.93
0.92
0.53
0.98
0.99
0.97
1.49
1.65
2.33
4.05
3.23
3.05
1.33
0.91
1.01
1.1
0.97
1.54
1.17
0.84
0.99
1.45
3.26
3.64
3.5
1.44
1.42
1.69
0.95
1.71
1.78
0.79
0.86
0.94
1.18
1.36
1.56
1.87
1.62
1.44
2
1.72
1.34
1.95
1.84
2.43
1.44
1.33
1.9
1.2
1.27
1.67
1.97
2.18
2.77
1.82
2.52
1.97
3.37
1.84
1.34
1.09
1.15
2.05
0.84
1.32
1.61
3.68
3.41
1.96
1.91
1.69
1.72
4.19
4.88
3.87
2.64
1.54
3.48
2.1
4.03
4.68
2.85
1.72
2.83
1.64
1.72
2.62
1.21
1.04
1.52
1.73
1.57
1.24
1.71
1.9
2.16
2.76
1.55
2.03
2.19
4.28
3.01
2.41
2.9
3.58
3.11
2.66
1.77
1.79
1.51
1.81
1.82
1.87
1.77
2.58
2.04
2.24
2.2
2.01
1.34
1.67
1.23
1.83
1.61
3
3.24
2.08
1.66
2.09
2.62
2.72
1.49
2.19
1.76
1.94
2.45
2.41
3.89
1.53
1.29
1.55
1.33
1.91
1.32
2.33
1.41
3.04
2.08
2.23
2.14
1.44
1.53
1.64
1.73
3.43
2.52
1.51
1.53
2.44
1.76
2.04
1.25
2.04
2.38
2.17
1.53
1.51
1.35
1.67
1.85
3.48
1.85
1.79
1.81
2.38
2.04
1.2
2.4
1.17
1.51
2.93
2.44
3.02
2.24
1.83
1.4
1.11
1.7
1.12
2.04
2.68
2.25
1.8
1.83
1.38
2.17
2.66
1.94
1.29
3.14
2.61
1.41
1.6
2.11
1.46
1.27
1.74
1.01
0.78
1.03
1.26
2.38
1.34
1.18
0.9
1.18
1.25
1.94
1.15
1.75
2.82
1.68
1.68
1.8
1.69
1.08
1.09
1.38
1.6
1.14
1.11
1.7
1.5
1.35
0.9
1.21
1.73
1.14
1.19
1.58
2.35
1.12
1.1
2.06
1.26
1.65
1.48
1.39
1.75
2.76
1.25
1.41
1.06
1.23
1.26
1.53
1.51
1.64
1.88
1.17
1.05
1.06
1.85
3.43
1.8
1.44
1.05
1.05
0.86
1.25
0.9
1.38
2.34
1.98
1.81
1.11
1.73
1.15
1.19
1.47
2.05
2.49
1.77
3.17
1.2
1.22
1.55
2.24
2.84
1.86
1.17
1.28
1.61
3.8
2.21
1.96
1.02
0.46
0.84
2.3
1.45
0.65
0.97
0.39
0.72
0.84
1.35
1.48
1.92
3.94
4.47
1.49
0.94
1.08
0.9
1.22
1.67
0.9
1.15
1.11
0.8
0.75
0.92
0.67
0.7
0.91
1.44
0.51
0.23
0.42
1.15
1.14
1.47
0.99
1.68
0.77
0.81
0.35
0.4
1.66
3.1
2.15
1.69
2.71
1.82
1.66
0.81
1.64
1.94
2.5
1.83
3.87
2.21
1.46
2.27
1.36
1.09
1.28
1.04
1.08
1.55
1.03
1.23
1.25
0.99
1.73
1.69
1.06
2.95
1.84
1.56
3.38
3.44
1.81
1.63
1.71
2.11
1.03
2.23
2.68
2.65
1.8
1.32
1.56
1.69
2.12
1.52
2.38
1.98
1.36
1.39
3.93
2.68
1.13
1.33
1.36
1.25
1.4
2.57
2.49
3
4.83
3.54
3.03
3.21
1.31
1.27
2.65
2.56
1.41
1.06
1.08
3.47
3.92
1.79
1.71
2.3
2.44
1.58
1.66
1.99
1.99
2.27
2.69
3.17
1.65
5.02
1.47
2.18
2.27
1.45
1.3
2.07
2.16
1.61
2.51
1.8
2.85
2.61
2.8
1.8
1.71
1.77
3.7
5.37
2.74
1.38
1.5
1.43
1.47
2.05
2.52
3.53
2.04
2.59
2.82
1.4
3.32
3.49
2.49
3.74
4.19
1.83
1.73
1.75
4.45
2.24
3.61
4.55
1.54
1.42
2.54
1.99
2.55
4.34
1.04
2.98
3.03
1.78
2.66
2.43
3.58
2.74
4.02
1.48
2.31
2.74
2.54
1.46
1.99
1.74
1.59
3.86
3.78
1.39
1.36
1.99
1.46
1.72
3.19
3.47
3.23
1.53
3.97
4.47
1.73
1.71
2.3
1.16
1.69
2.54
3.58
3.02
1.75
2.06
1.91
1.6
1.64
1.45
1.46
1.48
3.65
2.44
2.6
1.74
2.29
2.59
2.04
1.71
1.15
1.98
1.85
1.32
1.41
2.44
1.29
1.57
1.14
1.93
1.98
2.05
2.08
1.86
1.48
1.33
1.25
1.38
1.48
1.61
1.69
2.15
1.9
1.62
1.68
1.78
1.77
1.98
2.11
1.68
2.08
1.36
1.55
2.05
1.72
1.91
1.53
1.54
2.63
1.97
2.01
3.13
3.1
2.01
1.08
1.26
1.39
1.79
1.56
2.03
1.35
1.4
1.24
1.87
1.03
1.61
2.58
1.52
1.55
1.37
1.71
1.64
1.41
1.29
1.3
1.41
1.53
1.43
1.27
1.12
1.64
1.56
1.65
1.47
1.68
1.66
2.27
1.69
1.66
1.27
1.61
1.97
2.03
1.44
2.3
2.01
1.49
2.99
1.55
1.83
1.44
1.32
1.6
2.01
3.14
2.98
1.31
1.63
1.26
1.32
2.13
2.39
1.87
1.82
1.74
3.96
2.89
4.81
2.93
1.43
1.22
2.03
1.17
1.7
1.17
2.01
1.89
1.61
1.95
1.59
1.43
1.02
1.35
0.98
0.88
2.14
3.15
1.74
1.8
2.54
1.12
1.13
0.84
0.95
0.93
0.52
0.67
0.84
2.61
3.67
1.98
2.02
2.26
1.49
1.6
3.17
4.08
2.7
1.27
1.72
1.72
1.08
2.72
1.94
1.22
1.55
1
1.02
1.1
1.81
0.89
1.06
0.94
0.74
0.78
0.66
1.4
1.08
2.04
4.94
2.74
2.9
1.39
0.91
1.34
1.9
1.8
1.05
1.11
1.95
4.12
2.05
1.01
1.74
1.56
1.47
3.21
3.27
1.08
1.19
1.43
1.93
1.69
1.09
1.2
2.06
1.61
3.61
1.87
2.81
2.8
1.65
1.37
1.89
2.05
1.04
1.7
1.54
3.29
1.67
1.71
0.92
1.27
0.87
1.59
1.84
1.42
1.3
0.78
2.16
1.67
2.06
0.95
1.12
2.19
0.87
0.65
3.07
3.91
1.46
1.51
0.79
1.45
1.6
2.41
2.79
4.05
4.62
2.57
1.85
1.68
2.19
2.46
3.34
2.47
2.82
2.03
4.01
1.53
0.67
1.16
1.69
1.04
2.43
1.65
2.77
2.6
2
2.07
1.61
2.43
2.13
1.41
1.3
2.37
1.67
1.91
3.7
5.09
5.14
3.03
1.34
1.42
1.91
1.26
2.11
7.18
7.45
2.06
4.78
3.16
2.49
2.47
4.55
3.26
2.17
2.41
2.98
2.59
1.36
2.5
1.43
1.26
2.67
1.46
2.49
3.13
1.47
1.31
2.05
3.25
2.79
2.65
1.66
3.74
5.64
1.57
2.07
2.25
2.7
1.66
1.9
2.62
2.86
1.92
2.44
1.96
2.32
2.03
3.93
5.56
5.01
4.39
3.15
2.35
2.26
1.95
1.71
2.42
1.92
1.99
1.85
2.05
2.22
1.9
2.93
2.91
1.63
3.62
3
2.4
5.78
3.96
3.06
3.29
2
4.69
1.95
1.82
1.91
1.66
3.36
3.36
2.26
1.65
1.46
1.22
1.51
1.35
1.67
1.46
2.21
1.51
3.16
3.53
2.04
3.57
2
2.22
1.2
1.4
1.65
1.57
1.48
2.35
2.83
2
1.67
2.07
1.57
2.22
2.15
1.76
1.73
2.25
1.34
1.89
2.09
2.18
3.54
3.88
2.74
2.34
1.5
1.5
1.86
1.31
1.33
1.51
1.77
2.24
1.73
1.43
1.33
2.31
2.05
1.55
1.62
1.73
1.5
1.45
1.74
2.21
3.43
2.64
1.8
1.53
1.95
1.47
2.32
1.41
1.76
2.39
2.19
2.98
2.09
1.59
1.63
2.24
1.46
1.6
1.43
1.57
1.6
1.76
3.06
3.18
1.66
1.17
1.16
0.96
1.31
1.21
2.03
2.37
1.6
1.33
1.69
2.01
3.06
1.16
1.06
1.58
1.57
2.34
1.7
1.59
1.82
1.51
2.13
1.85
1.57
1.32
2
1.59
1.88
1.9
2.15
1.36
1.35
1.47
1.43
1.52
1.25
0.71
1.71
2.73
1.61
2.04
1.27
1.86
1.36
0.4
1.12
0.93
0.78
2.36
2.08
1.28
1.86
1.1
1.34
2.28
1.47
1.38
2.09
2.79
1.92
1.59
4.89
1.85
1.79
1.02
1.73
3.6
1.73
2
1.15
1.22
3.48
3.16
2.92
1.64
1.38
1.42
2.09
2.77
1.82
6.34
1.18
1.53
1.83
2.14
0.94
1.52
2.52
1.34
1.3
1.79
1.92
3.67
3.34
6.56
5.59
3.71
1.63
1.62
1.21
1.67
2.22
1.64
1.34
2.26
2.14
2.31
1.41
1.64
1.82
1.36
0.74
0.71
0.87
1.78
1.28
1.58
0.87
1.22
1.17
1.16
1.08
1.23
5.33
6.49
3.17
1.99
2.94
1.84
1.51
0.72
1.63
3.61
2.28
2.27
2.65
1.61
1.2
0.77
1.45
1.38
1.09
1.11
1.16
1.8
1.34
2.87
4.82
2.71
2.01
1.39
1.77
1.22
1.35
2.19
3.77
1.21
1.41
0.84
1.27
1.23
1.83
1.66
1.41
0.89
1.58
2.21
1.05
4.76
3.12
2.92
2.65
1.42
2.6
2.97
1.5
5.37
3.31
1.62
2.39
3.02
1.53
1.21
2.71
3.31
2.05
2.79
2.64
2.29
2.98
2.73
2.8
1.71
2.12
4.16
4.85
3
2.35
2.76
2.08
2.61
2.34
1.82
1.74
2.86
3.95
2.21
1.88
3.28
2.88
4.28
5.56
4.3
2.06
1.48
1.72
2.47
3.08
1.71
2.19
1.61
1.94
2.11
2.83
1.87
2.32
1.47
1.71
2.65
3.69
2.31
2
1.23
1.73
3.02
3.36
5.37
4.62
2.77
2.66
1.53
1.82
1.54
2.41
3.21
2.31
1.26
2.06
2.61
2.72
2.56
2.58
1.94
5.23
7.87
2.49
2.59
3.12
1.78
1.65
2.26
2.58
2.3
2.21
7
10.1
6.59
1.39
2.25
3.41
3.59
3.04
3.53
3.25
2.44
2.39
1.69
3.02
2.43
1.7
4.41
3.03
2.37
1.93
1.92
1.97
1.81
1.42
1.19
1.03
1.27
1.48
1.64
2.41
1.51
2.09
2.84
2.09
1.27
1.99
1.84
1.74
1.39
1.65
1.9
1.26
1.47
1.71
1.37
2.86
3.5
2.22
2.12
2.43
1.68
2.81
2.18
1.38
1.66
2.58
1.53
1.37
2.1
1.81
1.59
1.32
2.3
2.34
2.61
2.23
1.44
2.53
2.5
1.62
2.97
1.48
1.14
1.57
1.3
1.02
1.76
1.5
1.85
1.53
1.3
1.6
1.64
1.99
2.72
1.74
1.34
1.94
1.22
1.54
1.46
1.53
1.5
1.09
1.27
1.35
2.25
1.09
1.59
1.46
0.82
1.04
1.14
1.58
1.62
1.73
1.33
1.74
1.02
1.04
2.3
2.53
2.46
2.24
1.29
1.3
0.75
1.28
1.39
1.38
2.01
1.65
2.11
1.29
1.28
0.82
0.82
1.52
1.63
1.25
1.74
1.79
1.86
2.2
1.17
0.86
1.1
1.33
1.76
0.86
1.07
1.39
1.57
0.94
0.7
0.84
2.23
3.24
4.68
2.05
2
1.02
3.15
2.76
1.25
1.3
1.74
1.03
1.73
1.36
1.5
2.75
4.16
4.96
1.09
0.94
0.82
0.87
0.8
0.63
0.84
1.52
1.41
2.57
5.43
3.85
2.22
1.47
1.79
1.71
3.2
2.89
1.6
1.94
1.2
3.52
3.03
1.94
3.25
1.34
1.57
0.95
1.43
1.49
1.37
0.89
1.64
2.36
1.31
1.17
1.07
1.8
1.38
1.27
0.91
0.55
1.84
1.25
1.21
4.08
1.52
1.14
2.66
2.37
0.96
0.75
0.74
1.4
1.39
1.66
1.62
2.16
1.94
1.9
1.34
1.86
1.85
2.67
3.87
3.38
2.86
1.19
1.48
1.62
1.82
3.08
2.5
1.94
1.4
1.08
2.21
2.5
1.94
2.36
2.21
1.65
2.02
5.25
3.62
1.56
1.04
1.17
0.81
0.76
3.74
3.66
4.32
2.41
1.13
1.9
2.17
2.13
1.63
1.43
1.46
1.25
2.44
3.33
5.42
2.35
4.16
2.28
1.69
1.6
1.93
2.35
2.51
2.07
1.85
1.68
1.16
1.39
2.04
6.19
2.55
2.01
2.87
5.95
3.98
2.07
1.54
2.21
3.05
2.85
2.58
5.04
4.34
2.53
1.9
1.94
2.02
4.24
6.22
3.74
1.63
1.63
1.67
1.77
1.85
2.11
1.9
2.79
3.08
2.16
3.25
2.53
1.62
2.64
4.49
2.93
2.65
4.6
5.09
4.46
2.97
1.41
4.14
4.47
5.57
3.51
2.19
2.75
1.97
2.11
2.64
2
2.76
2.83
2.89
3.93
1.89
3.52
3.54
2.72
2.87
2.04
3.42
2.42
4.88
2.88
3.07
2.12
4.68
2.37
1.27
1.63
3.44
2.77
1.93
2.07
1.85
3.14
2.82
2.93
2.91
2.01
1.44
1.28
2.03
1.93
2.34
2.53
2.84
5.41
2.41
2.65
1.93
3.18
4.46
2.18
2.32
2.18
1.55
1.68
1.44
1.49
2.82
1.46
1.38
1.35
1.46
2.97
1.91
1.41
2.93
3.99
1.95
2.36
2.2
3.53
1.54
1.47
1.32
1.41
2.71
1.74
1.37
1.46
2.46
1.52
2.43
1.45
1.07
1.48
1.21
1.58
0.94
1.43
1.21
2.4
2.2
1.76
0.96
1.39
1.25
1
0.64
1.36
0.96
0.87
1.65
1.81
1.02
1.05
1.42
2.21
1.3
1.85
1.2
0.85
0.79
1.28
1.08
1.47
1.44
1.28
1.05
1.22
1.32
1.17
1.09
1.24
1.21
1.27
1.28
1.43
1.4
1.43
1.49
1.17
1.24
1.24
1.55
2.56
1.34
1.58
1.5
3.41
1.65
1.32
2.04
1.59
1.26
1.94
2.62
2.62
1.91
1.01
1.07
1.46
1.6
1.33
1.13
1.62
1.92
0.63
1.5
2.31
2.74
1.76
4.7
3.93
2.22
1.82
2.4
1.64
1.71
1.57
2.39
3.63
3.75
3.51
3.03
2.54
2.29
1.23
1.01
2.76
3.64
0.69
1.03
0.61
0.58
0.28
2.21
4.27
1.07
0.82
2.07
1.17
0.89
0.93
0.9
2.46
2.2
0.76
1.78
1.26
1.37
0.32
0.9
1.07
1.8
1.19
0.91
0.9
0.72
1.07
1.33
0.82
0.99
1.22
0.78
1.07
1.06
1.14
0.89
1.41
0.86
0.99
1.32
0.95
0.98
1.24
1.07
2.65
1.62
0.81
0.87
0.74
0.94
1.89
2.99
0.93
1.81
1.65
1.75
0.98
0.52
0.79
1.58
0.94
0.47
0.66
1.05
1.93
1.09
0.68
1.04
0.51
0.57
0.82
2.12
1.04
0.88
1.85
0.79
0.88
0.92
1.02
0.5
0.69
0.44
0.95
0.73
1.06
1.05
0.32
1.46
1.65
2.13
0.89
1.08
1.03
0.75
0.45
0.61
2.29
1.78
1.56
1.99
1.07
2.59
2.36
1.67
1.03
0.43
1.67
0.7
0.63
1.03
0.7
1.37
0.72
1.62
0.92
2.25
1.93
1.03
0.76
1.35
1.71
1.78
2.2
6.11
4.76
5.05
2.17
1.12
1.45
1.64
1.88
1.8
2.83
1.37
0.69
1.47
2.48
1.88
3
2.37
1.89
2.22
1.67
2.11
0.54
1.9
1.31
2.66
3.81
4.7
5.13
3.05
1.79
0.62
1.21
3.27
3.66
2.65
4.17
3.33
1.84
1.64
0.97
0.86
2.08
1.5
1.5
1.05
2.89
4.22
1.13
0.94
1.45
2.38
2.15
2.82
4.69
4.57
1.9
3.13
4.85
4.45
2.61
1.96
2.52
1.82
1.59
1.27
1.38
3
1.82
3.55
6.3
6.02
3.22
3.46
1.78
1.82
1.47
1.32
4.37
2.87
3.62
1.96
0.46
1.09
1.86
2.21
2.98
3.89
4.84
3.28
1.51
1.28
1.69
1.59
1.56
0.36
0.87
2.75
1.17
2.19
1.01
0.82
0.89
2.06
1.45
1
2.61
3.13
0.95
2.05
0.79
1.75
1.63
3.05
4.14
2.19
1.83
0.62
0.5
0.78
1.13
1.76
1.28
1.33
0.82
1.12
1.33
0.76
0.87
1.18
0.96
2.3
3.72
1.79
1.55
1.37
0.66
0.74
1.07
1.32
1.83
1.92
1.83
1.75
1.49
1.67
1.12
2.06
2.05
1.31
1.61
1.56
1.39
1.69
1.47
1.51
2.24
1.84
2.38
2.71
3.29
5.01
1.74
1.15
1.1
1.49
1.25
1.53
0.96
1.93
1.24
1.64
1.32
1.57
1.36
1.24
2.17
1.35
1.3
1.53
1.82
1.8
2.98
2.47
1.26
1.38
1.72
1.57
1.27
1.09
1.35
1.43
1.31
1.54
0.82
0.77
1.13
1.27
2.36
2.78
1.9
1.06
1.05
1.19
1.33
1.58
1.72
1.21
1.11
1.54
1.22
1.61
1.71
2.57
2.09
1.45
1.56
1.53
1.02
1.29
0.98
1.02
1.85
3.04
1.69
0.77
3.41
4.15
1.48
1.62
1.1
1.1
1.2
0.99
0.92
1.62
1.54
1.21
2.02
0.73
1.34
3.38
3.48
1.33
1.1
1.01
1.02
1.2
2.14
1.59
1.39
1.93
1.05
1.06
1.72
1.28
0.75
1.12
1.09
1.47
2.14
3.39
3.04
1.99
0.91
0.96
0.76
0.89
1.01
1.46
1.38
1.4
1.79
2.93
3.51
0.87
1.16
1.02
1.26
1.53
4.4
2.37
1.48
1.84
1.19
0.94
4.16
3.29
2.71
3.17
3.16
2.4
1.39
1
0.45
1.18
3.59
2.48
1.58
1.03
2.33
1.04
0.55
0.93
0.81
1.31
1.36
0.79
1.33
0.91
2.27
1.46
0.81
1.08
0.67
1.44
1.1
1.27
1.59
1.13
0.53
0.24
0.16
0.64
1.01
2.87
3.38
2.72
1.05
1.02
1.07
0.71
1.54
1.55
4.35
6.42
3.39
0.85
1.87
1.38
2.11
2.33
2.39
0.97
1.04
1.84
3.9
2.33
1.02
1.14
1.2
1.13
0.78
1.26
1.79
0.87
1.84
0.65
0.25
0.83
0.39
0.59
0.45
4.98
2.26
1.96
3.4
2.63
2.04
1.04
0.78
1.35
1.32
1.26
1.62
1.06
1.48
1.28
1.6
1.57
1.6
1.71
2.34
4.63
2.77
1.66
2.38
4.1
6.66
2.18
2
3.27
5.34
3.97
1.94
2.89
3.39
1.36
4.89
4.27
2.72
1.74
1.79
1.26
1.38
2.65
1.42
1.74
1.65
1.87
2.07
2.24
2.45
1.68
3.36
1.3
1.94
2.15
1.57
2.63
3.1
1.8
2.96
3.16
1.59
3.43
1.54
2.46
1.25
1.67
2.72
2.38
1.96
1.41
1.57
2.64
1.79
3.19
7.82
7.41
2.37
2.62
2.71
3.02
6.28
5.05
3.05
2.24
1.15
1.72
2.2
1.92
1.56
2.22
1.8
2.77
1.75
2.58
3.27
2.23
4.42
3.71
1.84
1.92
2.24
2.85
1.89
2.75
3.4
3.89
4.78
2.14
2.04
1.85
2.89
2.46
2.54
1.59
2.18
1.56
1.74
1.63
1.6
1.39
2.84
1.28
2.69
1.59
1.56
1.59
1.3
1.91
1.79
1.51
1.63
1.28
1.43
2.35
3.71
1.59
2.06
1.92
1.51
1.85
1.71
1.62
1.7
2.43
2.81
4.5
3.58
1.65
2.01
2.31
1.26
1.97
1.55
1.5
1.71
1.52
2.32
1.47
1.64
2.06
1.05
2.43
2.42
1.36
1.47
2
1.3
1.24
1.4
1.76
1.78
1.45
1.55
0.66
1.17
1.5
1.93
1.1
1.84
2.08
1.76
1.85
1.86
3.06
2.07
1.54
1.31
2
1.89
1.13
1.82
1.31
1.22
1.12
1.21
1.9
2.42
2.08
1.94
1.34
1.22
1.25
1.11
1.19
1.64
1.51
1.19
1.8
1.37
1.37
1.81
3.24
1.39
1.64
1.42
1.48
1.4
3.36
1.91
1.21
1.2
2.86
4.2
1.14
1.18
1.53
0.67
3.23
3.36
2.63
1.42
1.38
0.61
0.85
1.42
0.71
0.94
1.05
1.15
0.95
1.09
1.33
2.05
2.28
1.78
1.78
0.82
1
1.4
1.09
1.44
1.13
1.13
0.9
1
0.82
1.49
0.74
0.63
0.62
1.47
4.8
5.52
1.38
1.13
1.67
1.14
3.66
1.76
0.99
1.01
1.42
0.97
2.47
2.92
2.55
2.22
0.78
0.73
1.06
1.03
1.52
4.76
3.78
1.19
0.57
1.26
1.07
0.95
1.6
0.9
1.87
1.86
0.7
2.94
2.03
1.63
1.99
1.38
0.95
0.59
1.88
1.87
1.42
1.07
0.96
0.8
2.49
1.06
4.17
5.19
4.15
1.61
2.32
1.72
1.23
1.19
1.41
1.23
0.65
1.02
1.02
1.73
1.32
1.07
2.44
3.58
2.05
1.2
1.79
2.02
1.94
1.39
2.32
1.67
2.25
3.72
1.29
0.81
1.14
0.89
0.84
1.7
2
1.71
1.21
2.38
1.25
2.75
1.25
2.25
2.82
1.73
0.88
1.67
1.6
1.02
0.95
1.25
1.51
1.96
1.36
4.96
1.47
1.65
1.35
1.21
1.46
1.8
1.43
0.75
1.5
1.7
1.14
3.15
3.49
2
1.83
1.77
2.76
1.64
2.73
2.79
3.49
2.46
3.52
3.68
4.36
4.5
1.83
2.34
1.12
1.06
1.9
1.82
1.07
1.41
2.28
2.3
3.06
3.14
5.32
1.59
1.65
2.71
1.57
2.64
1.11
0.63
1.11
3.28
1.75
2.23
2.11
1.23
1.24
1.48
1.48
1.99
1.6
3.64
2.85
2.49
5.48
6.73
2.42
2.99
2.12
3.23
2.96
4.26
3.43
2.11
4.22
1.5
1.79
1.89
2.96
3.36
2.72
2.28
2.32
1.73
2.15
1.67
2.28
2.93
1.65
2.31
2.71
4.33
3.22
2.17
2.5
3.72
3.11
3.1
2.1
1.92
1.69
1.47
1.41
1.87
1.98
1.85
2.3
1.73
1.57
1.55
2.46
1.84
1.51
1.64
1.37
1.36
1.81
0.96
1.37
1.32
1.74
1.39
1.27
1.55
1.81
1.67
1.66
1.34
1.69
0.99
1.36
1.6
1.11
1.59
1.83
1.92
3.72
3.24
2.37
1.73
3.2
2.72
1.54
2.34
1.85
1.47
0.95
1.34
1.97
2.95
2.37
2.96
2.68
1.35
1.38
0.87
1.39
2.04
1.53
2.69
1.75
2.1
1.58
1.22
1.25
1.17
1.71
1.73
1.29
2.14
2.58
1.65
0.94
1.74
1.05
2.46
2.31
2.35
2.14
1.31
1.14
1.64
1.99
2.12
1.62
1.44
1.4
0.99
1.34
0.91
1.49
1.34
1.45
1.96
1.06
1.4
1.77
1.47
2.07
1.5
1.04
0.95
1.26
1.32
1.66
1.21
1.14
1.38
1.38
2.43
1.6
1.07
1.14
0.93
1.14
2.02
1.53
1.13
1.28
1.63
1.3
1.21
1.18
1.04
1.12
1.59
1.21
0.85
1.88
0.99
1.15
1.16
1.64
0.91
0.95
1.62
1.58
2.05
3.3
2.59
1.79
1.24
1.45
3.41
1.58
1.38
1.08
1.35
0.99
1.62
1.87
0.88
1.01
0.77
1.14
1.02
0.71
1.11
1.28
0.89
0.73
0.82
0.86
1.54
1.41
3.48
1.69
1.59
2.54
2.13
2.39
2.63
1.99
3.7
5.36
2.55
2.3
0.83
0.88
0.7
1.03
1.11
1.75
0.94
1
2.08
2.42
1.8
0.92
0.94
1.08
1.65
1.95
0.95
1.19
1.37
0.57
0.41
1.94
1.94
1.21
2.82
2.7
2.71
1.15
1.55
1.19
1.17
0.62
1.62
1.73
1.49
1.56
1.68
1.89
1.82
1.56
0.85
0.96
1.82
2.39
1.42
0.45
0.67
2.02
1.26
1.79
1.89
1.05
2.42
1.43
0.86
1.16
0.97
1.22
1.21
2.25
1.44
3.2
4.12
2.89
1.48
2.95
1.61
1.21
1.08
2.72
2.89
1.37
1.98
2.98
1.9
1.42
3.48
1.21
0.73
0.73
0.6
0.82
0.99
1.74
1.7
1.38
1.59
1.21
0.87
0.94
1.11
3.64
3.52
2.27
1.76
0.74
1.53
1.77
1.23
1.76
4.21
2.69
4.97
1.3
1.8
1.87
1.81
1.35
1.61
1.42
1.46
1.53
4.45
3.55
1.2
1.63
3.64
3.01
2.5
1.71
1.68
1.93
4.41
2.17
3.55
6.23
2.29
2.04
3.96
2.47
2.38
2.34
2.05
1.96
2.45
4.23
1.78
1.87
2.67
1.64
1.38
1.6
1.71
2.07
2.99
2.31
1.85
2.1
1.66
1.86
2.85
2.04
3.19
3.63
2.42
0.83
1.98
2.74
2.57
2.33
2.95
3.45
2.35
1.62
2.08
1.83
2.83
1.91
1.98
1.52
1.61
2.34
1.89
3.8
5.49
3.78
2.26
2.65
2.67
2.33
3.2
2.68
2.05
1.32
6.48
5.8
1.91
3.89
2.39
1.86
2.59
5.03
6.76
5.87
2.42
1.04
1.49
1.14
1.21
3.83
2.88
2.03
1.83
1.82
1.61
1.46
1.2
1.43
2.92
3.06
2.48
2.95
1.95
1.77
1.73
1.41
1.68
2.56
2.71
1.27
1.65
1.73
2.05
2.18
1.21
1.42
2.66
2.2
1.26
1.52
1.19
1.39
1.6
1.54
2.23
1.13
1.55
1.85
2.49
1.61
2.27
1.98
1.41
1.62
1.24
1.16
1.81
1.9
1.25
1.11
1.93
1.4
1.27
1.44
2.05
2.1
1.44
1.33
1.53
1.6
1.91
1.53
1.14
1.67
1.3
1.33
1.35
1.91
1.6
1.51
1.12
1.6
1.14
0.88
1.36
1.23
1.44
1.23
1.79
1.09
1.35
1.63
1.63
1.41
2.31
1.78
1.27
0.9
1.5
1.64
1.61
1.26
2.32
1.26
1.38
1.64
1.26
1.41
0.89
0.95
0.67
1.48
0.97
1.37
2.51
2.73
1.33
1.23
2.23
1.4
1.47
1.41
1.41
0.92
1.54
1.2
1.49
1.38
1.34
1.27
2.08
1.68
1.35
1.56
2.37
1.49
1.24
1.13
1.18
1.66
0.92
2.07
1.47
2.66
1.86
2
1.59
1.47
2.34
1.41
2.45
2.76
1.26
1.75
1.7
0.9
1.02
3.28
1.68
1.48
1.02
2.71
5.52
2.91
0.74
1.11
2.01
1.21
1.51
0.8
1.55
1.23
1.22
0.33
1.74
2.1
3.74
2.13
2.17
0.81
1.29
0.74
2.06
0.88
1.51
1.53
1.71
0.86
1.95
2.21
1.29
2.6
0.88
1.51
1.97
1.82
2.48
0.67
0.68
0.43
2.22
0.66
1.03
1.66
2.07
0.98
1.21
1.48
1.85
0.69
0.71
1.3
1.13
3.08
1.09
0.56
2.15
2.06
1.51
3.29
4.28
3.52
2.27
4.19
3.34
1.79
2.97
1.52
1.56
1.19
1.3
4.41
3.67
1.3
1.29
1.07
1.07
0.83
1.1
3.26
1.22
0.96
1.25
1.04
0.87
1.7
1.39
1.13
0.8
0.85
0.71
1.23
0.49
1.97
1.56
1.41
0.68
1.58
1.14
0.41
0.5
0.85
2.49
1.54
2.24
2.07
2.46
2.47
1.4
3.6
6.83
2.23
1.97
2.11
2.26
4.99
3.27
1.62
2.86
2.55
1.85
2.83
2.82
1.53
1.62
1.75
3.34
2.52
2.08
2.8
2.74
1.67
2.97
4.01
4.57
3.58
3.64
2.48
2.02
3.32
2.44
2.49
2.09
1.07
1.95
1.8
1.66
1.64
1.72
1.97
2.1
1.46
1.47
1.87
1.62
3.32
4.55
5.34
4.67
2.42
2.11
1.88
1.88
2.66
3.9
2.29
1.89
2.09
1.85
2.75
2.2
2.48
1.87
1.81
1.85
2.53
1.74
2.24
2.53
4.17
2.01
2.06
2.01
1.8
2.4
1.74
2.27
1.73
1.73
2.48
3.1
1.59
1.92
3.09
2.09
2.52
2.37
1.67
2.65
1.83
2.12
3.04
1.96
1.74
1.25
3.12
5.18
3.11
2.76
3.72
2.56
1.36
1.04
1.44
1.33
3.91
2.84
1.18
2.26
2.84
1.76
4.32
3.36
3.37
3.4
2.43
1.95
2.91
2.95
1.59
4.37
1.42
1.68
2.61
2.03
1.07
1.36
1.32
1.38
1.09
2.06
1.42
1.96
1.23
1.16
1.34
1.91
1.38
3.49
3.82
2.07
1.55
1.98
1.14
1.34
2.18
1.25
1.27
1.52
1.35
1.6
1.31
2
1.45
1.49
1.34
1.45
2.96
2.53
1.47
1.15
1.54
0.81
1.47
1.4
1.36
1.28
1.84
1.27
1.05
1.19
1.73
1.22
1.31
1.71
1.73
1.02
0.9
0.92
0.94
0.78
1.77
2.56
1.65
1.85
1.5
1.32
0.95
1.14
0.88
1.63
0.83
1.09
1.12
1.41
1.21
1.28
0.96
1.15
1.53
0.87
1.13
1.41
1.55
1.14
1.44
1.73
2.04
1.49
1.94
0.9
0.98
1.13
1.29
2.56
2.16
1.05
1.23
1.59
1.35
0.83
1.42
1.18
1.06
1.15
3.12
1.9
1.08
1.06
0.9
0.99
1.84
1.37
2.53
1.13
1.44
1.55
0.84
1.62
1.24
1.83
2.63
3.92
2.15
2.31
1.3
1.01
1.2
0.99
2.08
2.46
2.99
1.95
2.01
1.14
0.54
0.67
0.9
1.85
3.2
1.07
0.81
0.78
1.44
3.54
1.6
0.79
0.74
0.76
1.1
1
0.69
0.64
1.94
2.52
0.9
1.16
0.7
0.36
0.6
0.36
0.68
0.81
1.11
1.45
1.47
0.88
1.46
1.37
2.71
1.66
1.51
0.88
1.03
1.77
0.71
0.59
0.83
1.32
0.9
1.09
1.18
0.71
1.21
0.97
1.53
2.1
1.57
1.78
1.15
1.79
1.46
0.66
1.46
2.34
0.41
0.44
0.72
1.5
0.78
0.73
0.85
1.71
1.53
1.59
2.5
1.01
2.72
3.33
1.2
1.21
